VOM19980617.0900.0171: 0.2999433053
VOM19980625.0730.0090: 0.286038776774
VOM19980613.0700.0112: 0.257539376819
VOM19980505.0700.0384: 0.254142622855
VOM19980620.0730.0003: 0.247435829653
VOM19980223.0700.0562: 0.24532276082
VOM19980326.0900.1939: 0.243854803882
VOM19980511.0730.0066: 0.241807790302
VOM19980618.0700.0315: 0.24083635155
VOM19980414.0900.0040: 0.238751149085
VOM19980613.0730.0031: 0.23805860524
VOM19980302.0700.0653: 0.232172716665
VOM19980223.0700.2892: 0.231485136831
