VOM19980531.0700.0120: 0.344930137164
VOM19980605.0900.0007: 0.341630104131
VOM19980605.0730.0003: 0.341630104131
VOM19980530.0700.0107: 0.340197146545
VOM19980607.0700.0045: 0.336484887609
VOM19980605.0700.0097: 0.32649990308
VOM19980529.0700.0168: 0.317140860456
VOM19980520.0700.0074: 0.317132501965
VOM19980625.0700.0404: 0.315147425753
VOM19980529.0700.0100: 0.314107825434
VOM19980627.0730.0001: 0.3074911174
VOM19980612.0700.0080: 0.306719179466
VOM19980520.0900.0081: 0.305347753478
