VOM19980626.0730.0070: 0.300860833907
VOM19980626.0900.0075: 0.300860833907
VOM19980223.0700.0240: 0.287232821881
VOM19980626.0700.0131: 0.286493767769
VOM19980303.0700.0179: 0.273514263981
VOM19980501.0700.0297: 0.258812189637
VOM19980303.0700.0976: 0.256021420774
VOM19980623.0900.0051: 0.253418224638
VOM19980220.0700.0772: 0.253418224638
VOM19980630.0730.0043: 0.251432676485
VOM19980303.0700.0783: 0.250739067781
VOM19980304.0700.0774: 0.246828624247
VOM19980221.0700.0119: 0.242000966457
