VOM19980222.0700.0448: 0.332816021563
VOM19980325.0900.0905: 0.331068219252
VOM19980327.0900.1545: 0.315992484886
VOM19980325.0900.3063: 0.313852612128
VOM19980316.0900.2774: 0.311843150531
VOM19980312.0900.2795: 0.308591164249
VOM19980317.0900.2819: 0.307773507997
VOM19980326.0900.2164: 0.305835368394
VOM19980326.0700.2359: 0.302746122249
VOM19980403.0900.0619: 0.300521355918
VOM19980226.0900.2027: 0.30020782822
VOM19980326.0900.1939: 0.295017476047
VOM19980220.0700.2208: 0.294260018737
