VOM19980220.0700.2814: 0.303787534619
VOM19980403.0700.2289: 0.234134419158
VOM19980220.0900.3559: 0.233904352676
VOM19980220.0700.0707: 0.228360502237
VOM19980224.0900.3022: 0.228112149252
VOM19980221.0700.3085: 0.221550051256
VOM19980223.0700.1511: 0.221044334026
VOM19980427.0900.0010: 0.218797487247
VOM19980630.0700.0507: 0.216846139301
VOM19980627.0700.0572: 0.216641794407
VOM19980316.0900.1667: 0.216003024064
VOM19980316.0900.0475: 0.20890126859
VOM19980503.0700.0218: 0.205464030301
