VOM19980302.0900.0871: 0.266518641861
VOM19980223.0900.0629: 0.266285776454
VOM19980303.0700.0783: 0.263568335696
VOM19980225.0700.0757: 0.261395037016
VOM19980404.0700.0406: 0.260358500114
VOM19980305.0700.1234: 0.259042198533
VOM19980326.0900.2164: 0.255522106174
VOM19980326.0700.2359: 0.251871790371
VOM19980220.0900.2583: 0.250370345634
VOM19980403.0700.2182: 0.249869970642
VOM19980226.0900.2027: 0.246921049807
VOM19980304.0700.0774: 0.245540533919
VOM19980227.0900.1346: 0.244637657429
