VOM19980319.0700.2536: 0.324836292648
VOM19980222.0700.0448: 0.321559896991
VOM19980302.0700.2840: 0.316969735392
VOM19980404.0700.1788: 0.31168852892
VOM19980315.0700.2184: 0.310160134391
VOM19980404.0700.1061: 0.304170175269
VOM19980306.0700.1383: 0.300383644343
VOM19980220.0900.2583: 0.296381418596
VOM19980627.0700.0466: 0.291729982996
VOM19980304.0700.0464: 0.290900024037
VOM19980403.0700.0259: 0.290525311712
VOM19980403.0900.0431: 0.288888146638
VOM19980223.0700.2728: 0.288738775498
