VOM19980605.0730.0003: 0.33596597198
VOM19980605.0700.0097: 0.327448481671
VOM19980530.0700.0107: 0.326607592922
VOM19980605.0900.0007: 0.320694791435
VOM19980530.0730.0037: 0.315440148938
VOM19980529.0700.0168: 0.310110692059
VOM19980530.0730.0003: 0.304791044915
VOM19980529.0700.0100: 0.302419585327
VOM19980606.0730.0060: 0.299668141491
VOM19980626.0730.0153: 0.298507462687
VOM19980612.0700.0038: 0.292372506397
VOM19980606.0700.0098: 0.28795614186
VOM19980613.0700.0112: 0.28751279111
