VOM19980221.0700.3085: 0.29352715733
VOM19980303.0900.2535: 0.23261645397
VOM19980224.0900.3022: 0.223500520749
VOM19980403.0700.0727: 0.223120455152
VOM19980305.0700.1706: 0.221439313978
VOM19980326.0700.1085: 0.219078204592
VOM19980222.0700.1016: 0.213893359832
VOM19980317.0700.2928: 0.213830843753
VOM19980304.0700.1615: 0.213737480669
VOM19980319.0900.0647: 0.212499842352
VOM19980304.0900.1406: 0.210808100658
VOM19980305.0900.2335: 0.209632507072
VOM19980325.0900.0676: 0.209302568816
