VOM19980527.0700.0042: 0.330971836231
VOM19980403.0700.0259: 0.328936913123
VOM19980527.0900.0008: 0.328390372402
VOM19980630.0730.0136: 0.325845844881
VOM19980319.0700.0352: 0.31895261283
VOM19980624.0700.0434: 0.317933531999
VOM19980527.0730.0003: 0.316227766017
VOM19980302.0900.0510: 0.315964884389
VOM19980326.0700.0480: 0.31579308847
VOM19980302.0700.2840: 0.314385661882
VOM19980404.0700.1788: 0.314299968576
VOM19980624.0700.0158: 0.310880914179
VOM19980624.0730.0079: 0.301321176571
