VOM19980527.0900.0008: 0.331594256783
VOM19980511.0900.0039: 0.329541021829
VOM19980228.0700.0268: 0.322189739709
VOM19980527.0730.0003: 0.319312988013
VOM19980302.0700.2840: 0.310398402555
VOM19980302.0900.0510: 0.308045902259
VOM19980303.0700.0324: 0.306945738323
VOM19980619.0700.0040: 0.304311874539
VOM19980527.0700.0042: 0.300780815598
VOM19980530.0730.0138: 0.300122523999
VOM19980222.0700.0448: 0.294817553593
VOM19980619.0730.0076: 0.294058817646
VOM19980630.0730.0136: 0.293772235728
