VOM19980618.0700.0114: 0.268089960931
VOM19980226.0900.3196: 0.261764536402
VOM19980222.0700.0448: 0.260285248986
VOM19980306.0700.0593: 0.24987025343
VOM19980317.0900.2819: 0.24433222929
VOM19980325.0900.3063: 0.24025974026
VOM19980326.0700.2359: 0.236231608801
VOM19980326.0900.2164: 0.236231608801
VOM19980220.0700.0620: 0.232748079836
VOM19980618.0730.0119: 0.228571428571
VOM19980223.0900.3502: 0.228571428571
VOM19980223.0900.1900: 0.228571428571
VOM19980529.0700.0392: 0.225876975726
