VOM19980625.0700.0404: 0.357365210359
VOM19980606.0700.0150: 0.345233321844
VOM19980612.0700.0080: 0.33277916282
VOM19980606.0730.0028: 0.326055658376
VOM19980603.0730.0115: 0.319440663516
VOM19980319.0900.2169: 0.308360619353
VOM19980225.0900.0714: 0.297929050657
VOM19980614.0730.0072: 0.292881617094
VOM19980515.0700.0170: 0.290803363451
VOM19980529.0700.0168: 0.286451851365
VOM19980527.0700.0094: 0.284120587163
VOM19980604.0730.0143: 0.282785007136
VOM19980604.0900.0124: 0.282785007136
