VOM19980312.0900.0306: 0.269781549425
VOM19980428.0900.0156: 0.258557250627
VOM19980502.0730.0193: 0.2484519975
VOM19980303.0700.0179: 0.248030534945
VOM19980223.0900.0886: 0.244860813125
VOM19980302.0700.1233: 0.244665965883
VOM19980626.0700.0365: 0.2432668164
VOM19980327.0900.0757: 0.239697498502
VOM19980607.0700.0045: 0.236939551104
VOM19980403.0700.3400: 0.235824990037
VOM19980220.0900.2583: 0.235772399442
VOM19980303.0700.0783: 0.232506149628
VOM19980220.0700.3434: 0.230795905284
