VOM19980428.0900.0156: 0.296695414548
VOM19980508.0700.0421: 0.262244174468
VOM19980224.0700.1724: 0.261485731415
VOM19980311.0700.0279: 0.25655016046
VOM19980503.0700.0096: 0.25652669801
VOM19980506.0700.0506: 0.256305800643
VOM19980224.0900.2029: 0.255782733792
VOM19980223.0700.0882: 0.254310355327
VOM19980221.0700.0119: 0.253723043359
VOM19980223.0900.1935: 0.253594934188
VOM19980626.0700.0365: 0.252563909281
VOM19980224.0900.0173: 0.251754407489
VOM19980626.0700.0131: 0.248981260981
