VOM19980220.0700.2814: 0.341833714763
VOM19980221.0700.3085: 0.250721408649
VOM19980220.0700.0707: 0.246681833497
VOM19980530.0700.0512: 0.243829924547
VOM19980223.0900.3535: 0.228160699247
VOM19980627.0700.0572: 0.221021661184
VOM19980403.0700.2289: 0.216034971451
VOM19980303.0900.2177: 0.215319050977
VOM19980220.0900.3559: 0.210558721903
VOM19980325.0900.0356: 0.208030176883
VOM19980224.0700.0481: 0.199776375619
VOM19980223.0700.1511: 0.198982241775
VOM19980311.0700.1883: 0.198621785503
