VOM19980224.0700.0588: 0.325827611438
VOM19980314.0700.1946: 0.319971559348
VOM19980314.0700.0275: 0.319971559348
VOM19980315.0700.2184: 0.319153872987
VOM19980403.0900.3300: 0.30225166106
VOM19980630.0730.0136: 0.301248551375
VOM19980404.0700.1061: 0.300518126381
VOM19980623.0730.0001: 0.300459386362
VOM19980403.0900.2034: 0.299149232757
VOM19980511.0900.0039: 0.295686676444
VOM19980303.0700.1291: 0.295222238001
VOM19980624.0700.0434: 0.295149795971
VOM19980403.0700.0129: 0.293229889967
