VOM19980319.0900.3295: 0.416505345115
VOM19980319.0700.0108: 0.395577402643
VOM19980319.0900.0095: 0.383766450401
VOM19980319.0900.1855: 0.380058475033
VOM19980314.0700.1911: 0.32686022523
VOM19980316.0900.1861: 0.322251693318
VOM19980314.0700.0239: 0.316227766017
VOM19980316.0900.1667: 0.285383742404
VOM19980319.0700.2216: 0.270043346235
VOM19980303.0700.0628: 0.264209695668
VOM19980305.0700.0354: 0.255654996282
VOM19980327.0900.2123: 0.251039505523
VOM19980428.0900.0189: 0.246008322141
