VOM19980427.0900.0219: 0.371584058651
VOM19980510.0700.0040: 0.347839238027
VOM19980510.0730.0001: 0.347610893577
VOM19980508.0900.0007: 0.341958307212
VOM19980508.0730.0003: 0.341588723109
VOM19980503.0730.0027: 0.330166641446
VOM19980504.0730.0002: 0.325037387093
VOM19980504.0900.0001: 0.325037387093
VOM19980507.0700.0242: 0.317272422875
VOM19980327.0900.0221: 0.315135438863
VOM19980421.0900.0012: 0.315135438863
VOM19980508.0700.0362: 0.314357005137
VOM19980509.0700.0089: 0.306583309914
