VOM19980531.0700.0120: 0.249010408301
VOM19980528.0900.0006: 0.226082131968
VOM19980624.0700.0523: 0.225175987512
VOM19980404.0700.1788: 0.219013806799
VOM19980603.0700.0103: 0.218831725176
VOM19980529.0700.0168: 0.21689895699
VOM19980627.0700.0275: 0.210983405901
VOM19980520.0700.0129: 0.209795339574
VOM19980527.0700.0094: 0.209472328852
VOM19980317.0900.3492: 0.206411321886
VOM19980407.0900.0109: 0.206167480901
VOM19980618.0730.0234: 0.205959270754
VOM19980520.0730.0078: 0.205556612948
