VOM19980220.0900.2583: 0.250148765262
VOM19980222.0700.0448: 0.24380997931
VOM19980221.0700.2690: 0.243076121855
VOM19980505.0700.0384: 0.242091013068
VOM19980628.0700.0407: 0.241752622739
VOM19980531.0730.0076: 0.238144836104
VOM19980325.0900.3063: 0.236598441064
VOM19980325.0900.0905: 0.23546562845
VOM19980223.0700.1993: 0.233873832861
VOM19980327.0900.1545: 0.233645735253
VOM19980223.0900.2288: 0.23358286499
VOM19980531.0700.0235: 0.233284737408
VOM19980404.0700.0406: 0.23149329146
