VOM19980609.0700.0520: 0.265545720091
VOM19980404.0700.0406: 0.265096292509
VOM19980610.0730.0140: 0.264743275471
VOM19980403.0900.2970: 0.261116483934
VOM19980424.0900.0246: 0.25974025974
VOM19980227.0900.0358: 0.257373117502
VOM19980527.0730.0233: 0.257306278104
VOM19980220.0900.0330: 0.255445201836
VOM19980403.0900.0173: 0.25264557632
VOM19980423.0900.0253: 0.249911436497
VOM19980616.0700.0538: 0.249310343514
VOM19980302.0900.0368: 0.248542466418
VOM19980317.0700.0510: 0.247423206342
