VOM19980428.0900.0156: 0.290190500044
VOM19980224.0700.1530: 0.284985619772
VOM19980626.0700.0131: 0.28005082669
VOM19980505.0700.0438: 0.275755051431
VOM19980626.0730.0070: 0.269130224416
VOM19980626.0900.0075: 0.269130224416
VOM19980403.0900.1941: 0.265492641025
VOM19980224.0700.0299: 0.256099676951
VOM19980618.0700.0462: 0.255963359447
VOM19980403.0700.2182: 0.254914399388
VOM19980304.0700.0774: 0.253938459602
VOM19980607.0700.0045: 0.252631578947
VOM19980225.0900.1874: 0.252578410141
