VOM19980303.0700.0179: 0.273514263981
VOM19980224.0900.0173: 0.26693704863
VOM19980224.0900.3361: 0.261534368901
VOM19980224.0900.2029: 0.25941664685
VOM19980224.0700.1530: 0.257902620126
VOM19980223.0900.0154: 0.257349548993
VOM19980223.0900.1740: 0.255331089993
VOM19980223.0700.0197: 0.255331089993
VOM19980223.0700.0240: 0.254406213666
VOM19980303.0700.0783: 0.250739067781
VOM19980428.0900.0156: 0.249482222433
VOM19980326.0900.0118: 0.249136439561
VOM19980223.0900.3362: 0.245959483972
