VOM19980326.0900.1939: 0.24501680839
VOM19980506.0700.0208: 0.244592536542
VOM19980624.0700.0288: 0.244506518415
VOM19980325.0900.0905: 0.240358844021
VOM19980312.0900.2408: 0.240339274278
VOM19980404.0700.1061: 0.240163857637
VOM19980223.0900.0886: 0.239084464049
VOM19980404.0700.0676: 0.237646593947
VOM19980403.0700.1169: 0.237233204001
VOM19980302.0700.1749: 0.23258208548
VOM19980327.0900.1545: 0.232313602233
VOM19980403.0900.3074: 0.231403378167
VOM19980302.0700.0653: 0.231246121351
