VOM19980624.0700.0158: 0.387957131493
VOM19980403.0700.0259: 0.359178510187
VOM19980624.0730.0079: 0.334796203584
VOM19980326.0700.0480: 0.334376995654
VOM19980504.0700.0222: 0.325324817581
VOM19980527.0700.0042: 0.324626430911
VOM19980404.0700.1788: 0.324038218408
VOM19980624.0900.0112: 0.323251506909
VOM19980524.0700.0112: 0.319508282513
VOM19980319.0700.0352: 0.318788356532
VOM19980613.0700.0112: 0.31829753506
VOM19980625.0730.0124: 0.315584372134
VOM19980623.0700.0472: 0.314293633096
