VOM19980403.0900.2079: 0.323229967578
VOM19980404.0700.0406: 0.317424034208
VOM19980403.0900.3340: 0.306946294772
VOM19980327.0900.0327: 0.29647473968
VOM19980327.0900.1984: 0.29647473968
VOM19980627.0700.0466: 0.292922466582
VOM19980526.0730.0266: 0.292770021885
VOM19980222.0700.2148: 0.287587842089
VOM19980403.0900.0173: 0.286473156336
VOM19980222.0700.0448: 0.285676812531
VOM19980326.0700.2359: 0.281240191292
VOM19980326.0900.2164: 0.281240191292
VOM19980325.0900.0905: 0.271719280526
