VOM19980220.0700.2814: 0.321827245229
VOM19980526.0730.0177: 0.24032900666
VOM19980302.0900.1291: 0.236954521731
VOM19980316.0700.0601: 0.235721633449
VOM19980317.0700.0454: 0.235721633449
VOM19980403.0700.2289: 0.235235984448
VOM19980524.0700.0492: 0.235043688948
VOM19980224.0700.0648: 0.234814489782
VOM19980621.0730.0142: 0.231154238559
VOM19980625.0700.0404: 0.230800271086
VOM19980220.0700.0707: 0.227249807859
VOM19980223.0700.1511: 0.226985127803
VOM19980602.0700.0095: 0.224820040352
