VOM19980327.0900.1545: 0.304628695576
VOM19980326.0900.1939: 0.293810257017
VOM19980403.0900.0431: 0.291736430946
VOM19980404.0700.0676: 0.291284991804
VOM19980403.0700.0129: 0.291268853684
VOM19980404.0700.1061: 0.291002335859
VOM19980220.0900.2583: 0.290848024734
VOM19980225.0900.2949: 0.289496488279
VOM19980222.0700.0448: 0.288994436317
VOM19980319.0700.0722: 0.286455556811
VOM19980226.0900.2027: 0.285993172626
VOM19980325.0900.3063: 0.281952073385
VOM19980317.0900.1247: 0.281022646051
