VOM19980326.0700.0115: 0.272896916935
VOM19980221.0700.0119: 0.251776298225
VOM19980223.0900.0477: 0.250671824576
VOM19980302.0900.0724: 0.249840713587
VOM19980304.0700.0774: 0.245976018507
VOM19980613.0700.0179: 0.245880342559
VOM19980501.0700.0297: 0.239731650743
VOM19980311.0700.0279: 0.232930054429
VOM19980613.0730.0072: 0.229148621879
VOM19980421.0900.0012: 0.227683991532
VOM19980223.0900.3362: 0.225092573548
VOM19980223.0700.0800: 0.224733287488
VOM19980311.0700.0234: 0.224499443206
