VOM19980220.0700.2814: 0.287361013859
VOM19980403.0700.2289: 0.25068995622
VOM19980611.0700.0254: 0.239235666849
VOM19980327.0900.2062: 0.235457120173
VOM19980221.0700.3085: 0.23543217636
VOM19980427.0900.0010: 0.232898565349
VOM19980317.0700.0255: 0.230901733845
VOM19980316.0900.1667: 0.229924004377
VOM19980403.0700.0435: 0.227149843929
VOM19980220.0700.0707: 0.226491406417
VOM19980223.0700.1511: 0.224825372428
VOM19980316.0700.0601: 0.224256097189
VOM19980501.0700.0297: 0.223872920653
