VOM19980521.0700.0039: 0.306634827386
VOM19980319.0900.0364: 0.261124508189
VOM19980404.0700.0676: 0.258923861439
VOM19980315.0700.2184: 0.257028858652
VOM19980303.0700.1291: 0.252615372665
VOM19980404.0700.1061: 0.252471552286
VOM19980225.0900.0714: 0.251459558082
VOM19980610.0700.0405: 0.248231445306
VOM19980316.0900.2774: 0.245677844754
VOM19980404.0700.0406: 0.243216151645
VOM19980224.0700.1530: 0.239664703958
VOM19980222.0700.0448: 0.2348101788
VOM19980403.0700.1169: 0.234121892176
