VOM19980222.0700.0448: 0.275067342437
VOM19980302.0700.0653: 0.27262027337
VOM19980404.0700.0406: 0.266157611973
VOM19980403.0700.1169: 0.264695774688
VOM19980303.0700.1291: 0.253957589978
VOM19980223.0700.2728: 0.253578087944
VOM19980404.0700.0676: 0.253316674553
VOM19980316.0900.2774: 0.25267998615
VOM19980306.0700.1456: 0.249440682255
VOM19980404.0700.1061: 0.24774186102
VOM19980225.0900.2949: 0.247470783153
VOM19980227.0900.2564: 0.245446456802
VOM19980403.0900.3074: 0.244672581963
