VOM19980630.0730.0043: 0.268686645312
VOM19980220.0900.3360: 0.263954789969
VOM19980228.0700.0156: 0.261627976067
VOM19980228.0700.1784: 0.261627976067
VOM19980511.0700.0388: 0.257694101601
VOM19980523.0730.0220: 0.255945348444
VOM19980630.0700.0071: 0.253759609461
VOM19980225.0900.0178: 0.25260359118
VOM19980225.0700.0187: 0.250489716434
VOM19980302.0900.0871: 0.25
VOM19980403.0700.2182: 0.247497900487
VOM19980220.0700.3434: 0.245413984511
VOM19980626.0700.0131: 0.244661306564
