VOM19980515.0900.0164: 0.326511574224
VOM19980515.0730.0248: 0.320832678858
VOM19980224.0700.0588: 0.30294416436
VOM19980515.0700.0434: 0.294289723702
VOM19980312.0900.2016: 0.257379334556
VOM19980602.0700.0417: 0.247099867747
VOM19980416.0900.0132: 0.246270451488
VOM19980403.0900.3300: 0.24245207369
VOM19980625.0700.0404: 0.238576603738
VOM19980522.0900.0158: 0.237822010587
VOM19980611.0900.0216: 0.23718595165
VOM19980511.0900.0039: 0.23718595165
VOM19980612.0700.0038: 0.236682505178
