VOM19980221.0700.0119: 0.336967416881
VOM19980220.0700.0772: 0.311040090498
VOM19980223.0700.0240: 0.305609051985
VOM19980501.0700.0297: 0.298164177502
VOM19980303.0700.0179: 0.29753688966
VOM19980223.0700.0882: 0.296118087638
VOM19980304.0700.0871: 0.285372334982
VOM19980222.0700.0758: 0.28415012336
VOM19980220.0900.1815: 0.283843840519
VOM19980225.0700.0187: 0.281407546374
VOM19980220.0900.0190: 0.280932544682
VOM19980304.0700.0774: 0.275613113667
VOM19980223.0900.0199: 0.273650210298
