VOM19980224.0900.3022: 0.223122275409
VOM19980221.0700.3085: 0.218049706866
VOM19980222.0700.1016: 0.211164870493
VOM19980316.0900.1667: 0.206685032398
VOM19980428.0900.0005: 0.199238934206
VOM19980303.0700.2287: 0.196706038284
VOM19980315.0700.1003: 0.191824234122
VOM19980625.0700.0151: 0.191267182691
VOM19980316.0900.0805: 0.190791914529
VOM19980305.0700.2126: 0.19043214028
VOM19980302.0700.1749: 0.190096363984
VOM19980224.0900.2505: 0.189581277142
VOM19980326.0700.1085: 0.188947734955
