VOM19980220.0700.2814: 0.297310327984
VOM19980530.0700.0512: 0.23392118184
VOM19980220.0900.3559: 0.220130441179
VOM19980221.0700.3085: 0.214460893811
VOM19980524.0730.0270: 0.207181591697
VOM19980325.0900.2134: 0.193403093065
VOM19980220.0700.0707: 0.191146196061
VOM19980303.0900.2177: 0.188170078912
VOM19980316.0900.1194: 0.188105014904
VOM19980403.0700.2289: 0.186646836494
VOM19980303.0700.0628: 0.185595811554
VOM19980326.0700.1668: 0.185182917135
VOM19980503.0700.0300: 0.184432679409
