VOM19980316.0900.2774: 0.282798569219
VOM19980319.0700.2536: 0.28044292376
VOM19980327.0900.1545: 0.273682275197
VOM19980225.0900.2949: 0.271537693321
VOM19980404.0700.1061: 0.26485122732
VOM19980223.0700.0562: 0.261839918559
VOM19980326.0900.1939: 0.256318359261
VOM19980220.0700.2208: 0.254451275819
VOM19980301.0700.0136: 0.254000254
VOM19980404.0700.0406: 0.253382397931
VOM19980404.0700.0676: 0.252887510435
VOM19980222.0700.0448: 0.252658300211
VOM19980223.0700.2728: 0.249207813432
