VOM19980613.0700.0179: 0.329180479919
VOM19980326.0700.0717: 0.318357269984
VOM19980613.0730.0072: 0.31333978072
VOM19980614.0730.0034: 0.311990325111
VOM19980614.0700.0111: 0.309057549982
VOM19980304.0700.0774: 0.299808009943
VOM19980403.0700.2182: 0.297848805204
VOM19980222.0700.0758: 0.293464284235
VOM19980326.0700.0115: 0.287213478952
VOM19980306.0700.0425: 0.285589094721
VOM19980224.0700.1724: 0.282675498323
VOM19980602.0700.0245: 0.279007379553
VOM19980228.0700.0156: 0.278524249529
