VOM19980311.0700.1006: 0.264067046332
VOM19980326.0700.0115: 0.251367409892
VOM19980303.0700.0783: 0.245503855197
VOM19980317.0700.0156: 0.236948197792
VOM19980501.0700.0297: 0.233915462146
VOM19980303.0700.0976: 0.232770494615
VOM19980220.0700.0772: 0.232118875304
VOM19980222.0700.0758: 0.22911342515
VOM19980317.0900.0152: 0.228782861675
VOM19980317.0900.1955: 0.228782861675
VOM19980604.0700.0157: 0.227272727273
VOM19980611.0900.0142: 0.227272727273
VOM19980626.0700.0131: 0.226567407473
