VOM19980501.0700.0297: 0.31644577898
VOM19980220.0700.0772: 0.314999692383
VOM19980510.0700.0040: 0.309951892136
VOM19980510.0730.0001: 0.300222139979
VOM19980302.0900.0871: 0.298279379501
VOM19980304.0700.0774: 0.295171222209
VOM19980228.0700.0156: 0.289450890795
VOM19980228.0700.1784: 0.289450890795
VOM19980303.0700.0179: 0.288185439357
VOM19980220.0900.3360: 0.286299167157
VOM19980304.0700.0408: 0.284106349648
VOM19980224.0700.1530: 0.28271293834
VOM19980317.0700.0156: 0.279751442472
