VOM19980613.0700.0179: 0.341565025532
VOM19980613.0730.0072: 0.341298767189
VOM19980326.0700.0115: 0.334754545989
VOM19980614.0700.0111: 0.318328970302
VOM19980223.0900.1740: 0.316392425109
VOM19980326.0700.0717: 0.308731785398
VOM19980223.0900.0154: 0.308606699924
VOM19980223.0700.0197: 0.306186217848
VOM19980223.0900.3362: 0.302813319444
VOM19980304.0700.0774: 0.299392475426
VOM19980311.0700.0279: 0.295840104653
VOM19980223.0700.0800: 0.287213478952
VOM19980225.0900.0178: 0.287006761864
