VOM19980302.0900.0368: 0.270703083694
VOM19980603.0900.0243: 0.254028127828
VOM19980415.0900.0272: 0.250489716434
VOM19980424.0900.0246: 0.240464403294
VOM19980430.0900.0231: 0.240146053214
VOM19980610.0730.0140: 0.233424890462
VOM19980616.0700.0538: 0.22866478019
VOM19980527.0730.0233: 0.228350464192
VOM19980521.0730.0273: 0.227545513655
VOM19980422.0900.0246: 0.22647953762
VOM19980404.0700.0406: 0.225211651819
VOM19980403.0900.2970: 0.224071332331
VOM19980511.0730.0266: 0.221837421549
