VOM19980522.0700.0215: 0.297754947328
VOM19980529.0700.0168: 0.281869068578
VOM19980531.0700.0120: 0.279517586747
VOM19980612.0900.0038: 0.27914526312
VOM19980603.0700.0103: 0.274540614517
VOM19980619.0700.0149: 0.266666666667
VOM19980625.0700.0404: 0.265747001726
VOM19980619.0900.0007: 0.264135271898
VOM19980407.0900.0109: 0.261861468283
VOM19980606.0700.0150: 0.261484194054
VOM19980614.0730.0072: 0.261354186745
VOM19980607.0700.0045: 0.259689423141
VOM19980223.0900.2779: 0.259335500772
