VOM19980403.0700.0372: 0.288261789985
VOM19980326.0700.0115: 0.280545858472
VOM19980403.0700.2182: 0.277939703578
VOM19980327.0900.3348: 0.271853660795
VOM19980430.0900.0149: 0.270775688199
VOM19980327.0900.1850: 0.263081867889
VOM19980327.0900.0179: 0.255207179513
VOM19980506.0700.0506: 0.255107830884
VOM19980326.0900.0118: 0.254685815987
VOM19980306.0700.0354: 0.254401046197
VOM19980222.0700.1274: 0.250158166034
VOM19980613.0700.0179: 0.249581374086
VOM19980223.0700.0882: 0.249286534794
