VOM19980404.0700.0676: 0.333333333333
VOM19980317.0900.2819: 0.331694032882
VOM19980326.0700.2359: 0.331671749404
VOM19980326.0900.2164: 0.331671749404
VOM19980222.0700.0448: 0.33060666885
VOM19980327.0900.1545: 0.320628000892
VOM19980226.0900.2027: 0.318946460372
VOM19980220.0700.2208: 0.312293391739
VOM19980404.0700.0406: 0.309523809524
VOM19980316.0900.2774: 0.309220843218
VOM19980325.0900.0905: 0.306391042097
VOM19980326.0900.1939: 0.299629226748
VOM19980305.0900.2335: 0.291490411388
