VOM19980520.0700.0074: 0.305633148019
VOM19980319.0900.2169: 0.30523315541
VOM19980603.0700.0103: 0.302016060285
VOM19980619.0700.0149: 0.300426033639
VOM19980531.0700.0120: 0.281134735909
VOM19980626.0700.0131: 0.273804309942
VOM19980607.0700.0045: 0.269354101965
VOM19980619.0730.0035: 0.267035609756
VOM19980529.0700.0168: 0.258485132042
VOM19980520.0900.0081: 0.257455013555
VOM19980520.0730.0039: 0.252897927549
VOM19980530.0700.0037: 0.246166405654
VOM19980529.0700.0100: 0.246166405654
