VOM19980220.0700.2814: 0.268687842177
VOM19980224.0900.3022: 0.266446033491
VOM19980221.0700.3085: 0.236742128358
VOM19980627.0700.0572: 0.23358286499
VOM19980630.0700.0507: 0.229153694112
VOM19980220.0900.3559: 0.223297948434
VOM19980403.0700.2289: 0.218915749959
VOM19980220.0700.0707: 0.212362989279
VOM19980627.0700.0102: 0.207808779499
VOM19980627.0730.0047: 0.206418738617
VOM19980612.0700.0531: 0.2049584873
VOM19980225.0900.0714: 0.203262710721
VOM19980503.0700.0160: 0.202042708452
