VOM19980327.0900.1545: 0.339783767116
VOM19980326.0900.1939: 0.336572800446
VOM19980326.0700.2359: 0.33550558968
VOM19980326.0900.2164: 0.33550558968
VOM19980222.0700.0448: 0.325665302641
VOM19980403.0900.3074: 0.316776296812
VOM19980404.0700.0676: 0.312565097386
VOM19980404.0700.0406: 0.30983129187
VOM19980325.0900.0905: 0.304150694985
VOM19980221.0700.2690: 0.303686696706
VOM19980317.0900.2819: 0.294174202707
VOM19980220.0700.2208: 0.292075430107
VOM19980316.0900.2774: 0.291927411433
