VOM19980531.0730.0076: 0.247716847153
VOM19980403.0900.0619: 0.228090338507
VOM19980524.0700.0192: 0.222680885708
VOM19980319.0900.0451: 0.216352745853
VOM19980302.0700.0653: 0.21206473933
VOM19980627.0730.0153: 0.211554354139
VOM19980316.0900.2774: 0.21129519584
VOM19980304.0900.0509: 0.210174959406
VOM19980403.0900.0431: 0.208893187147
VOM19980223.0900.2779: 0.206896624899
VOM19980223.0900.2973: 0.205831739596
VOM19980319.0700.0722: 0.204775100862
VOM19980531.0700.0235: 0.204464699238
