VOM19980616.0900.0100: 0.281739556506
VOM19980616.0730.0180: 0.273760054843
VOM19980326.0900.1939: 0.265840112343
VOM19980316.0900.2774: 0.261226411699
VOM19980325.0900.0905: 0.254774648618
VOM19980404.0700.1788: 0.250287455539
VOM19980403.0900.3074: 0.250270855984
VOM19980302.0700.0653: 0.245946279271
VOM19980625.0730.0124: 0.244021502951
VOM19980404.0700.1061: 0.241623833745
VOM19980325.0900.3063: 0.240941511436
VOM19980317.0900.2819: 0.239920857634
VOM19980317.0700.0156: 0.236092483272
