VOM19980223.0700.0562: 0.313280565038
VOM19980505.0700.0384: 0.299850112406
VOM19980626.0700.0131: 0.282887978173
VOM19980403.0900.2034: 0.28091660936
VOM19980424.0900.0178: 0.280780262637
VOM19980327.0900.1545: 0.279561587382
VOM19980225.0700.0221: 0.275240941282
VOM19980404.0700.1061: 0.269374704429
VOM19980325.0900.0905: 0.268905668495
VOM19980403.0900.0124: 0.267826452609
VOM19980319.0900.0364: 0.266574122271
VOM19980403.0700.1459: 0.266379862148
VOM19980317.0900.0152: 0.265207330648
