VOM19980508.0700.0362: 0.32388297499
VOM19980507.0900.0040: 0.322305530935
VOM19980507.0700.0242: 0.317272422875
VOM19980507.0730.0066: 0.316978901911
VOM19980302.0900.1110: 0.313703202502
VOM19980504.0700.0025: 0.313401760811
VOM19980506.0700.0042: 0.305740670678
VOM19980506.0900.0006: 0.297775000191
VOM19980505.0700.0033: 0.290604250039
VOM19980510.0700.0040: 0.289866031689
VOM19980501.0700.0297: 0.285357029599
VOM19980515.0700.0379: 0.283731050383
VOM19980515.0730.0199: 0.281981809824
