VOM19980605.0730.0230: 0.328755318289
VOM19980507.0900.0040: 0.312718514434
VOM19980507.0730.0066: 0.309850382488
VOM19980605.0700.0290: 0.309344112445
VOM19980506.0900.0006: 0.301624673409
VOM19980507.0700.0242: 0.29903264203
VOM19980508.0700.0362: 0.294736842105
VOM19980505.0700.0033: 0.293197735804
VOM19980506.0700.0042: 0.292800961913
VOM19980509.0700.0089: 0.286658638231
VOM19980504.0700.0025: 0.283346888833
VOM19980605.0900.0236: 0.281526137231
VOM19980510.0700.0040: 0.27866586259
