VOM19980325.0900.0905: 0.316283021612
VOM19980325.0900.3063: 0.298935537744
VOM19980222.0700.0448: 0.296884683375
VOM19980312.0900.2408: 0.296022261547
VOM19980316.0900.2774: 0.293527212105
VOM19980326.0700.2359: 0.292618359709
VOM19980326.0900.2164: 0.292618359709
VOM19980326.0900.1939: 0.284540555738
VOM19980226.0900.2027: 0.27337264079
VOM19980220.0700.2208: 0.270609532899
VOM19980317.0900.2819: 0.269059774759
VOM19980327.0900.1545: 0.264474375122
VOM19980302.0700.0653: 0.263909138012
