VOM19980325.0900.0905: 0.300645677145
VOM19980226.0900.2027: 0.277992826625
VOM19980220.0700.2208: 0.264650436447
VOM19980326.0900.1939: 0.263935860822
VOM19980224.0700.2219: 0.263199150101
VOM19980404.0700.0406: 0.261116483934
VOM19980326.0700.2359: 0.260624275232
VOM19980326.0900.2164: 0.260624275232
VOM19980327.0900.1545: 0.260466130535
VOM19980312.0900.2408: 0.260266317011
VOM19980302.0900.2091: 0.259498505244
VOM19980222.0700.0448: 0.259416547002
VOM19980317.0900.2819: 0.25435694471
