VOM19980625.0700.0404: 0.427361654206
VOM19980606.0700.0150: 0.424396713414
VOM19980606.0730.0028: 0.395863455573
VOM19980612.0700.0080: 0.340692571935
VOM19980604.0730.0143: 0.328747127537
VOM19980604.0900.0124: 0.328747127537
VOM19980612.0900.0038: 0.328469340871
VOM19980520.0700.0129: 0.320811826341
VOM19980604.0700.0269: 0.318142381488
VOM19980626.0700.0298: 0.308848510524
VOM19980605.0700.0097: 0.300431951531
VOM19980603.0730.0115: 0.299160561271
VOM19980614.0730.0072: 0.297283483438
