VOM19980223.0700.2728: 0.291855673715
VOM19980311.0700.1006: 0.285881575075
VOM19980305.0700.1234: 0.283821263429
VOM19980223.0700.0240: 0.270162168477
VOM19980304.0700.0774: 0.268755781479
VOM19980303.0700.1291: 0.267934756413
VOM19980501.0700.0297: 0.267506169955
VOM19980226.0900.1367: 0.265620559152
VOM19980404.0700.1295: 0.265604893762
VOM19980404.0700.0676: 0.264207972606
VOM19980510.0700.0040: 0.262901779937
VOM19980228.0700.1784: 0.260743678068
VOM19980312.0900.0825: 0.260706477582
