VOM19980222.0700.0448: 0.273907257035
VOM19980317.0900.2819: 0.254079074872
VOM19980506.0700.0472: 0.253000177961
VOM19980404.0700.0406: 0.252829539046
VOM19980325.0900.0356: 0.246124979539
VOM19980325.0900.0905: 0.243866204947
VOM19980220.0700.0620: 0.235663528613
VOM19980602.0730.0163: 0.232535362189
VOM19980326.0700.2359: 0.230409216465
VOM19980326.0900.2164: 0.230409216465
VOM19980316.0700.0649: 0.227818444089
VOM19980226.0900.3196: 0.225966532019
VOM19980624.0700.0546: 0.2253601598
