VOM19980528.0900.0006: 0.290322580645
VOM19980520.0900.0115: 0.274963340665
VOM19980625.0700.0404: 0.264544131657
VOM19980520.0730.0078: 0.256632451287
VOM19980526.0700.0133: 0.241154274099
VOM19980407.0900.0109: 0.237595481656
VOM19980530.0700.0037: 0.235783132678
VOM19980527.0730.0189: 0.235502088588
VOM19980527.0900.0116: 0.235502088588
VOM19980612.0700.0038: 0.231568122934
VOM19980520.0700.0129: 0.224506627533
VOM19980304.0900.0276: 0.224506627533
VOM19980531.0700.0120: 0.224397085381
