VOM19980319.0900.2169: 0.361511248616
VOM19980603.0700.0103: 0.318824807432
VOM19980520.0700.0074: 0.292629883335
VOM19980605.0700.0097: 0.278494795581
VOM19980611.0700.0383: 0.278253611855
VOM19980529.0700.0168: 0.277630539818
VOM19980319.0700.0177: 0.277623222651
VOM19980529.0700.0100: 0.274975369023
VOM19980605.0900.0007: 0.27343437081
VOM19980605.0730.0003: 0.27343437081
VOM19980304.0700.0774: 0.269456142514
VOM19980613.0700.0112: 0.268124460086
VOM19980520.0900.0081: 0.267306652029
