VOM19980312.0900.3403: 0.259279430054
VOM19980312.0900.1827: 0.257179966918
VOM19980521.0700.0467: 0.254339509199
VOM19980621.0730.0064: 0.248006411356
VOM19980326.0900.0149: 0.246847803536
VOM19980303.0700.0783: 0.244026593128
VOM19980317.0700.3639: 0.236659569716
VOM19980501.0700.0297: 0.235985613245
VOM19980326.0700.1668: 0.235923457296
VOM19980403.0700.2182: 0.234382152885
VOM19980619.0700.0149: 0.233637675274
VOM19980312.0900.0230: 0.233237142847
VOM19980317.0900.0152: 0.233237142847
