VOM19980305.0900.2335: 0.276254135229
VOM19980226.0900.2027: 0.233210640862
VOM19980327.0900.2652: 0.231860368008
VOM19980404.0700.0676: 0.231569279136
VOM19980305.0700.0763: 0.230708256667
VOM19980326.0900.2483: 0.229224314785
VOM19980403.0700.1169: 0.228138694154
VOM19980404.0700.0406: 0.22515051447
VOM19980302.0700.1577: 0.223277551063
VOM19980319.0700.0722: 0.222690087967
VOM19980303.0700.2491: 0.222208086006
VOM19980305.0900.0492: 0.221825485451
VOM19980306.0700.1916: 0.221293107922
