VOM19980611.0900.0142: 0.324090608044
VOM19980520.0700.0074: 0.323396052378
VOM19980220.0900.3360: 0.316875111149
VOM19980223.0900.3362: 0.312195270527
VOM19980223.0900.0199: 0.301929819928
VOM19980223.0900.3403: 0.301929819928
VOM19980528.0900.0169: 0.300462606289
VOM19980326.0900.0118: 0.298659556794
VOM19980317.0900.0152: 0.296585507001
VOM19980317.0900.1955: 0.296585507001
VOM19980221.0700.0119: 0.29488391231
VOM19980611.0700.0383: 0.29401761878
VOM19980223.0700.0240: 0.291666666667
