VOM19980222.0700.0448: 0.336144181779
VOM19980326.0700.2359: 0.305835368394
VOM19980326.0900.2164: 0.305835368394
VOM19980404.0700.0406: 0.30169664865
VOM19980220.0700.2208: 0.297089441994
VOM19980325.0900.0905: 0.295711419138
VOM19980305.0900.2335: 0.293843103564
VOM19980317.0900.2819: 0.292574816244
VOM19980316.0900.2774: 0.289830692846
VOM19980403.0900.0431: 0.289644779307
VOM19980403.0900.0619: 0.283825725033
VOM19980403.0700.1169: 0.282801810503
VOM19980327.0900.1545: 0.280487711303
