VOM19980303.0900.1975: 0.363803437554
VOM19980303.0700.0393: 0.357247883717
VOM19980526.0900.0004: 0.351034403057
VOM19980526.0730.0003: 0.351034403057
VOM19980301.0700.0136: 0.330785077516
VOM19980611.0900.0069: 0.324486412106
VOM19980508.0900.0038: 0.309906631991
VOM19980528.0900.0044: 0.301992169445
VOM19980603.0900.0042: 0.299215894771
VOM19980612.0900.0125: 0.293772235728
VOM19980623.0900.0209: 0.291090868214
VOM19980623.0730.0065: 0.288526140967
VOM19980624.0900.0150: 0.285615172281
