VOM19980220.0700.2814: 0.296033955324
VOM19980220.0700.0707: 0.253938459602
VOM19980221.0700.3085: 0.208563124619
VOM19980530.0700.0512: 0.20452068283
VOM19980630.0700.0507: 0.202975091157
VOM19980612.0700.0141: 0.196642057603
VOM19980316.0700.0463: 0.195523339419
VOM19980303.0900.2177: 0.194432526149
VOM19980220.0700.2956: 0.193802722034
VOM19980505.0900.0146: 0.193593158873
VOM19980224.0700.0481: 0.191942973987
VOM19980316.0900.1667: 0.191514984765
VOM19980224.0900.2290: 0.190237946242
