VOM19980618.0700.0114: 0.332531085881
VOM19980618.0700.0144: 0.301381890558
VOM19980317.0900.2819: 0.288461538462
VOM19980226.0900.3196: 0.275276591944
VOM19980222.0700.0448: 0.269509853549
VOM19980325.0900.2134: 0.2636560295
VOM19980325.0900.0905: 0.254863305782
VOM19980223.0700.0562: 0.252149316606
VOM19980319.0700.0452: 0.246774058396
VOM19980316.0700.0463: 0.244384383661
VOM19980223.0900.0886: 0.242958793849
VOM19980302.0900.0368: 0.242555387564
VOM19980403.0900.3074: 0.241190955309
