VOM19980220.0700.0707: 0.335722414763
VOM19980220.0700.2814: 0.292114673948
VOM19980606.0700.0562: 0.215944725225
VOM19980530.0700.0512: 0.208365342071
VOM19980404.0700.1295: 0.199222018692
VOM19980627.0700.0572: 0.197515812507
VOM19980223.0700.1511: 0.19354222199
VOM19980530.0730.0266: 0.191509295389
VOM19980224.0900.2290: 0.191169476032
VOM19980618.0700.0315: 0.190683850598
VOM19980325.0900.0356: 0.189624103704
VOM19980303.0900.3207: 0.188259504042
VOM19980605.0700.0406: 0.187861165178
