VOM19980223.0700.0240: 0.302091770691
VOM19980302.0900.0871: 0.295043942072
VOM19980224.0700.1530: 0.282975473367
VOM19980501.0700.0297: 0.279476152282
VOM19980303.0700.0783: 0.275825284962
VOM19980303.0700.0976: 0.270026398634
VOM19980223.0700.0882: 0.269176202456
VOM19980223.0700.1295: 0.268024136243
VOM19980220.0900.3360: 0.267011183182
VOM19980223.0900.0629: 0.266384829512
VOM19980306.0700.0726: 0.265860898096
VOM19980326.0700.0115: 0.265116503107
VOM19980220.0900.0190: 0.263324545881
