VOM19980220.0900.3360: 0.315396216207
VOM19980223.0900.3362: 0.287122112484
VOM19980506.0700.0506: 0.276867399969
VOM19980326.0900.0118: 0.264391589544
VOM19980611.0700.0046: 0.263417768225
VOM19980630.0700.0032: 0.263340326575
VOM19980220.0900.1815: 0.26146834568
VOM19980220.0900.0190: 0.258786548165
VOM19980223.0900.0629: 0.257648032178
VOM19980221.0700.0119: 0.256819196362
VOM19980311.0700.0279: 0.256603113929
VOM19980225.0900.0178: 0.256557891363
VOM19980625.0700.0404: 0.256557891363
