VOM19980220.0700.2814: 0.241621145116
VOM19980503.0700.0300: 0.224829904991
VOM19980504.0700.0456: 0.218238188631
VOM19980224.0900.3022: 0.217571546446
VOM19980304.0900.1406: 0.217089951568
VOM19980312.0900.2127: 0.213731287188
VOM19980404.0700.1295: 0.210533597192
VOM19980223.0700.1511: 0.209569025658
VOM19980303.0900.2177: 0.208996065975
VOM19980503.0730.0168: 0.20890610691
VOM19980316.0900.0475: 0.208766850456
VOM19980504.0900.0230: 0.207872082543
VOM19980220.0700.2956: 0.20785718292
