VOM19980222.0700.0448: 0.285245901639
VOM19980325.0900.0905: 0.275483414102
VOM19980404.0700.0406: 0.267156904121
VOM19980317.0900.2819: 0.265766661139
VOM19980305.0900.2335: 0.263159318516
VOM19980404.0700.0676: 0.262982577494
VOM19980303.0700.2491: 0.260290269872
VOM19980312.0900.2795: 0.258268959191
VOM19980226.0900.2027: 0.255152864862
VOM19980302.0900.2091: 0.253782809904
VOM19980316.0900.2774: 0.252994604689
VOM19980312.0900.2408: 0.252323236075
VOM19980326.0900.1939: 0.251644924481
