VOM19980316.0900.1667: 0.315445218259
VOM19980327.0900.2123: 0.290911895104
VOM19980319.0900.1922: 0.285957089926
VOM19980302.0700.1749: 0.28228610931
VOM19980319.0900.0162: 0.282235147016
VOM19980314.0700.1911: 0.278679163045
VOM19980311.0700.1883: 0.277015294108
VOM19980314.0700.0239: 0.272587672688
VOM19980302.0700.1577: 0.267772726098
VOM19980619.0700.0464: 0.26444888629
VOM19980619.0730.0212: 0.260164543164
VOM19980305.0900.2891: 0.254038352451
VOM19980222.0700.0448: 0.253517032036
