VOM19980221.0700.0119: 0.297939785766
VOM19980223.0700.0240: 0.297696232551
VOM19980223.0900.1740: 0.293428458771
VOM19980326.0900.0118: 0.289075794239
VOM19980220.0900.3360: 0.287489605419
VOM19980223.0900.0154: 0.282889474931
VOM19980220.0900.1815: 0.28125
VOM19980223.0700.0197: 0.280670699694
VOM19980220.0900.0190: 0.278365308359
VOM19980326.0700.0452: 0.276955854703
VOM19980223.0900.3362: 0.270369035218
VOM19980508.0700.0421: 0.267912940617
VOM19980502.0700.0307: 0.266475870711
