VOM19980326.0700.0452: 0.287479787288
VOM19980326.0900.0118: 0.284267621807
VOM19980220.0700.0772: 0.251843100255
VOM19980222.0700.0151: 0.251550217574
VOM19980326.0700.0717: 0.250797254569
VOM19980317.0700.0156: 0.248513366402
VOM19980304.0700.0774: 0.24473056231
VOM19980616.0900.0077: 0.244357819195
VOM19980616.0730.0252: 0.244357819195
VOM19980303.0700.0179: 0.236988033869
VOM19980623.0900.0051: 0.235053560238
VOM19980630.0730.0043: 0.234726263407
VOM19980326.0900.0433: 0.234698483507
