VOM19980317.0900.0152: 0.272964840083
VOM19980317.0900.1955: 0.272964840083
VOM19980317.0700.3639: 0.257247877714
VOM19980430.0900.0149: 0.255615661719
VOM19980317.0700.0156: 0.248782200168
VOM19980618.0900.0242: 0.242117099056
VOM19980528.0900.0006: 0.234176663392
VOM19980526.0700.0431: 0.231704179598
VOM19980312.0900.2058: 0.228508106804
VOM19980326.0700.0115: 0.227518583598
VOM19980625.0700.0404: 0.225935520496
VOM19980605.0700.0406: 0.223482675177
VOM19980427.0900.0010: 0.21917850188
