VOM19980223.0700.0240: 0.298310673313
VOM19980303.0700.0179: 0.293433159455
VOM19980311.0700.1006: 0.282405035661
VOM19980225.0700.0757: 0.275630705082
VOM19980220.0900.0190: 0.271478496348
VOM19980303.0700.0783: 0.270942577035
VOM19980220.0900.1815: 0.267912940617
VOM19980501.0700.0297: 0.261327430367
VOM19980221.0700.0119: 0.260643017571
VOM19980305.0700.1234: 0.258182621663
VOM19980304.0700.0774: 0.257821452289
VOM19980521.0700.0223: 0.256438822266
VOM19980223.0700.1993: 0.255840859627
