VOM19980326.0700.0115: 0.334845056886
VOM19980403.0700.0372: 0.319146981769
VOM19980319.0900.3353: 0.297077299012
VOM19980403.0700.2182: 0.294784534098
VOM19980311.0700.0279: 0.290171646099
VOM19980326.0700.0717: 0.288675134595
VOM19980306.0700.0354: 0.274753129893
VOM19980305.0700.0395: 0.271187998786
VOM19980225.0700.0187: 0.257325117733
VOM19980506.0700.0506: 0.255107830884
VOM19980625.0700.0328: 0.253673144716
VOM19980327.0900.1850: 0.251123601167
VOM19980223.0900.1740: 0.249153973885
