VOM19980625.0730.0090: 0.284297480284
VOM19980325.0900.0905: 0.283883839235
VOM19980505.0700.0384: 0.278678728941
VOM19980222.0700.0448: 0.272948016883
VOM19980316.0900.2774: 0.271949031507
VOM19980223.0700.2728: 0.270540146908
VOM19980317.0900.2819: 0.263676403942
VOM19980403.0900.3074: 0.259641352869
VOM19980602.0730.0163: 0.254638471397
VOM19980326.0900.1939: 0.249665734871
VOM19980226.0900.3196: 0.244145986234
VOM19980326.0700.2359: 0.243609877072
VOM19980326.0900.2164: 0.243609877072
