VOM19980312.0900.2408: 0.256216593124
VOM19980403.0900.3074: 0.247094783335
VOM19980505.0700.0384: 0.244003027538
VOM19980226.0900.2027: 0.239300976314
VOM19980316.0900.2774: 0.235961408639
VOM19980319.0700.0722: 0.23578148006
VOM19980326.0900.1939: 0.235762906803
VOM19980325.0900.0905: 0.234034210111
VOM19980325.0900.3063: 0.231240800643
VOM19980222.0700.2148: 0.224432971676
VOM19980222.0700.0448: 0.222133848616
VOM19980223.0900.0886: 0.22199714933
VOM19980326.0700.2359: 0.221183309462
