VOM19980602.0730.0002: 0.370923027888
VOM19980602.0900.0005: 0.361247321297
VOM19980602.0700.0036: 0.351323524371
VOM19980603.0730.0070: 0.322689531375
VOM19980407.0900.0109: 0.28463362264
VOM19980302.0700.1749: 0.276831293414
VOM19980529.0700.0041: 0.275921275612
VOM19980515.0730.0097: 0.273686175615
VOM19980526.0730.0039: 0.262364189942
VOM19980222.0700.0448: 0.257999958208
VOM19980526.0900.0034: 0.255893706393
VOM19980526.0700.0133: 0.252784848441
VOM19980627.0700.0466: 0.245769576156
