VOM19980326.0900.0118: 0.33126933
VOM19980326.0700.0452: 0.318261974832
VOM19980522.0700.0215: 0.278570298012
VOM19980220.0900.3360: 0.256073759866
VOM19980319.0700.0399: 0.250159591462
VOM19980316.0900.0163: 0.245912387408
VOM19980625.0700.0404: 0.245912387408
VOM19980316.0900.1824: 0.245912387408
VOM19980301.0700.0322: 0.241924912867
VOM19980220.0900.0190: 0.235702260396
VOM19980316.0900.3359: 0.235472419034
VOM19980319.0700.0452: 0.235472419034
VOM19980325.0900.3425: 0.235472419034
