VOM19980221.0700.3085: 0.292458935699
VOM19980224.0900.3022: 0.275913263757
VOM19980220.0700.2814: 0.254069110259
VOM19980325.0900.0905: 0.235800531094
VOM19980327.0900.1545: 0.227907864218
VOM19980303.0900.2177: 0.227079018516
VOM19980226.0900.2027: 0.226712596471
VOM19980403.0700.2289: 0.222277112237
VOM19980316.0900.1194: 0.219498648334
VOM19980222.0700.2530: 0.218904604895
VOM19980404.0700.1295: 0.21843993606
VOM19980314.0700.0818: 0.217686619319
VOM19980222.0700.0448: 0.216689115731
