VOM19980326.0900.0118: 0.297133451985
VOM19980326.0700.0452: 0.286181903516
VOM19980531.0700.0120: 0.283005808084
VOM19980501.0700.0297: 0.274753129893
VOM19980613.0700.0179: 0.272270589912
VOM19980223.0900.0477: 0.266010659113
VOM19980605.0900.0123: 0.26581740761
VOM19980326.0700.0717: 0.265269042601
VOM19980626.0700.0365: 0.262809948573
VOM19980304.0700.0774: 0.261027512445
VOM19980605.0730.0117: 0.260753755146
VOM19980225.0900.0178: 0.259496676213
VOM19980225.0700.0187: 0.257325117733
