VOM19980326.0700.2359: 0.35006956283
VOM19980326.0900.2164: 0.35006956283
VOM19980222.0700.0448: 0.330889622495
VOM19980325.0900.0905: 0.326437352479
VOM19980403.0900.3074: 0.31493634148
VOM19980312.0900.2408: 0.314517264326
VOM19980316.0900.2774: 0.301997941287
VOM19980223.0700.3043: 0.300979135843
VOM19980404.0700.0406: 0.300783871592
VOM19980317.0900.2819: 0.300589571266
VOM19980305.0900.2335: 0.299852787001
VOM19980226.0900.2027: 0.295764243066
VOM19980326.0900.1939: 0.292309854371
