VOM19980404.0700.0406: 0.351537883603
VOM19980326.0700.2359: 0.3452470068
VOM19980326.0900.2164: 0.3452470068
VOM19980325.0900.0905: 0.313910926125
VOM19980220.0700.2208: 0.313361064569
VOM19980327.0900.1545: 0.303850603295
VOM19980326.0900.1939: 0.300653603161
VOM19980316.0900.2774: 0.295502868169
VOM19980317.0900.2819: 0.290746327576
VOM19980404.0700.0676: 0.289677455057
VOM19980222.0700.0448: 0.288175533502
VOM19980403.0900.2970: 0.28523947976
VOM19980312.0900.2795: 0.280452712648
