VOM19980511.0730.0066: 0.265974999525
VOM19980511.0900.0039: 0.261941759329
VOM19980319.0700.0452: 0.250189445223
VOM19980303.0700.0590: 0.248023262068
VOM19980319.0900.0364: 0.242695571295
VOM19980225.0900.0714: 0.241191535097
VOM19980511.0700.0105: 0.239697498502
VOM19980602.0730.0071: 0.238095238095
VOM19980223.0700.0562: 0.238095238095
VOM19980317.0900.0152: 0.235472419034
VOM19980317.0900.1955: 0.235472419034
VOM19980220.0900.2583: 0.232405562926
VOM19980302.0700.3552: 0.231888531
