VOM19980527.0700.0042: 0.267035609756
VOM19980527.0730.0003: 0.249100947512
VOM19980226.0900.1367: 0.246890149939
VOM19980501.0700.0297: 0.244675091464
VOM19980515.0900.0007: 0.240840997268
VOM19980524.0730.0061: 0.239460372173
VOM19980524.0700.0265: 0.239460372173
VOM19980527.0900.0008: 0.23777817717
VOM19980312.0900.3403: 0.233762291106
VOM19980623.0900.0051: 0.233084030716
VOM19980312.0900.1827: 0.23186944788
VOM19980317.0900.0330: 0.230021853114
VOM19980317.0700.0156: 0.228416096288
