VOM19980223.0700.0882: 0.309321564676
VOM19980220.0900.3360: 0.299207668467
VOM19980220.0700.0772: 0.297984774786
VOM19980303.0700.0179: 0.296728066881
VOM19980221.0700.0119: 0.294044980561
VOM19980224.0700.1530: 0.285580213986
VOM19980220.0900.0190: 0.284901441149
VOM19980515.0900.0047: 0.282038037409
VOM19980304.0700.0774: 0.280704745997
VOM19980220.0900.1815: 0.279629470358
VOM19980228.0700.0156: 0.271642865758
VOM19980228.0700.1784: 0.271642865758
VOM19980611.0700.0046: 0.271280433487
