VOM19980220.0700.2814: 0.294648513604
VOM19980224.0900.3022: 0.267234950904
VOM19980223.0700.1511: 0.249768084701
VOM19980221.0700.3085: 0.237637561864
VOM19980220.0700.0707: 0.233477147462
VOM19980316.0900.0805: 0.232263513936
VOM19980325.0900.0905: 0.226913232096
VOM19980224.0900.0912: 0.221515372285
VOM19980316.0900.1667: 0.220459380025
VOM19980222.0700.2530: 0.22031473812
VOM19980316.0700.0601: 0.219476646324
VOM19980404.0700.1295: 0.218396837604
VOM19980316.0900.1194: 0.217406058913
