VOM19980303.0700.0976: 0.311207174607
VOM19980224.0900.3400: 0.284924456493
VOM19980220.0700.0772: 0.283384706347
VOM19980223.0700.0240: 0.279316987403
VOM19980303.0700.0783: 0.278644696749
VOM19980501.0700.0297: 0.276058818202
VOM19980224.0700.0173: 0.27479755936
VOM19980302.0900.0871: 0.273221484981
VOM19980225.0700.0757: 0.272222499972
VOM19980225.0700.0187: 0.271979048347
VOM19980220.0900.0190: 0.271927649112
VOM19980226.0900.1367: 0.269398448222
VOM19980303.0700.0179: 0.269362773396
