VOM19980623.0900.0051: 0.317489847279
VOM19980317.0700.0723: 0.302399952787
VOM19980404.0700.1295: 0.299886814087
VOM19980403.0700.0727: 0.298706332912
VOM19980304.0900.1823: 0.296362426483
VOM19980220.0900.2583: 0.296311413069
VOM19980627.0700.0022: 0.291558064553
VOM19980403.0900.0431: 0.287972931817
VOM19980319.0700.1102: 0.287663488733
VOM19980404.0700.0676: 0.287527316393
VOM19980306.0700.1456: 0.286205344717
VOM19980226.0900.1367: 0.285314552708
VOM19980627.0730.0001: 0.285261847923
