VOM19980404.0700.0406: 0.32994087393
VOM19980317.0900.2819: 0.323015867247
VOM19980222.0700.0448: 0.31163509988
VOM19980325.0900.0905: 0.308889695582
VOM19980327.0900.1545: 0.288708275647
VOM19980226.0900.3196: 0.28866362878
VOM19980403.0900.0619: 0.287978072186
VOM19980404.0700.0676: 0.281389447861
VOM19980505.0700.0384: 0.277756174608
VOM19980325.0900.3063: 0.276201645568
VOM19980316.0900.2774: 0.275724697286
VOM19980326.0700.2359: 0.274039748161
VOM19980326.0900.2164: 0.274039748161
