VOM19980221.0700.0119: 0.305293927324
VOM19980220.0900.3360: 0.284035897134
VOM19980501.0700.0297: 0.275890350618
VOM19980326.0700.0452: 0.267548054274
VOM19980326.0900.0118: 0.264558596711
VOM19980222.0700.1842: 0.263481635372
VOM19980224.0900.3361: 0.261313025364
VOM19980224.0900.2029: 0.259197095598
VOM19980224.0900.0173: 0.255114996457
VOM19980222.0700.0151: 0.254466931016
VOM19980326.0700.0115: 0.253818370516
VOM19980422.0900.0021: 0.251267367374
VOM19980530.0700.0199: 0.249588518138
