VOM19980223.0900.1740: 0.284901441149
VOM19980223.0700.0240: 0.282038037409
VOM19980225.0900.0178: 0.281891663537
VOM19980224.0900.3361: 0.27723197626
VOM19980224.0900.2029: 0.274987145984
VOM19980223.0900.0154: 0.272795978428
VOM19980326.0900.0118: 0.271811835433
VOM19980224.0900.0173: 0.270656369092
VOM19980226.0900.1725: 0.270656369092
VOM19980223.0700.0197: 0.270656369092
VOM19980225.0900.1874: 0.266523968116
VOM19980225.0700.0187: 0.264820448851
VOM19980222.0700.1842: 0.264820448851
