VOM19980316.0900.2774: 0.316405390328
VOM19980616.0900.0100: 0.31579308847
VOM19980616.0730.0180: 0.308994911735
VOM19980222.0700.0448: 0.303434176199
VOM19980220.0700.2208: 0.285851398449
VOM19980312.0900.2408: 0.281450533165
VOM19980618.0700.0234: 0.281145398402
VOM19980325.0900.3063: 0.280805006328
VOM19980225.0900.2949: 0.279935814397
VOM19980326.0700.2359: 0.277845855775
VOM19980326.0900.2164: 0.277845855775
VOM19980623.0700.0472: 0.277350098113
VOM19980302.0700.0653: 0.274318858485
