VOM19980223.0900.3362: 0.288526140967
VOM19980326.0700.0115: 0.283220592019
VOM19980223.0900.1740: 0.272290574319
VOM19980223.0900.0154: 0.261968415998
VOM19980326.0700.0717: 0.260446805357
VOM19980224.0900.3400: 0.257857904365
VOM19980306.0700.0425: 0.256683793181
VOM19980303.0700.0179: 0.255221314891
VOM19980326.0700.0452: 0.253759609461
VOM19980303.0700.0783: 0.253320198552
VOM19980326.0900.0118: 0.25092421757
VOM19980626.0700.0365: 0.250319488948
VOM19980223.0700.0197: 0.247536885744
