VOM19980319.0900.2169: 0.31726645004
VOM19980603.0700.0103: 0.302230513982
VOM19980314.0700.0818: 0.282287644419
VOM19980607.0700.0045: 0.280275927336
VOM19980527.0700.0094: 0.278589196306
VOM19980612.0700.0080: 0.274217890217
VOM19980319.0700.3392: 0.273149647873
VOM19980529.0700.0100: 0.270492300207
VOM19980619.0700.0149: 0.267659842047
VOM19980223.0900.0886: 0.263425408011
VOM19980515.0700.0170: 0.260466130535
VOM19980531.0700.0120: 0.259441308393
VOM19980527.0730.0043: 0.258829875267
