VOM19980222.0700.0448: 0.350225351431
VOM19980223.0700.2728: 0.300183918993
VOM19980316.0900.2774: 0.29393599283
VOM19980327.0900.1545: 0.292952036215
VOM19980326.0700.0480: 0.291667899041
VOM19980225.0900.2949: 0.290656455958
VOM19980404.0700.1061: 0.289874745217
VOM19980404.0700.1788: 0.28353794346
VOM19980511.0900.0039: 0.279518883784
VOM19980404.0700.0676: 0.276658372497
VOM19980326.0900.1939: 0.275343321836
VOM19980316.0700.0219: 0.275280046338
VOM19980620.0730.0003: 0.274293771022
