VOM19980220.0700.2814: 0.25337087254
VOM19980224.0900.3022: 0.224300153826
VOM19980503.0700.0300: 0.218011927104
VOM19980223.0700.1511: 0.21646691086
VOM19980504.0700.0456: 0.213920323396
VOM19980605.0700.0194: 0.212582713073
VOM19980605.0900.0161: 0.212582713073
VOM19980605.0730.0152: 0.212582713073
VOM19980304.0900.1406: 0.212084699304
VOM19980503.0730.0168: 0.211378454588
VOM19980316.0900.0475: 0.211237550071
VOM19980404.0700.1295: 0.209352357404
VOM19980316.0900.1194: 0.208638492862
