VOM19980224.0700.1724: 0.3232159034
VOM19980613.0700.0179: 0.308937848467
VOM19980614.0730.0034: 0.30351342437
VOM19980625.0700.0328: 0.293069224847
VOM19980614.0700.0111: 0.289298975664
VOM19980220.0700.3434: 0.287668478722
VOM19980221.0700.0119: 0.285811914121
VOM19980605.0700.0354: 0.281995793778
VOM19980613.0730.0072: 0.27459852558
VOM19980626.0700.0365: 0.264021736888
VOM19980326.0700.0115: 0.261383337845
VOM19980624.0900.0040: 0.260684835182
VOM19980304.0700.0774: 0.258484923823
