VOM19980221.0700.0119: 0.334503487456
VOM19980220.0900.3360: 0.328639403116
VOM19980223.0700.0240: 0.324101861776
VOM19980220.0900.1815: 0.308748490283
VOM19980220.0900.0190: 0.305581755389
VOM19980223.0900.3362: 0.291407237037
VOM19980224.0700.1530: 0.289752512305
VOM19980223.0700.0882: 0.287061649002
VOM19980501.0700.0297: 0.285013145306
VOM19980326.0700.0115: 0.279692071211
VOM19980304.0700.0871: 0.278429346608
VOM19980623.0900.0178: 0.269563276174
VOM19980311.0700.1006: 0.266276850936
