VOM19980311.0700.1487: 0.353836926439
VOM19980304.0700.1058: 0.347635010613
VOM19980303.0900.2128: 0.34348920226
VOM19980303.0900.0396: 0.320217862244
VOM19980523.0700.0189: 0.318563305622
VOM19980630.0900.0230: 0.315473631643
VOM19980316.0700.0776: 0.300234650016
VOM19980319.0700.2737: 0.294678945212
VOM19980306.0700.0971: 0.291564847611
VOM19980305.0900.2093: 0.291445383736
VOM19980225.0700.0585: 0.285462665863
VOM19980316.0700.0944: 0.2805120283
VOM19980326.0700.1793: 0.277711560664
