VOM19980326.0700.2359: 0.316592046001
VOM19980326.0900.2164: 0.316592046001
VOM19980325.0900.0905: 0.29422417709
VOM19980326.0900.1939: 0.286374364971
VOM19980312.0900.2408: 0.278949039632
VOM19980222.0700.0448: 0.278159420072
VOM19980316.0900.3018: 0.274789426678
VOM19980404.0700.0676: 0.271510494674
VOM19980223.0700.2728: 0.26641932603
VOM19980325.0900.3063: 0.263945991944
VOM19980403.0900.3074: 0.262940805057
VOM19980316.0900.2774: 0.262820986765
VOM19980303.0700.1291: 0.259869659496
