VOM19980618.0900.0204: 0.311785565271
VOM19980222.0700.0448: 0.305683861123
VOM19980623.0730.0140: 0.297729171026
VOM19980505.0700.0384: 0.294542611371
VOM19980627.0700.0466: 0.292683066119
VOM19980504.0700.0222: 0.287860050235
VOM19980319.0900.0364: 0.286404588047
VOM19980621.0700.0052: 0.285471640842
VOM19980223.0700.2728: 0.283151072024
VOM19980325.0900.3063: 0.282968276282
VOM19980317.0900.2819: 0.281642037375
VOM19980302.0700.0653: 0.279046176054
VOM19980326.0900.1939: 0.278271390422
