VOM19980509.0700.0043: 0.309399172755
VOM19980403.0700.0129: 0.300831196825
VOM19980403.0900.3300: 0.289414380708
VOM19980222.0700.0448: 0.286299167157
VOM19980403.0900.2034: 0.284806897978
VOM19980511.0900.0039: 0.277350098113
VOM19980403.0900.0124: 0.273096010124
VOM19980624.0700.0434: 0.270191547281
VOM19980613.0700.0112: 0.269659685815
VOM19980404.0700.1061: 0.269069117599
VOM19980403.0900.0431: 0.26619856875
VOM19980223.0700.2728: 0.263932441941
VOM19980404.0700.0676: 0.263660354258
