VOM19980618.0700.0114: 0.353919198648
VOM19980319.0900.3416: 0.300049599074
VOM19980306.0700.0593: 0.26989072012
VOM19980222.0700.0448: 0.268645081003
VOM19980526.0730.0266: 0.267632180664
VOM19980325.0900.0905: 0.265484491894
VOM19980317.0900.2819: 0.263908970382
VOM19980618.0700.0542: 0.263180677984
VOM19980529.0700.0392: 0.260240019453
VOM19980403.0900.3074: 0.260240019453
VOM19980506.0700.0472: 0.255685945377
VOM19980403.0900.3340: 0.255599316222
VOM19980617.0900.0206: 0.254642805632
