VOM19980404.0700.0406: 0.32748163642
VOM19980613.0700.0112: 0.319194094709
VOM19980222.0700.0448: 0.312202523704
VOM19980312.0900.2408: 0.295608424781
VOM19980326.0700.0480: 0.285903437861
VOM19980403.0900.3074: 0.285084189055
VOM19980316.0900.2774: 0.282512296265
VOM19980225.0900.2949: 0.281126922121
VOM19980326.0900.1939: 0.277047325603
VOM19980327.0900.1545: 0.273405230537
VOM19980220.0700.1055: 0.273248670724
VOM19980619.0730.0035: 0.273155059507
VOM19980613.0730.0031: 0.272532695838
