VOM19980501.0700.0297: 0.224775862706
VOM19980403.0700.0323: 0.214071282314
VOM19980424.0900.0246: 0.209656967344
VOM19980220.0700.0166: 0.203087345287
VOM19980224.0900.3361: 0.201328679662
VOM19980224.0900.2029: 0.199698461094
VOM19980616.0700.0538: 0.196698948117
VOM19980224.0900.0173: 0.196553406885
VOM19980403.0900.3340: 0.196457503778
VOM19980319.0700.2536: 0.196232836211
VOM19980613.0700.0112: 0.195306292167
VOM19980327.0900.1937: 0.194661607261
VOM19980303.0700.0783: 0.193695734383
