VOM19980220.0700.2814: 0.220426570788
VOM19980221.0700.3085: 0.202649361869
VOM19980625.0700.0404: 0.202499417815
VOM19980604.0730.0077: 0.198757242202
VOM19980604.0700.0157: 0.194428442762
VOM19980223.0900.0378: 0.192286650134
VOM19980220.0900.3559: 0.192006144295
VOM19980403.0700.0435: 0.189074580628
VOM19980606.0700.0562: 0.186651305051
VOM19980605.0700.0406: 0.185167150448
VOM19980302.0700.1749: 0.185118150877
VOM19980317.0700.0156: 0.183786468777
VOM19980427.0900.0190: 0.183444627889
