VOM19980303.0700.0179: 0.294128032386
VOM19980225.0700.0187: 0.282842712475
VOM19980223.0700.0240: 0.282405035661
VOM19980304.0700.0774: 0.276153044889
VOM19980428.0900.0156: 0.271108834235
VOM19980224.0900.3400: 0.268741924943
VOM19980221.0700.0119: 0.266485445669
VOM19980224.0700.0173: 0.265361388802
VOM19980224.0700.1530: 0.262311531294
VOM19980302.0900.0724: 0.262278113683
VOM19980225.0900.0178: 0.261460478698
VOM19980306.0700.0425: 0.255582825411
VOM19980502.0700.0095: 0.25515518154
