VOM19980304.0900.0509: 0.333750782881
VOM19980317.0900.0757: 0.306798430009
VOM19980319.0700.0722: 0.304852489417
VOM19980404.0700.0676: 0.30416516462
VOM19980220.0700.2208: 0.303042963673
VOM19980226.0900.2027: 0.299580686951
VOM19980403.0700.0727: 0.299086186626
VOM19980304.0900.0903: 0.291758539484
VOM19980305.0900.0492: 0.289208465079
VOM19980220.0900.2583: 0.2875999457
VOM19980327.0900.1545: 0.283180418666
VOM19980305.0700.0763: 0.280397008064
VOM19980303.0700.2491: 0.279235938861
