VOM19980312.0900.2795: 0.279291476021
VOM19980327.0900.1287: 0.259966065002
VOM19980325.0900.0905: 0.259692852767
VOM19980222.0700.2530: 0.259588354957
VOM19980317.0900.2819: 0.2564736716
VOM19980222.0700.0448: 0.255280784585
VOM19980319.0700.0722: 0.250827639248
VOM19980327.0900.1545: 0.250546578286
VOM19980403.0900.0619: 0.24929199212
VOM19980326.0900.1939: 0.246525206507
VOM19980226.0900.2027: 0.243814481717
VOM19980326.0900.2164: 0.243274101037
VOM19980403.0700.0727: 0.24219257589
