VOM19980223.0700.0240: 0.277389066556
VOM19980303.0700.0179: 0.273287419946
VOM19980223.0900.0629: 0.2600273088
VOM19980224.0700.1530: 0.259973648538
VOM19980223.0700.0882: 0.257040061673
VOM19980501.0700.0297: 0.245525575524
VOM19980630.0730.0091: 0.245063874906
VOM19980326.0900.0118: 0.240237026573
VOM19980220.0700.0772: 0.238972387799
VOM19980304.0700.0408: 0.238332371571
VOM19980304.0700.0774: 0.23326005511
VOM19980225.0900.0178: 0.231892065428
VOM19980326.0700.0452: 0.230164726179
