VOM19980220.0900.3559: 0.278174320132
VOM19980225.0900.0332: 0.22360679775
VOM19980317.0900.3350: 0.220415507511
VOM19980317.0900.2028: 0.220415507511
VOM19980223.0700.0734: 0.21360230028
VOM19980624.0700.0546: 0.209060502502
VOM19980224.0900.2212: 0.206792547967
VOM19980528.0900.0240: 0.2048366226
VOM19980223.0700.0664: 0.203843562082
VOM19980317.0900.0152: 0.202047548552
VOM19980317.0900.1955: 0.202047548552
VOM19980619.0700.0464: 0.201801838199
VOM19980223.0900.3535: 0.200334168988
