VOM19980531.0700.0120: 0.322371909341
VOM19980619.0700.0149: 0.319221199035
VOM19980527.0700.0094: 0.316921067792
VOM19980515.0700.0170: 0.308156574339
VOM19980527.0730.0079: 0.303802497166
VOM19980527.0700.0163: 0.303802497166
VOM19980404.0700.1788: 0.303790653707
VOM19980315.0700.2184: 0.298796048183
VOM19980619.0730.0035: 0.296110046132
VOM19980520.0700.0129: 0.29488391231
VOM19980314.0700.1946: 0.287482481052
VOM19980314.0700.0275: 0.287482481052
VOM19980520.0900.0115: 0.285916401079
