VOM19980223.0900.0199: 0.276263195279
VOM19980223.0900.3403: 0.276263195279
VOM19980223.0700.0882: 0.272318875594
VOM19980223.0900.1787: 0.266615469709
VOM19980220.0900.3360: 0.248518293039
VOM19980220.0700.0772: 0.237353657246
VOM19980610.0700.0520: 0.236951850387
VOM19980221.0700.0119: 0.236089218967
VOM19980220.0900.1815: 0.23111836291
VOM19980220.0900.0190: 0.228747855499
VOM19980225.0700.0187: 0.222738418556
VOM19980306.0700.0238: 0.220686186676
VOM19980223.0700.1295: 0.220112726581
