VOM19980303.0700.0783: 0.293953467175
VOM19980224.0700.1530: 0.291636116468
VOM19980225.0900.0178: 0.28420798566
VOM19980303.0700.0179: 0.280293838899
VOM19980223.0700.0240: 0.279277784398
VOM19980220.0900.0190: 0.278552387555
VOM19980225.0700.0187: 0.274413065019
VOM19980225.0700.0999: 0.274380540101
VOM19980314.0700.0818: 0.274205015472
VOM19980220.0900.1815: 0.269712392147
VOM19980305.0900.1046: 0.267130094149
VOM19980317.0700.0924: 0.265343250723
VOM19980223.0900.0477: 0.263869215136
