VOM19980223.0900.1740: 0.330169089872
VOM19980223.0900.0154: 0.321686524059
VOM19980223.0700.0197: 0.319163453543
VOM19980223.0900.3362: 0.314870142844
VOM19980625.0700.0328: 0.294138003334
VOM19980506.0700.0506: 0.290423334624
VOM19980613.0730.0072: 0.284927942376
VOM19980223.0700.0800: 0.283163665708
VOM19980304.0700.0774: 0.282487807888
VOM19980326.0700.0115: 0.27702741028
VOM19980613.0700.0179: 0.273608429212
VOM19980228.0700.0156: 0.273055944777
VOM19980326.0700.0717: 0.267778689138
