VOM19980623.0700.0472: 0.315291901976
VOM19980303.0700.1291: 0.29495011654
VOM19980315.0700.2184: 0.272499404256
VOM19980222.0700.0448: 0.265218132983
VOM19980404.0700.0406: 0.260311076437
VOM19980403.0700.1169: 0.25740676824
VOM19980319.0700.0452: 0.256555217874
VOM19980316.0900.2774: 0.255149557985
VOM19980319.0900.0364: 0.250169126919
VOM19980327.0900.2123: 0.249186027142
VOM19980403.0900.2034: 0.24812138924
VOM19980317.0900.2819: 0.247739369938
VOM19980325.0900.0905: 0.246826870545
