VOM19980501.0700.0297: 0.331380238041
VOM19980220.0900.3360: 0.314272341653
VOM19980223.0700.0240: 0.297306260272
VOM19980422.0900.0021: 0.29419630362
VOM19980305.0900.2166: 0.289996856594
VOM19980510.0700.0040: 0.289490159943
VOM19980507.0900.0040: 0.288636652273
VOM19980603.0730.0115: 0.288215972328
VOM19980503.0700.0096: 0.287479787288
VOM19980507.0730.0066: 0.286486762603
VOM19980627.0730.0001: 0.286386011145
VOM19980502.0700.0095: 0.284590469864
VOM19980326.0900.0118: 0.284590469864
