VOM19980220.0900.0190: 0.34189778431
VOM19980220.0900.1815: 0.337589932499
VOM19980224.0900.0173: 0.336538461538
VOM19980220.0900.3360: 0.334865685978
VOM19980224.0900.3361: 0.334865685978
VOM19980303.0700.0783: 0.33346778712
VOM19980224.0900.2029: 0.332154178308
VOM19980225.0900.0178: 0.330479543259
VOM19980221.0700.0119: 0.320791406242
VOM19980303.0700.0179: 0.318660444657
VOM19980225.0700.0187: 0.31778324892
VOM19980304.0700.0774: 0.31026718361
VOM19980223.0700.0240: 0.305959664936
