VOM19980223.0700.0562: 0.351764006429
VOM19980224.0700.0588: 0.299308647208
VOM19980616.0700.0045: 0.278110657396
VOM19980515.0900.0164: 0.274204248554
VOM19980515.0700.0434: 0.270681913066
VOM19980326.0700.0480: 0.270338134134
VOM19980220.0900.2583: 0.269781309373
VOM19980404.0700.0406: 0.269263226759
VOM19980404.0700.1061: 0.269157612624
VOM19980625.0700.0404: 0.267142008696
VOM19980403.0900.2034: 0.266007958374
VOM19980530.0700.0199: 0.265492641025
VOM19980403.0900.0124: 0.264179703318
