VOM19980223.0700.0882: 0.29260286799
VOM19980614.0730.0034: 0.279316987403
VOM19980303.0700.0179: 0.274274270881
VOM19980222.0700.0758: 0.269923411732
VOM19980626.0730.0227: 0.269380245009
VOM19980306.0700.0425: 0.266038071914
VOM19980220.0900.3360: 0.264910189477
VOM19980403.0700.2182: 0.264377330094
VOM19980223.0700.0240: 0.263342581191
VOM19980624.0700.0343: 0.262765132397
VOM19980311.0700.1006: 0.261766478942
VOM19980305.0700.0395: 0.260104707846
VOM19980221.0700.0119: 0.258851635398
