VOM19980220.0700.2814: 0.293475077983
VOM19980403.0700.2289: 0.230898643887
VOM19980403.0900.1941: 0.224256097189
VOM19980427.0900.0010: 0.21919864974
VOM19980325.0900.0356: 0.218785612536
VOM19980220.0700.0707: 0.216196342489
VOM19980221.0700.3085: 0.214029251236
VOM19980530.0700.0512: 0.213696878805
VOM19980317.0700.0454: 0.213577235418
VOM19980303.0900.2177: 0.212830198377
VOM19980611.0700.0254: 0.212653926088
VOM19980619.0700.0464: 0.207184164982
VOM19980224.0900.2212: 0.206864189247
