VOM19980605.0730.0003: 0.288011054731
VOM19980605.0700.0097: 0.273026757933
VOM19980326.0700.0115: 0.265935941786
VOM19980220.0900.3360: 0.263954789969
VOM19980606.0700.0045: 0.261278115942
VOM19980605.0900.0007: 0.257694101601
VOM19980311.0700.1006: 0.250489716434
VOM19980619.0700.0464: 0.25
VOM19980612.0900.0038: 0.24875549677
VOM19980226.0900.0170: 0.246416441453
VOM19980619.0730.0212: 0.246416441453
VOM19980311.0700.0234: 0.246402690152
VOM19980509.0700.0043: 0.245586507545
