VOM19980302.0700.0653: 0.281526635288
VOM19980312.0900.1968: 0.28035081501
VOM19980404.0700.1788: 0.266155873103
VOM19980507.0730.0216: 0.261634059236
VOM19980222.0700.2148: 0.261443492808
VOM19980404.0700.0406: 0.259009194579
VOM19980312.0900.2408: 0.258835753549
VOM19980225.0900.2949: 0.257703049779
VOM19980504.0700.0222: 0.252538136138
VOM19980627.0700.0466: 0.248039185412
VOM19980317.0900.2819: 0.247083105554
VOM19980326.0700.0480: 0.239756111908
VOM19980403.0900.3074: 0.239460372173
