VOM19980614.0730.0034: 0.267103612148
VOM19980311.0700.0279: 0.263943522129
VOM19980626.0700.0365: 0.257243969686
VOM19980223.0900.0629: 0.253975900914
VOM19980224.0700.1724: 0.245391076467
VOM19980224.0700.1530: 0.232580782357
VOM19980430.0900.0074: 0.23166519614
VOM19980223.0700.1295: 0.231306712501
VOM19980614.0700.0111: 0.229199201747
VOM19980607.0700.0045: 0.229199201747
VOM19980501.0700.0297: 0.229092104548
VOM19980303.0700.0783: 0.227786725805
VOM19980527.0700.0426: 0.227611167608
