VOM19980403.0900.3074: 0.331136311957
VOM19980403.0700.0259: 0.32241966398
VOM19980625.0730.0124: 0.320384121644
VOM19980625.0700.0205: 0.314543527972
VOM19980222.0700.0448: 0.313090413899
VOM19980316.0900.3433: 0.310818252778
VOM19980627.0700.0466: 0.299025180201
VOM19980504.0700.0222: 0.29683769523
VOM19980302.0900.0510: 0.294278748769
VOM19980624.0730.0079: 0.284412150986
VOM19980505.0730.0186: 0.284347416229
VOM19980505.0700.0344: 0.284347416229
VOM19980326.0700.0480: 0.283481018167
