VOM19980220.0700.2814: 0.323722668118
VOM19980220.0900.3559: 0.254944336591
VOM19980220.0700.0707: 0.238945737594
VOM19980403.0700.2289: 0.229675588052
VOM19980221.0700.3085: 0.227679964831
VOM19980223.0700.1511: 0.211546135723
VOM19980317.0700.2928: 0.195697901444
VOM19980224.0900.3022: 0.194761041926
VOM19980612.0700.0038: 0.188288871046
VOM19980303.0900.3207: 0.185346105221
VOM19980630.0700.0507: 0.185321231836
VOM19980302.0900.0207: 0.185102868758
VOM19980506.0900.0152: 0.184615513893
