VOM19980304.0700.0871: 0.281956285042
VOM19980302.0900.0871: 0.28077327631
VOM19980220.0700.3434: 0.275044928454
VOM19980303.0700.0179: 0.27346532456
VOM19980225.0700.0187: 0.270707300877
VOM19980502.0730.0193: 0.270707300877
VOM19980614.0700.0111: 0.268920434479
VOM19980224.0700.1620: 0.265726714921
VOM19980403.0700.3400: 0.262475007898
VOM19980225.0900.0178: 0.261617133209
VOM19980222.0700.0758: 0.259053013986
VOM19980326.0700.0115: 0.258243680951
VOM19980225.0900.1874: 0.258109284022
