VOM19980224.0900.3022: 0.277379652175
VOM19980220.0700.2814: 0.246844869409
VOM19980319.0900.0647: 0.237166769796
VOM19980221.0700.3085: 0.23699122097
VOM19980403.0700.0727: 0.233349869483
VOM19980223.0700.1511: 0.229795934796
VOM19980317.0700.2928: 0.227518583598
VOM19980304.0900.1406: 0.220960470247
VOM19980302.0900.1669: 0.217756413053
VOM19980305.0900.2335: 0.214572937089
VOM19980224.0700.2219: 0.214481819697
VOM19980316.0700.2819: 0.2139669377
VOM19980222.0700.0448: 0.213868262158
