VOM19980404.0700.0676: 0.312632950442
VOM19980404.0700.1061: 0.2992642047
VOM19980403.0700.0129: 0.293374090067
VOM19980403.0900.0124: 0.290227500991
VOM19980403.0900.2034: 0.283640842721
VOM19980225.0900.2949: 0.271839302337
VOM19980403.0900.3300: 0.271384882594
VOM19980403.0900.0431: 0.270250201694
VOM19980316.0900.2774: 0.262397123788
VOM19980403.0700.0727: 0.254188194143
VOM19980223.0700.2728: 0.251990204071
VOM19980404.0700.0406: 0.25095706226
VOM19980222.0700.0448: 0.250566153499
