VOM19980625.0700.0404: 0.252755350636
VOM19980612.0700.0080: 0.252178138612
VOM19980319.0900.2169: 0.249252167035
VOM19980612.0730.0039: 0.2454505797
VOM19980613.0730.0031: 0.240807320654
VOM19980603.0700.0103: 0.240662735038
VOM19980520.0900.0115: 0.240192230708
VOM19980607.0700.0045: 0.23712933051
VOM19980613.0700.0112: 0.235702260396
VOM19980520.0700.0074: 0.233397316793
VOM19980522.0700.0215: 0.231784498455
VOM19980603.0730.0115: 0.230293907441
VOM19980520.0700.0129: 0.228802157661
