VOM19980501.0700.0297: 0.311501009484
VOM19980224.0900.0173: 0.286146544556
VOM19980224.0900.3361: 0.28182546745
VOM19980223.0700.0240: 0.272375602785
VOM19980510.0700.0040: 0.272123882797
VOM19980224.0900.2029: 0.26836170461
VOM19980220.0900.0190: 0.266816917013
VOM19980220.0900.1815: 0.260595868575
VOM19980617.0730.0161: 0.259279430054
VOM19980403.0700.2182: 0.257820368173
VOM19980220.0700.3434: 0.25737108341
VOM19980221.0700.0119: 0.257021386774
VOM19980502.0700.0348: 0.255937250061
