VOM19980508.0700.0362: 0.352848443799
VOM19980504.0700.0025: 0.35234361562
VOM19980507.0700.0242: 0.351221644203
VOM19980510.0700.0040: 0.337690816753
VOM19980507.0900.0040: 0.331100878228
VOM19980507.0730.0066: 0.327760668328
VOM19980506.0700.0042: 0.32269715974
VOM19980508.0730.0003: 0.322570929152
VOM19980502.0700.0095: 0.310086836473
VOM19980427.0900.0219: 0.307929395837
VOM19980302.0900.1110: 0.307361958244
VOM19980506.0900.0006: 0.303912219831
VOM19980515.0900.0229: 0.301040929154
