VOM19980223.0900.0477: 0.293833210903
VOM19980223.0700.0882: 0.288275445743
VOM19980221.0700.0119: 0.28792961557
VOM19980226.0900.1725: 0.287679568093
VOM19980226.0900.3359: 0.285458071001
VOM19980311.0700.1006: 0.285229613125
VOM19980226.0900.0170: 0.280591424127
VOM19980624.0700.0343: 0.280591424127
VOM19980303.0700.0179: 0.279661016949
VOM19980502.0700.0149: 0.27313026788
VOM19980504.0700.0025: 0.271186440678
VOM19980220.0900.3360: 0.271095254189
VOM19980220.0900.0190: 0.269677029889
