VOM19980618.0700.0144: 0.260820265479
VOM19980611.0700.0383: 0.256283914813
VOM19980505.0700.0384: 0.235294887184
VOM19980312.0900.2408: 0.22664461422
VOM19980508.0900.0038: 0.225765403985
VOM19980531.0730.0120: 0.221313334069
VOM19980511.0730.0066: 0.221313334069
VOM19980325.0900.0195: 0.220054258293
VOM19980509.0700.0043: 0.219594672917
VOM19980325.0900.3063: 0.219566314336
VOM19980325.0900.2179: 0.218520760458
VOM19980403.0900.2034: 0.218520760458
VOM19980222.0700.0448: 0.217931514929
