VOM19980220.0700.2814: 0.359135086182
VOM19980220.0700.0707: 0.251968153238
VOM19980220.0900.3559: 0.245795353027
VOM19980221.0700.3085: 0.234475945703
VOM19980530.0700.0512: 0.22770754625
VOM19980317.0700.2928: 0.221693180609
VOM19980316.0900.1667: 0.212797475819
VOM19980403.0700.2289: 0.212207012035
VOM19980223.0700.1730: 0.199801078418
VOM19980223.0700.1511: 0.199705495597
VOM19980325.0900.0356: 0.196703364966
VOM19980611.0700.0254: 0.195173692253
VOM19980314.0700.3062: 0.194666217637
