VOM19980220.0700.2814: 0.249751082098
VOM19980221.0700.3085: 0.243985103809
VOM19980225.0900.0714: 0.202251827503
VOM19980224.0900.3022: 0.200814296116
VOM19980317.0700.2928: 0.198644499095
VOM19980315.0700.1148: 0.194205767467
VOM19980316.0900.1667: 0.192723904601
VOM19980224.0700.0481: 0.190088649504
VOM19980611.0700.0254: 0.18938850477
VOM19980303.0900.3207: 0.1872698472
VOM19980223.0700.1730: 0.186608277178
VOM19980528.0900.0072: 0.186248078872
VOM19980503.0700.0300: 0.18578077427
