VOM19980223.0700.1511: 0.252198017898
VOM19980220.0700.2956: 0.241642713051
VOM19980223.0900.3535: 0.241601669702
VOM19980626.0700.0029: 0.23957246921
VOM19980326.0900.3077: 0.239434684226
VOM19980628.0700.0025: 0.237738987006
VOM19980605.0900.0045: 0.234155950216
VOM19980316.0900.1667: 0.233013066851
VOM19980611.0900.0142: 0.232279420702
VOM19980319.0700.0722: 0.232173929335
VOM19980225.0900.0714: 0.231266370449
VOM19980627.0700.0275: 0.231247067721
VOM19980515.0730.0199: 0.231247067721
