VOM19980223.0700.1511: 0.264545249561
VOM19980220.0700.2814: 0.257007852423
VOM19980316.0900.1667: 0.243654822335
VOM19980403.0700.2289: 0.242648602398
VOM19980220.0700.0707: 0.231834827582
VOM19980222.0700.2530: 0.225941423126
VOM19980222.0700.0448: 0.224377681813
VOM19980223.0900.3535: 0.223005559209
VOM19980303.0700.1291: 0.22128246654
VOM19980327.0900.2062: 0.220927723388
VOM19980223.0700.2728: 0.220524419735
VOM19980317.0900.2996: 0.21995532351
VOM19980224.0700.1855: 0.219915448998
