VOM19980221.0700.3085: 0.2759030802
VOM19980317.0700.0255: 0.244780623103
VOM19980220.0700.2814: 0.236447464277
VOM19980220.0900.3559: 0.224197569712
VOM19980316.0900.1667: 0.217935923455
VOM19980403.0700.2289: 0.217921775585
VOM19980223.0700.1511: 0.21540694833
VOM19980224.0900.3022: 0.211741134389
VOM19980506.0900.0152: 0.205074360521
VOM19980503.0700.0218: 0.201498148278
VOM19980220.0700.2656: 0.200073086061
VOM19980403.0700.0129: 0.197186885117
VOM19980220.0700.2956: 0.196814592168
