VOM19980223.0700.0882: 0.305415480607
VOM19980223.0700.0240: 0.28566879005
VOM19980225.0900.0178: 0.285035777144
VOM19980225.0700.0187: 0.282650498581
VOM19980224.0700.1530: 0.269622791952
VOM19980221.0700.0119: 0.260869565217
VOM19980303.0700.0179: 0.259136654013
VOM19980222.0700.1842: 0.255731403478
VOM19980223.0900.0199: 0.253044700702
VOM19980223.0900.3403: 0.253044700702
VOM19980226.0900.0170: 0.251572892133
VOM19980220.0700.0772: 0.247842051532
VOM19980226.0900.1725: 0.247610866693
