VOM19980220.0900.1815: 0.329368309774
VOM19980223.0700.0240: 0.327188576917
VOM19980220.0900.0190: 0.325990083961
VOM19980221.0700.0119: 0.316660997331
VOM19980220.0900.3360: 0.315970793683
VOM19980223.0700.0882: 0.306814196669
VOM19980224.0700.1530: 0.300012397463
VOM19980304.0700.0774: 0.295831180771
VOM19980225.0700.0187: 0.294085848838
VOM19980220.0700.0772: 0.292490456162
VOM19980311.0700.1006: 0.28795906032
VOM19980225.0900.0178: 0.284210645376
VOM19980223.0900.0199: 0.281565763685
