VOM19980325.0900.0905: 0.289594850615
VOM19980220.0700.2208: 0.284224144369
VOM19980312.0900.2408: 0.268832746012
VOM19980224.0700.2219: 0.266152414019
VOM19980223.0900.2288: 0.26179149397
VOM19980302.0900.2091: 0.260719406811
VOM19980223.0700.1993: 0.259230136181
VOM19980326.0700.2359: 0.259136654013
VOM19980326.0900.2164: 0.259136654013
VOM19980222.0700.0448: 0.258497771069
VOM19980319.0900.0364: 0.257694940104
VOM19980404.0700.1788: 0.257243969686
VOM19980404.0700.0406: 0.256268161888
