VOM19980224.0900.3022: 0.281801967027
VOM19980221.0700.3085: 0.268319215879
VOM19980302.0700.2334: 0.255902587547
VOM19980227.0900.0753: 0.245243533995
VOM19980303.0900.1169: 0.244455419957
VOM19980303.0900.2535: 0.244376725332
VOM19980316.0900.1194: 0.244047662282
VOM19980316.0900.1667: 0.241826257483
VOM19980403.0700.0727: 0.241303606001
VOM19980305.0700.0763: 0.239886769332
VOM19980223.0700.1511: 0.239769332972
VOM19980304.0900.1080: 0.239579615978
VOM19980305.0900.2335: 0.235334337813
