VOM19980504.0700.0268: 0.262296491788
VOM19980504.0730.0100: 0.260025483746
VOM19980430.0900.0192: 0.255945348444
VOM19980618.0700.0315: 0.249181667199
VOM19980228.0700.2757: 0.241307588664
VOM19980223.0700.2728: 0.23519885301
VOM19980626.0700.0131: 0.235017788582
VOM19980611.0700.0383: 0.234022935372
VOM19980619.0700.0149: 0.232429973993
VOM19980224.0700.0588: 0.231084580701
VOM19980502.0700.0438: 0.230204627758
VOM19980626.0730.0070: 0.229174624257
VOM19980626.0900.0075: 0.229174624257
