VOM19980222.0700.0448: 0.276375663189
VOM19980623.0900.0051: 0.274172040384
VOM19980403.0700.0129: 0.273006519407
VOM19980404.0700.0676: 0.27014773362
VOM19980613.0700.0112: 0.267183357242
VOM19980620.0730.0003: 0.264850719235
VOM19980511.0730.0066: 0.264820448851
VOM19980223.0700.2728: 0.263376626916
VOM19980403.0900.3300: 0.260714456776
VOM19980627.0700.0022: 0.25945972196
VOM19980511.0900.0039: 0.259100110253
VOM19980305.0900.1046: 0.257921192467
VOM19980403.0900.2034: 0.256891545196
