VOM19980326.0700.2359: 0.318310405711
VOM19980326.0900.2164: 0.318310405711
VOM19980316.0900.2774: 0.311029707369
VOM19980326.0900.1939: 0.309705599662
VOM19980222.0700.0448: 0.3038599739
VOM19980325.0900.0905: 0.297652714988
VOM19980327.0900.1545: 0.296372533605
VOM19980226.0900.2027: 0.287908399816
VOM19980317.0900.2819: 0.287438832834
VOM19980319.0900.0364: 0.284811934489
VOM19980225.0900.2949: 0.282563816243
VOM19980223.0900.0886: 0.279212999293
VOM19980404.0700.0406: 0.278543007266
