VOM19980225.0700.0757: 0.291314333785
VOM19980227.0900.1346: 0.264250013866
VOM19980222.0700.0758: 0.264193742421
VOM19980501.0700.0297: 0.26411163868
VOM19980223.0700.0240: 0.264070069061
VOM19980221.0700.0119: 0.262298998193
VOM19980403.0700.2182: 0.260456664604
VOM19980404.0700.1295: 0.25944476021
VOM19980303.0700.0976: 0.258087267245
VOM19980314.0700.0818: 0.257913623098
VOM19980314.0700.1261: 0.25733789062
VOM19980305.0700.1234: 0.257312603436
VOM19980224.0700.1530: 0.256039066608
