VOM19980220.0900.3360: 0.303527972647
VOM19980223.0700.0882: 0.301268353529
VOM19980223.0900.0154: 0.298671211725
VOM19980223.0900.1740: 0.296328656249
VOM19980223.0700.0197: 0.296328656249
VOM19980221.0700.0119: 0.294991671828
VOM19980613.0700.0300: 0.292987226859
VOM19980220.0900.1815: 0.288780625238
VOM19980225.0900.0178: 0.288718050693
VOM19980220.0900.0190: 0.285818694373
VOM19980223.0900.3362: 0.283610658549
VOM19980613.0700.0179: 0.283344390172
VOM19980403.0700.2182: 0.27821717791
