VOM19980511.0700.0105: 0.327777388679
VOM19980511.0730.0066: 0.3239530205
VOM19980403.0900.0431: 0.312120911913
VOM19980404.0700.0676: 0.311637929392
VOM19980222.0700.0448: 0.301825723067
VOM19980511.0900.0039: 0.294174202707
VOM19980404.0700.1061: 0.294039105477
VOM19980403.0700.1169: 0.284697795353
VOM19980403.0700.0727: 0.2776840538
VOM19980303.0900.1646: 0.277370935053
VOM19980220.0900.2583: 0.276595937911
VOM19980509.0700.0043: 0.274828879988
VOM19980404.0700.0406: 0.273679023707
