VOM19980501.0700.0297: 0.300086814529
VOM19980304.0700.0774: 0.295462736473
VOM19980223.0900.3362: 0.292097957389
VOM19980304.0700.0871: 0.28177285658
VOM19980228.0700.1784: 0.274487452672
VOM19980319.0900.2169: 0.272654593906
VOM19980303.0700.0783: 0.271251731119
VOM19980607.0700.0270: 0.266747138083
VOM19980228.0700.0156: 0.263050475477
VOM19980220.0700.3434: 0.260655237231
VOM19980223.0700.1040: 0.260519158828
VOM19980315.0700.1795: 0.258528244295
VOM19980611.0700.0383: 0.256157124319
