VOM19980223.0900.3362: 0.386049480852
VOM19980223.0700.0800: 0.353535353535
VOM19980228.0700.0156: 0.352350105545
VOM19980223.0900.0477: 0.34426518633
VOM19980228.0700.1784: 0.338798178409
VOM19980303.0700.0179: 0.333076428992
VOM19980311.0700.0234: 0.32433748657
VOM19980326.0700.0115: 0.316227766017
VOM19980224.0900.2029: 0.306335832427
VOM19980223.0900.0154: 0.303894870559
VOM19980223.0900.1740: 0.301511344578
VOM19980224.0900.0173: 0.301511344578
VOM19980303.0900.0160: 0.298424595262
