VOM19980515.0730.0097: 0.342997170285
VOM19980515.0700.0170: 0.288432448436
VOM19980515.0900.0047: 0.286468280321
VOM19980511.0900.0244: 0.262575246591
VOM19980316.0900.1667: 0.254717048202
VOM19980522.0700.0215: 0.250721973986
VOM19980319.0900.2169: 0.247148735613
VOM19980619.0700.0149: 0.243256386284
VOM19980319.0700.0177: 0.241489757184
VOM19980603.0700.0103: 0.23863178957
VOM19980327.0900.2123: 0.238165255811
VOM19980223.0700.1730: 0.232836499666
VOM19980521.0700.0223: 0.23080295417
