VOM19980319.0900.3353: 0.324725458031
VOM19980222.0700.1842: 0.322064419326
VOM19980220.0900.3360: 0.291638539306
VOM19980326.0700.0115: 0.289569106397
VOM19980305.0700.0395: 0.278910588624
VOM19980326.0700.0452: 0.277979724571
VOM19980326.0900.0118: 0.274873708375
VOM19980223.0900.3362: 0.272964840083
VOM19980311.0700.0279: 0.270187912934
VOM19980224.0700.1530: 0.270116202933
VOM19980225.0900.0178: 0.268298430589
VOM19980225.0700.0187: 0.266053215965
VOM19980223.0900.0477: 0.261764205171
