VOM19980224.0900.3022: 0.23871554806
VOM19980223.0700.1511: 0.23521876807
VOM19980224.0900.0912: 0.216443297029
VOM19980225.0700.1297: 0.215127704619
VOM19980220.0700.2814: 0.214137470951
VOM19980227.0900.0912: 0.213998771882
VOM19980222.0700.2530: 0.212238179989
VOM19980305.0700.0763: 0.212132034356
VOM19980404.0700.1295: 0.211080393345
VOM19980319.0700.0722: 0.21093476021
VOM19980316.0900.1194: 0.209773930794
VOM19980305.0900.2335: 0.20772879892
VOM19980316.0900.0805: 0.207127574856
