VOM19980304.0700.0774: 0.27609014089
VOM19980220.0900.2583: 0.273732892229
VOM19980302.0700.0484: 0.263088920036
VOM19980222.0700.0448: 0.262274508681
VOM19980223.0700.1993: 0.262197093188
VOM19980223.0700.2728: 0.261958491434
VOM19980303.0700.0179: 0.259928949628
VOM19980303.0700.0783: 0.258629785798
VOM19980614.0700.0111: 0.257502429185
VOM19980222.0700.0758: 0.255805652737
VOM19980326.0700.2112: 0.255508115363
VOM19980326.0700.0207: 0.255114996457
VOM19980223.0900.2288: 0.253854431945
