VOM19980404.0700.0406: 0.309940400862
VOM19980326.0700.2359: 0.308428553633
VOM19980326.0900.2164: 0.308428553633
VOM19980226.0900.2027: 0.29694193381
VOM19980327.0900.1545: 0.287313432836
VOM19980325.0900.0905: 0.283751399835
VOM19980326.0900.1939: 0.283578703558
VOM19980222.0700.0448: 0.27981608137
VOM19980317.0900.2819: 0.27553309148
VOM19980223.0700.2728: 0.268215445439
VOM19980404.0700.0676: 0.268080634079
VOM19980220.0700.2208: 0.267620197547
VOM19980316.0900.2774: 0.2660387098
