VOM19980223.0700.0882: 0.299244644738
VOM19980311.0700.1006: 0.268741924943
VOM19980626.0700.0131: 0.266052018255
VOM19980223.0700.0240: 0.261839064146
VOM19980503.0700.0218: 0.257843977016
VOM19980326.0700.0115: 0.251915736828
VOM19980626.0700.0365: 0.250603137185
VOM19980626.0700.0298: 0.250417711235
VOM19980524.0700.0492: 0.247685601219
VOM19980224.0900.0215: 0.247048302665
VOM19980305.0700.1234: 0.244458856131
VOM19980503.0730.0136: 0.24179735178
VOM19980501.0700.0297: 0.240345561225
