VOM19980630.0730.0043: 0.261956088942
VOM19980312.0900.3403: 0.26158135253
VOM19980312.0900.1827: 0.259463250039
VOM19980620.0700.0175: 0.258589374302
VOM19980630.0700.0071: 0.251477845385
VOM19980509.0700.0089: 0.248652281287
VOM19980403.0900.2613: 0.24727436215
VOM19980508.0700.0421: 0.244736252593
VOM19980626.0700.0131: 0.242461352909
VOM19980317.0700.1915: 0.242031200587
VOM19980223.0700.0882: 0.240771706172
VOM19980506.0700.0506: 0.239194335945
VOM19980606.0700.0460: 0.235907129848
