VOM19980325.0900.3063: 0.304738095486
VOM19980326.0700.2359: 0.29460019952
VOM19980326.0900.2164: 0.29460019952
VOM19980404.0700.0406: 0.293492157558
VOM19980222.0700.0448: 0.288151076524
VOM19980403.0900.3074: 0.288111565599
VOM19980226.0900.3196: 0.28348897958
VOM19980327.0900.1545: 0.276213796916
VOM19980316.0900.2774: 0.276207498724
VOM19980317.0900.2819: 0.271761544653
VOM19980403.0700.1459: 0.268105186502
VOM19980312.0900.2408: 0.26492708211
VOM19980223.0900.0886: 0.263731742172
