VOM19980221.0700.0119: 0.30583175996
VOM19980222.0700.1842: 0.284028640999
VOM19980223.0700.0882: 0.277801595808
VOM19980224.0700.1530: 0.263411374823
VOM19980225.0900.0178: 0.262556753857
VOM19980220.0900.1815: 0.261968415998
VOM19980319.0900.3353: 0.261968415998
VOM19980304.0700.0774: 0.260504201681
VOM19980225.0700.0187: 0.260359587582
VOM19980220.0900.0190: 0.259281489421
VOM19980303.0900.1879: 0.258216673877
VOM19980501.0700.0297: 0.255529026826
VOM19980326.0700.0115: 0.253470939535
