VOM19980529.0700.0168: 0.236703795254
VOM19980605.0900.0007: 0.23312620206
VOM19980520.0700.0074: 0.225182540469
VOM19980522.0700.0215: 0.223164449547
VOM19980327.0900.2123: 0.222082534599
VOM19980605.0730.0003: 0.221469891957
VOM19980627.0700.0360: 0.22039898399
VOM19980625.0700.0404: 0.218523213845
VOM19980427.0900.0190: 0.215726313161
VOM19980623.0730.0101: 0.213170812335
VOM19980510.0730.0063: 0.213170812335
VOM19980528.0900.0006: 0.213170812335
VOM19980623.0700.0507: 0.213170812335
