VOM19980326.0700.2359: 0.329487065253
VOM19980326.0900.2164: 0.329487065253
VOM19980325.0900.3063: 0.31411465227
VOM19980404.0700.0406: 0.310506195677
VOM19980222.0700.0448: 0.309031589316
VOM19980325.0900.0905: 0.306521393536
VOM19980226.0900.3196: 0.293988571416
VOM19980403.0900.3074: 0.293547632874
VOM19980505.0700.0384: 0.282879908772
VOM19980403.0700.1169: 0.28206305357
VOM19980305.0900.2335: 0.280720781225
VOM19980220.0700.1159: 0.275770654184
VOM19980226.0900.2027: 0.273287955463
