VOM19980501.0700.0297: 0.305674912925
VOM19980223.0900.0477: 0.285378940193
VOM19980223.0700.1295: 0.281755947699
VOM19980303.0700.0179: 0.281217046808
VOM19980304.0700.0774: 0.280032969773
VOM19980223.0700.0240: 0.276008832424
VOM19980305.0700.1234: 0.272296985931
VOM19980303.0700.0783: 0.27016281009
VOM19980223.0700.0882: 0.267437129554
VOM19980515.0700.0170: 0.265373557955
VOM19980305.0700.2004: 0.264295383006
VOM19980311.0700.0800: 0.263071691643
VOM19980225.0700.0187: 0.262915241025
