VOM19980319.0900.0364: 0.291117743041
VOM19980509.0700.0043: 0.288368239128
VOM19980403.0700.1169: 0.282454842195
VOM19980327.0900.1545: 0.281816280877
VOM19980319.0700.2536: 0.275742748337
VOM19980301.0700.0136: 0.274004026367
VOM19980222.0700.0448: 0.273954112161
VOM19980404.0700.1788: 0.273842419731
VOM19980223.0900.2288: 0.272202360597
VOM19980316.0900.2774: 0.269632885897
VOM19980602.0700.0245: 0.268817361275
VOM19980403.0900.3074: 0.267456251965
VOM19980404.0700.0676: 0.265952415571
