VOM19980605.0900.0007: 0.31807084863
VOM19980605.0730.0003: 0.307468487009
VOM19980619.0700.0149: 0.302987720466
VOM19980605.0700.0097: 0.300086814529
VOM19980602.0730.0002: 0.299733753294
VOM19980602.0900.0005: 0.299212929698
VOM19980530.0700.0107: 0.293941264646
VOM19980527.0700.0094: 0.291101185823
VOM19980606.0700.0098: 0.289884069554
VOM19980529.0700.0168: 0.28419777443
VOM19980613.0700.0112: 0.282784009085
VOM19980612.0700.0038: 0.280314288182
VOM19980520.0700.0074: 0.279302490593
