VOM19980528.0900.0006: 0.290286004572
VOM19980304.0900.0276: 0.286209887623
VOM19980304.0700.0304: 0.267522622163
VOM19980530.0700.0037: 0.265222606181
VOM19980407.0900.0109: 0.248171153204
VOM19980625.0700.0404: 0.223180990253
VOM19980611.0900.0185: 0.220044013204
VOM19980529.0700.0041: 0.21870444132
VOM19980611.0730.0005: 0.217917934231
VOM19980529.0730.0003: 0.217714503429
VOM19980529.0900.0008: 0.217714503429
VOM19980610.0700.0551: 0.215979698862
VOM19980610.0700.0445: 0.215852314777
