VOM19980325.0900.3063: 0.326523752362
VOM19980404.0700.0406: 0.314089469674
VOM19980327.0900.1545: 0.310280915855
VOM19980316.0900.2774: 0.309027761187
VOM19980326.0700.2359: 0.302500214442
VOM19980326.0900.2164: 0.302500214442
VOM19980222.0700.0448: 0.294356571392
VOM19980226.0900.2027: 0.291299620881
VOM19980317.0900.2819: 0.288050701386
VOM19980226.0900.3196: 0.286338055556
VOM19980312.0900.2408: 0.284259126951
VOM19980326.0900.1939: 0.284109253514
VOM19980404.0700.0676: 0.281074383373
