VOM19980618.0700.0114: 0.293865311987
VOM19980618.0700.0144: 0.266338056971
VOM19980403.0900.3074: 0.259973473448
VOM19980325.0900.2134: 0.255189219192
VOM19980222.0700.0448: 0.252024028214
VOM19980624.0700.0546: 0.250391542918
VOM19980325.0900.3063: 0.24556481907
VOM19980223.0700.2728: 0.239109777709
VOM19980506.0700.0472: 0.237855212849
VOM19980317.0900.2819: 0.233440672544
VOM19980220.0700.0620: 0.231627104672
VOM19980220.0900.2019: 0.228992520219
VOM19980223.0900.0886: 0.228006602928
