VOM19980220.0700.2814: 0.300012978631
VOM19980224.0900.3022: 0.270788537464
VOM19980221.0700.3085: 0.238687958052
VOM19980325.0900.0905: 0.222436272073
VOM19980403.0700.1169: 0.221194402691
VOM19980223.0700.1511: 0.220233984118
VOM19980222.0700.2530: 0.220117725678
VOM19980327.0900.1545: 0.219840350421
VOM19980225.0900.0714: 0.218285085893
VOM19980224.0700.1855: 0.217817857104
VOM19980306.0700.1638: 0.217075222905
VOM19980220.0900.2343: 0.216586941439
VOM19980303.0900.3207: 0.215773650564
