VOM19980403.0700.0727: 0.344009342908
VOM19980404.0700.0676: 0.343127323656
VOM19980222.0700.0448: 0.32807113513
VOM19980403.0700.1169: 0.324906720185
VOM19980303.0900.1646: 0.322435316342
VOM19980403.0900.0431: 0.317642662416
VOM19980223.0700.2728: 0.306758372935
VOM19980327.0900.1545: 0.300814324372
VOM19980404.0700.0406: 0.298251516739
VOM19980225.0900.0714: 0.298081580052
VOM19980404.0700.1061: 0.29622341362
VOM19980326.0700.2359: 0.294453554567
VOM19980326.0900.2164: 0.294453554567
