VOM19980325.0900.0905: 0.286435957257
VOM19980220.0700.2208: 0.285160590632
VOM19980613.0700.0112: 0.284186415386
VOM19980325.0900.3063: 0.281431555763
VOM19980222.0700.0448: 0.27893261436
VOM19980302.0700.0653: 0.278200849729
VOM19980327.0900.1545: 0.274965109146
VOM19980312.0900.2408: 0.271724808483
VOM19980404.0700.0406: 0.269717871619
VOM19980326.0900.1939: 0.267177518636
VOM19980326.0700.2359: 0.265463926395
VOM19980326.0900.2164: 0.265463926395
VOM19980305.0900.2335: 0.262139538936
