VOM19980220.0700.0772: 0.289071321891
VOM19980501.0700.0297: 0.285403810984
VOM19980614.0700.0111: 0.273122570773
VOM19980311.0700.0279: 0.271278017112
VOM19980506.0700.0506: 0.271019629253
VOM19980221.0700.0119: 0.2682886028
VOM19980627.0700.0275: 0.266206952825
VOM19980225.0900.0178: 0.265705148509
VOM19980523.0700.0189: 0.26401848508
VOM19980302.0900.0871: 0.263639067911
VOM19980225.0700.0187: 0.263481635372
VOM19980224.0700.1530: 0.263479350615
VOM19980326.0700.0115: 0.262278982866
