VOM19980319.0700.0452: 0.274123350411
VOM19980630.0700.0032: 0.251418227577
VOM19980630.0730.0002: 0.250890506489
VOM19980630.0900.0005: 0.248891347087
VOM19980302.0700.0653: 0.24023843485
VOM19980222.0700.0448: 0.237008289008
VOM19980317.0900.0152: 0.236742893537
VOM19980317.0900.1955: 0.236742893537
VOM19980303.0900.1646: 0.23466653563
VOM19980224.0700.0588: 0.233271010497
VOM19980220.0700.1159: 0.231980337149
VOM19980221.0700.2087: 0.230646717485
VOM19980606.0730.0212: 0.229533740017
