VOM19980303.0700.0179: 0.350430317038
VOM19980222.0700.1842: 0.337862314259
VOM19980303.0900.0160: 0.337862314259
VOM19980223.0700.0800: 0.32678920157
VOM19980221.0700.0119: 0.32245723909
VOM19980225.0700.0187: 0.317385810364
VOM19980223.0900.3362: 0.315126745832
VOM19980223.0900.0477: 0.314868809295
VOM19980303.0900.1879: 0.31477353705
VOM19980223.0700.0882: 0.312430200137
VOM19980224.0700.1530: 0.311438318278
VOM19980225.0900.0178: 0.309739566889
VOM19980403.0700.0372: 0.309666678415
