VOM19980404.0700.0406: 0.357002773648
VOM19980222.0700.0448: 0.311988770318
VOM19980316.0900.2774: 0.297211111881
VOM19980616.0700.0538: 0.291275864018
VOM19980403.0900.0173: 0.288911269714
VOM19980326.0700.2359: 0.282442029473
VOM19980326.0900.2164: 0.282442029473
VOM19980506.0700.0472: 0.28023852319
VOM19980220.0700.2208: 0.278334193806
VOM19980603.0900.0243: 0.271194202871
VOM19980403.0900.3074: 0.270745576918
VOM19980403.0900.2970: 0.269323797369
VOM19980325.0900.0905: 0.267832011654
