VOM19980326.0700.2359: 0.328572013428
VOM19980326.0900.2164: 0.328572013428
VOM19980226.0900.3196: 0.310655752532
VOM19980222.0700.0448: 0.297212055835
VOM19980325.0900.0905: 0.287040028912
VOM19980326.0900.1939: 0.281579273329
VOM19980325.0900.3063: 0.281177079151
VOM19980404.0700.0406: 0.278911564626
VOM19980317.0900.2819: 0.278317981614
VOM19980223.0700.2728: 0.277071346853
VOM19980305.0900.2335: 0.271387624396
VOM19980316.0900.3018: 0.270818124423
VOM19980327.0900.2652: 0.2705008904
