VOM19980317.0900.2819: 0.279316919742
VOM19980303.0900.2177: 0.278589443662
VOM19980319.0900.0364: 0.277996745301
VOM19980319.0700.0452: 0.264906471413
VOM19980618.0700.0114: 0.254672469722
VOM19980603.0700.0545: 0.249310343514
VOM19980222.0700.0448: 0.244655651934
VOM19980319.0700.0722: 0.244107587211
VOM19980223.0900.0886: 0.243508920066
VOM19980223.0700.0664: 0.242964765375
VOM19980223.0700.2728: 0.242119843434
VOM19980325.0900.0905: 0.241309642302
VOM19980327.0900.0327: 0.240908609092
