VOM19980501.0700.0297: 0.342484573181
VOM19980223.0700.0240: 0.290198309876
VOM19980421.0900.0012: 0.288629670364
VOM19980504.0700.0025: 0.285907257858
VOM19980317.0900.0376: 0.282079778154
VOM19980317.0900.2122: 0.279637483023
VOM19980220.0900.0190: 0.277873285133
VOM19980220.0900.3360: 0.272674461249
VOM19980220.0900.1815: 0.271696333501
VOM19980326.0700.0115: 0.270739595217
VOM19980620.0700.0175: 0.269555599589
VOM19980221.0700.0119: 0.2682886028
VOM19980326.0700.0452: 0.267548054274
