VOM19980223.0900.1997: 0.203809866146
VOM19980223.0900.0378: 0.1807168213
VOM19980220.0700.0521: 0.179184328029
VOM19980223.0900.3535: 0.179184328029
VOM19980625.0700.0404: 0.17762741722
VOM19980312.0900.3403: 0.174691224621
VOM19980312.0900.1827: 0.173276697498
VOM19980220.0900.3559: 0.172250775529
VOM19980613.0700.0112: 0.170276489394
VOM19980406.0900.0220: 0.170236077268
VOM19980627.0700.0572: 0.170174251925
VOM19980220.0700.2814: 0.167785371998
VOM19980403.0900.1941: 0.167459975017
