VOM19980225.0700.0187: 0.357623736408
VOM19980304.0700.0774: 0.347989740936
VOM19980225.0900.0178: 0.347284611304
VOM19980224.0900.2029: 0.338778390637
VOM19980224.0900.0173: 0.333442964428
VOM19980303.0900.1879: 0.328407667699
VOM19980225.0900.1874: 0.328351933184
VOM19980326.0700.0452: 0.324811318067
VOM19980326.0900.0118: 0.321182027419
VOM19980303.0700.0179: 0.321126474011
VOM19980223.0900.1740: 0.320618235027
VOM19980303.0900.0160: 0.317887765696
VOM19980224.0900.3361: 0.315271360991
