VOM19980317.0700.3608: 0.330166641446
VOM19980220.0900.3360: 0.310447383627
VOM19980221.0700.0119: 0.308964928088
VOM19980326.0700.0115: 0.308244485363
VOM19980501.0700.0297: 0.308091353002
VOM19980223.0700.0240: 0.301625301625
VOM19980222.0700.0758: 0.299547691641
VOM19980304.0700.0774: 0.296359038767
VOM19980326.0900.0118: 0.294513753931
VOM19980220.0700.0772: 0.292547254258
VOM19980223.0900.0477: 0.286636202887
VOM19980326.0700.0452: 0.284303439564
VOM19980223.0700.0882: 0.281214566929
