VOM19980304.0700.0774: 0.305566165676
VOM19980223.0900.3362: 0.294340523792
VOM19980226.0900.0170: 0.282222504445
VOM19980317.0700.3639: 0.281091347571
VOM19980226.0900.1725: 0.277777777778
VOM19980223.0900.0477: 0.276799624591
VOM19980226.0900.3359: 0.275632743532
VOM19980326.0700.0115: 0.275444748004
VOM19980220.0900.3360: 0.270300079858
VOM19980304.0700.0408: 0.257913271419
VOM19980620.0730.0003: 0.257045219922
VOM19980304.0900.0353: 0.256009826427
VOM19980303.0700.0179: 0.255715171638
