VOM19980303.0700.0179: 0.320383106644
VOM19980223.0900.3362: 0.320118440124
VOM19980223.0900.0154: 0.316673107938
VOM19980223.0900.1740: 0.31418935894
VOM19980223.0700.0197: 0.31418935894
VOM19980223.0700.0240: 0.307613667161
VOM19980224.0700.1530: 0.30556865463
VOM19980501.0700.0297: 0.300570589259
VOM19980224.0900.0215: 0.298299334712
VOM19980224.0700.0173: 0.291827948288
VOM19980311.0700.0234: 0.288867777349
VOM19980303.0700.0783: 0.288552476788
VOM19980304.0700.0774: 0.28358588369
