VOM19980404.0700.0676: 0.354533229511
VOM19980403.0700.0129: 0.336476355693
VOM19980404.0700.1061: 0.329164962113
VOM19980403.0900.0124: 0.32525285711
VOM19980403.0900.2034: 0.320384121644
VOM19980403.0900.3300: 0.307221706373
VOM19980403.0700.1169: 0.301472806483
VOM19980403.0900.0431: 0.301048369305
VOM19980403.0700.0727: 0.296551872238
VOM19980222.0700.0448: 0.294031408709
VOM19980225.0900.2949: 0.291077008605
VOM19980305.0700.0436: 0.288165662188
VOM19980319.0900.0364: 0.285024918777
