VOM19980430.0900.0074: 0.294492213338
VOM19980317.0700.0156: 0.294230790993
VOM19980311.0700.0279: 0.287592291399
VOM19980317.0900.0152: 0.286583502702
VOM19980317.0900.1955: 0.286583502702
VOM19980626.0700.0365: 0.271798762214
VOM19980520.0700.0074: 0.268469577935
VOM19980317.0700.3639: 0.267733852789
VOM19980326.0900.0118: 0.266445335877
VOM19980221.0700.0119: 0.264807711894
VOM19980223.0900.3362: 0.261663198119
VOM19980529.0900.0173: 0.260473813789
VOM19980303.0700.0179: 0.259801126188
