VOM19980302.0700.0653: 0.312168664927
VOM19980613.0700.0112: 0.271887985985
VOM19980222.0700.0448: 0.26631671026
VOM19980224.0700.0588: 0.260931229221
VOM19980403.0700.0259: 0.253155904707
VOM19980223.0700.2728: 0.251090884192
VOM19980621.0700.0052: 0.249903207069
VOM19980621.0730.0001: 0.240491300412
VOM19980618.0900.0204: 0.240491300412
VOM19980403.0900.3074: 0.24
VOM19980403.0900.0431: 0.24
VOM19980618.0700.0234: 0.237542978567
VOM19980325.0900.0905: 0.237417296078
