VOM19980529.0700.0041: 0.298345154914
VOM19980526.0900.0034: 0.283411176436
VOM19980316.0900.1667: 0.283030185081
VOM19980526.0730.0039: 0.276048588828
VOM19980527.0700.0094: 0.271941227318
VOM19980527.0730.0043: 0.268709556836
VOM19980527.0900.0049: 0.268709556836
VOM19980327.0900.2123: 0.265054672475
VOM19980603.0700.0103: 0.252024191287
VOM19980515.0730.0097: 0.250400962567
VOM19980627.0700.0022: 0.249805455852
VOM19980220.0700.0874: 0.249477364169
VOM19980319.0700.3392: 0.247979995863
