VOM19980220.0700.2814: 0.269919625031
VOM19980224.0900.3022: 0.261926149393
VOM19980221.0700.3085: 0.248334388375
VOM19980220.0900.3559: 0.236248247368
VOM19980224.0900.2212: 0.231085583327
VOM19980223.0700.1511: 0.226985127803
VOM19980317.0700.0156: 0.22683469929
VOM19980505.0700.0438: 0.226427970658
VOM19980524.0700.0409: 0.225551738732
VOM19980319.0900.0364: 0.225296253638
VOM19980627.0730.0001: 0.217589200107
VOM19980422.0900.0021: 0.217314292606
VOM19980317.0900.0152: 0.213467717984
