VOM19980319.0900.2169: 0.325883800398
VOM19980515.0700.0434: 0.323519816658
VOM19980605.0900.0007: 0.31225639856
VOM19980605.0700.0097: 0.311015844213
VOM19980605.0730.0003: 0.30218361151
VOM19980406.0900.0112: 0.293374295018
VOM19980529.0700.0100: 0.282588594778
VOM19980612.0700.0080: 0.281351979381
VOM19980509.0700.0043: 0.281052716805
VOM19980619.0700.0149: 0.279629470358
VOM19980520.0900.0115: 0.27914526312
VOM19980613.0700.0112: 0.276561049293
VOM19980612.0700.0038: 0.275496148514
