VOM19980314.0700.0818: 0.328862143298
VOM19980223.0700.1993: 0.32619840086
VOM19980314.0700.1261: 0.324973185494
VOM19980317.0700.0924: 0.304451107546
VOM19980403.0700.0727: 0.303308841885
VOM19980403.0900.2349: 0.29763618482
VOM19980223.0900.2288: 0.297598982072
VOM19980224.0700.2219: 0.294385152115
VOM19980319.0700.1102: 0.291690722015
VOM19980317.0700.0723: 0.290491730547
VOM19980327.0900.0757: 0.290318237125
VOM19980223.0900.2779: 0.286083364669
VOM19980303.0700.2491: 0.285778955326
