VOM19980625.0700.0404: 0.31955459968
VOM19980317.0900.2122: 0.298423711045
VOM19980605.0730.0003: 0.295454545455
VOM19980614.0730.0072: 0.290992908938
VOM19980612.0730.0272: 0.290909090909
VOM19980612.0900.0274: 0.290909090909
VOM19980317.0900.0376: 0.288988877905
VOM19980605.0900.0007: 0.284090909091
VOM19980606.0730.0060: 0.281671516088
VOM19980612.0900.0038: 0.279721414946
VOM19980603.0730.0115: 0.277922544745
VOM19980612.0700.0080: 0.2777318603
VOM19980613.0730.0031: 0.270621239104
