VOM19980223.0900.0886: 0.256225131375
VOM19980612.0700.0080: 0.255599316222
VOM19980625.0700.0404: 0.254151149801
VOM19980603.0700.0103: 0.254091342493
VOM19980224.0900.3453: 0.253470849888
VOM19980224.0900.2212: 0.250801027365
VOM19980627.0700.0155: 0.245090219219
VOM19980627.0730.0099: 0.24345080136
VOM19980306.0700.1456: 0.243280702301
VOM19980531.0700.0120: 0.241451096015
VOM19980303.0700.0783: 0.238623898359
VOM19980315.0700.0452: 0.230699470274
VOM19980316.0900.0202: 0.229954013795
