VOM19980529.0700.0100: 0.352946223065
VOM19980319.0900.2169: 0.322580645161
VOM19980531.0700.0120: 0.30918282691
VOM19980529.0900.0046: 0.304924789308
VOM19980529.0730.0042: 0.304924789308
VOM19980605.0730.0003: 0.298123612235
VOM19980603.0700.0103: 0.292430327636
VOM19980605.0700.0097: 0.289049516585
VOM19980605.0900.0007: 0.285161716051
VOM19980520.0700.0074: 0.284550588543
VOM19980607.0700.0045: 0.276611397647
VOM19980529.0700.0168: 0.273744880935
VOM19980606.0700.0098: 0.268853044206
