VOM19980404.0700.0676: 0.284018778722
VOM19980220.0900.2583: 0.283473354757
VOM19980325.0900.0905: 0.283296453797
VOM19980403.0900.0431: 0.282842712475
VOM19980403.0900.0619: 0.279768881512
VOM19980225.0900.0714: 0.279153544793
VOM19980222.0700.0448: 0.278850097811
VOM19980403.0700.0727: 0.276309587151
VOM19980403.0900.1729: 0.276
VOM19980303.0900.1646: 0.272896916935
VOM19980403.0900.2349: 0.270185121722
VOM19980404.0700.0406: 0.269264556451
VOM19980316.0900.2774: 0.267465602659
