VOM19980326.0900.1939: 0.311510999802
VOM19980327.0900.1545: 0.307415841428
VOM19980325.0900.0905: 0.30177564101
VOM19980316.0900.2774: 0.298519901696
VOM19980221.0700.2690: 0.291271423803
VOM19980326.0700.2359: 0.290039018244
VOM19980326.0900.2164: 0.290039018244
VOM19980317.0900.2819: 0.285390896493
VOM19980404.0700.0406: 0.279363056768
VOM19980325.0900.3063: 0.276736353298
VOM19980316.0900.3018: 0.275009549108
VOM19980222.0700.0448: 0.274279102442
VOM19980319.0700.0722: 0.2724628428
