VOM19980520.0730.0078: 0.25660011964
VOM19980528.0900.0006: 0.254000254
VOM19980613.0700.0112: 0.250592839343
VOM19980526.0730.0039: 0.249088239252
VOM19980520.0700.0129: 0.248796830417
VOM19980317.0900.3492: 0.245954929124
VOM19980502.0730.0270: 0.242936962938
VOM19980319.0900.2169: 0.241955395437
VOM19980520.0900.0115: 0.240562612162
VOM19980626.0730.0070: 0.240027433274
VOM19980626.0900.0075: 0.240027433274
VOM19980407.0900.0109: 0.237565548367
VOM19980526.0900.0034: 0.237465203886
