VOM19980603.0700.0103: 0.322263797804
VOM19980531.0700.0120: 0.297345983908
VOM19980319.0900.2169: 0.288835643439
VOM19980530.0700.0037: 0.277718669834
VOM19980520.0700.0074: 0.27516660361
VOM19980529.0700.0100: 0.268142163978
VOM19980529.0700.0168: 0.263963069302
VOM19980520.0900.0115: 0.254626727024
VOM19980520.0730.0078: 0.254626727024
VOM19980626.0700.0131: 0.253436794565
VOM19980607.0700.0045: 0.247675216169
VOM19980528.0900.0006: 0.247624981084
VOM19980619.0700.0149: 0.246381864163
