VOM19980613.0730.0072: 0.348336595606
VOM19980613.0700.0179: 0.338648105978
VOM19980326.0700.0115: 0.309875341505
VOM19980614.0730.0034: 0.302083333333
VOM19980222.0700.0758: 0.296499726664
VOM19980311.0700.0279: 0.292504900487
VOM19980319.0900.3353: 0.283505757267
VOM19980614.0700.0111: 0.282144046823
VOM19980403.0700.2182: 0.280996227982
VOM19980403.0700.0372: 0.280201841349
VOM19980326.0700.0717: 0.273998312176
VOM19980224.0700.1724: 0.273699374347
VOM19980404.0700.1859: 0.268028133709
