VOM19980502.0700.0095: 0.301903682212
VOM19980303.0700.0179: 0.291197882235
VOM19980502.0730.0047: 0.283473354757
VOM19980311.0700.1006: 0.253986079484
VOM19980305.0700.0495: 0.253519896948
VOM19980430.0900.0001: 0.253262780773
VOM19980326.0900.0118: 0.253024038426
VOM19980428.0900.0156: 0.250950573771
VOM19980223.0900.3362: 0.245255735794
VOM19980223.0900.2779: 0.245049014705
VOM19980326.0700.0452: 0.24425210523
VOM19980224.0700.1530: 0.243863077411
VOM19980223.0900.0886: 0.242823539648
