VOM19980430.0900.0001: 0.287677980891
VOM19980623.0900.0051: 0.281308312933
VOM19980319.0700.0452: 0.278099229209
VOM19980627.0700.0022: 0.272217861469
VOM19980620.0700.0093: 0.263718268428
VOM19980627.0730.0001: 0.256765009381
VOM19980630.0700.0032: 0.256173769149
VOM19980315.0700.2184: 0.253184841771
VOM19980220.0900.2583: 0.250950573771
VOM19980630.0730.0002: 0.243462920274
VOM19980620.0730.0034: 0.243462920274
VOM19980630.0900.0005: 0.24152294577
VOM19980305.0900.1967: 0.240525599682
