VOM19980222.0700.0448: 0.256364587625
VOM19980326.0700.0480: 0.249675113573
VOM19980404.0700.0406: 0.248682365651
VOM19980404.0700.1788: 0.241591981914
VOM19980404.0700.1677: 0.241543855942
VOM19980312.0900.2408: 0.241222440157
VOM19980624.0700.0434: 0.238365647311
VOM19980315.0700.2184: 0.236524958396
VOM19980221.0700.2690: 0.235440804674
VOM19980223.0700.2728: 0.235313358346
VOM19980404.0700.1061: 0.23424339187
VOM19980222.0700.2148: 0.231042630095
VOM19980305.0900.2335: 0.228630474469
