VOM19980604.0700.0534: 0.286717076936
VOM19980618.0700.0114: 0.286251287038
VOM19980506.0700.0472: 0.276827288792
VOM19980306.0700.0593: 0.276827288792
VOM19980325.0900.2134: 0.272251315954
VOM19980222.0700.0448: 0.269977347142
VOM19980220.0700.0620: 0.269069117599
VOM19980526.0730.0266: 0.262575453814
VOM19980520.0700.0476: 0.261488180184
VOM19980326.0700.2359: 0.255510517607
VOM19980326.0900.2164: 0.255510517607
VOM19980317.0900.2819: 0.2477895558
VOM19980302.0900.0368: 0.240719381558
