VOM19980223.0700.0664: 0.272566419117
VOM19980317.0900.2174: 0.255916917759
VOM19980623.0700.0472: 0.250784931288
VOM19980225.0900.0714: 0.231923268879
VOM19980227.0900.2416: 0.22894595327
VOM19980225.0900.0332: 0.228899049881
VOM19980225.0900.1919: 0.227611167608
VOM19980225.0900.0216: 0.227611167608
VOM19980526.0900.0124: 0.224697949287
VOM19980225.0700.0221: 0.224308861637
VOM19980227.0900.2564: 0.223319885784
VOM19980302.0700.0653: 0.223239627063
VOM19980526.0730.0065: 0.222645870237
