VOM19980404.0700.0406: 0.31856190696
VOM19980319.0700.2536: 0.315188209338
VOM19980403.0900.3074: 0.314599114334
VOM19980222.0700.0448: 0.308025739633
VOM19980326.0700.0480: 0.306911045883
VOM19980317.0900.2819: 0.297562591866
VOM19980302.0700.2840: 0.294822390578
VOM19980326.0700.2359: 0.290312594229
VOM19980326.0900.2164: 0.290312594229
VOM19980303.0700.1291: 0.289855603468
VOM19980302.0700.0653: 0.288847016203
VOM19980223.0900.0886: 0.288187065129
VOM19980404.0700.0676: 0.28718838582
