VOM19980520.0700.0074: 0.319849890812
VOM19980610.0700.0405: 0.302750253043
VOM19980630.0730.0248: 0.300814529815
VOM19980611.0700.0383: 0.295663352323
VOM19980319.0900.2169: 0.274695214477
VOM19980520.0900.0081: 0.267899859888
VOM19980605.0900.0007: 0.264906471413
VOM19980605.0730.0003: 0.264906471413
VOM19980520.0730.0039: 0.263157894737
VOM19980430.0900.0192: 0.26086186029
VOM19980607.0700.0045: 0.258198889747
VOM19980522.0700.0215: 0.256605600616
VOM19980630.0730.0091: 0.255127932392
