VOM19980403.0900.0124: 0.291150735612
VOM19980403.0900.3300: 0.283864099726
VOM19980403.0900.2034: 0.281439017892
VOM19980403.0700.0129: 0.266838649688
VOM19980501.0700.0297: 0.266697961063
VOM19980403.0700.0727: 0.263760054927
VOM19980404.0700.1061: 0.261040434279
VOM19980505.0700.0384: 0.260770599618
VOM19980509.0700.0043: 0.257485989846
VOM19980403.0900.0619: 0.257235268451
VOM19980319.0700.0399: 0.256030042621
VOM19980220.0900.2583: 0.255698837174
VOM19980618.0700.0315: 0.250412201434
