VOM19980325.0900.0905: 0.314815753318
VOM19980319.0700.0722: 0.309205916266
VOM19980222.0700.0448: 0.308663834513
VOM19980327.0900.1545: 0.307740384502
VOM19980226.0900.2027: 0.306126433367
VOM19980316.0900.2774: 0.298911677578
VOM19980220.0700.2208: 0.296743376442
VOM19980306.0700.1638: 0.292727772581
VOM19980325.0900.3063: 0.291465204496
VOM19980326.0900.1939: 0.290011075556
VOM19980221.0700.2690: 0.286518185367
VOM19980326.0700.2359: 0.286506207397
VOM19980326.0900.2164: 0.286506207397
