VOM19980222.0700.0448: 0.366906476342
VOM19980403.0700.1169: 0.328870562403
VOM19980403.0900.0431: 0.321282339334
VOM19980404.0700.1061: 0.316453616134
VOM19980312.0900.2408: 0.313954714128
VOM19980613.0700.0112: 0.310188821951
VOM19980403.0700.0259: 0.306097660733
VOM19980327.0900.1545: 0.302232138454
VOM19980305.0900.2335: 0.298220068591
VOM19980404.0700.0676: 0.29801978034
VOM19980404.0700.0406: 0.29801978034
VOM19980223.0700.2728: 0.297762311799
VOM19980225.0900.2949: 0.287574337459
