VOM19980506.0700.0316: 0.275377216047
VOM19980603.0730.0115: 0.274282754736
VOM19980327.0900.2123: 0.267374272682
VOM19980611.0700.0046: 0.261016838513
VOM19980303.0700.1510: 0.256826766627
VOM19980626.0900.0156: 0.254327262716
VOM19980520.0700.0074: 0.250252150988
VOM19980403.0900.1729: 0.247833249983
VOM19980319.0700.3392: 0.246194802781
VOM19980626.0730.0153: 0.243717950253
VOM19980503.0700.0218: 0.243355004482
VOM19980319.0700.0177: 0.24243177127
VOM19980520.0900.0081: 0.240173756514
