VOM19980605.0700.0097: 0.394690933596
VOM19980605.0900.0007: 0.393069556784
VOM19980605.0730.0003: 0.393069556784
VOM19980612.0700.0080: 0.368204059853
VOM19980531.0700.0120: 0.338788456658
VOM19980603.0700.0103: 0.316118325707
VOM19980612.0900.0038: 0.314653580112
VOM19980625.0700.0404: 0.309536043641
VOM19980607.0700.0045: 0.306886895392
VOM19980606.0700.0150: 0.304909610992
VOM19980613.0700.0112: 0.300828418798
VOM19980619.0700.0149: 0.297456538265
VOM19980506.0700.0316: 0.296439899575
