VOM19980221.0700.3085: 0.320864752879
VOM19980220.0700.2814: 0.249981252109
VOM19980220.0900.3559: 0.239525252383
VOM19980224.0900.3022: 0.219578226426
VOM19980220.0700.0707: 0.218881895541
VOM19980319.0900.0647: 0.212372166073
VOM19980223.0700.1511: 0.203720577923
VOM19980222.0700.0909: 0.201912626246
VOM19980403.0700.2289: 0.199600905575
VOM19980316.0900.1667: 0.199074367091
VOM19980223.0700.1730: 0.197138069065
VOM19980222.0700.2819: 0.193009558542
VOM19980220.0700.0221: 0.192087454982
