VOM19980326.0900.0118: 0.291936294135
VOM19980326.0700.0452: 0.286009016718
VOM19980303.0700.1291: 0.270957658614
VOM19980220.0900.2583: 0.266985830938
VOM19980404.0700.0676: 0.259213042444
VOM19980225.0900.0714: 0.256835870914
VOM19980303.0900.2868: 0.255159923757
VOM19980305.0900.2166: 0.251620386248
VOM19980223.0700.0240: 0.248826835385
VOM19980226.0900.1367: 0.246512495318
VOM19980403.0700.0727: 0.246339566791
VOM19980222.0700.0448: 0.245297142827
VOM19980404.0700.1295: 0.244297082242
