VOM19980220.0700.2814: 0.326048848946
VOM19980220.0700.0707: 0.263224866448
VOM19980403.0700.2289: 0.260241719385
VOM19980221.0700.3085: 0.244951192045
VOM19980220.0900.3559: 0.235378270881
VOM19980302.0700.3216: 0.222668296718
VOM19980606.0700.0562: 0.22188007849
VOM19980316.0900.1667: 0.217364139348
VOM19980530.0700.0512: 0.215579124626
VOM19980506.0900.0152: 0.214548587884
VOM19980403.0700.0435: 0.213347095169
VOM19980317.0700.0156: 0.209639162838
VOM19980605.0700.0406: 0.209533312384
