VOM19980511.0700.0105: 0.362097552863
VOM19980327.0900.1545: 0.310686121056
VOM19980620.0730.0003: 0.303402732794
VOM19980403.0900.0431: 0.302685948527
VOM19980404.0700.1061: 0.299950939772
VOM19980511.0730.0066: 0.298452370118
VOM19980225.0900.2949: 0.297695015197
VOM19980222.0700.0448: 0.295221640949
VOM19980315.0700.2184: 0.289858454808
VOM19980303.0700.1291: 0.285456763945
VOM19980404.0700.0676: 0.284440061994
VOM19980225.0900.0714: 0.282317456854
VOM19980316.0900.2774: 0.281455346608
