VOM19980501.0700.0297: 0.27588148425
VOM19980311.0700.1006: 0.265764238811
VOM19980220.0700.0772: 0.26540135595
VOM19980303.0700.0783: 0.261247140176
VOM19980223.0700.0882: 0.259937622455
VOM19980228.0700.1784: 0.25775443049
VOM19980223.0700.1295: 0.255127595705
VOM19980515.0700.0170: 0.252359869404
VOM19980302.0900.0871: 0.249642033068
VOM19980228.0700.0156: 0.247840798548
VOM19980220.0900.0190: 0.245084044029
VOM19980304.0700.0871: 0.244242193004
VOM19980303.0700.0976: 0.241346023534
