VOM19980223.0900.3362: 0.274843894579
VOM19980223.0700.0882: 0.27410442902
VOM19980223.0900.0154: 0.26142869021
VOM19980223.0700.0240: 0.261003849692
VOM19980223.0900.1740: 0.259378237452
VOM19980501.0700.0297: 0.256691685818
VOM19980303.0700.0179: 0.249797499764
VOM19980221.0700.0119: 0.249618928622
VOM19980223.0700.0197: 0.249402151396
VOM19980304.0700.0774: 0.248745716146
VOM19980422.0900.0021: 0.247512231161
VOM19980607.0700.0463: 0.244531672945
VOM19980303.0700.0783: 0.243885530192
