VOM19980303.0900.2535: 0.243076396332
VOM19980326.0700.1085: 0.238595286717
VOM19980327.0900.0757: 0.233449408596
VOM19980224.0900.3022: 0.230221785228
VOM19980316.0900.0805: 0.229929490031
VOM19980302.0900.0871: 0.228284845288
VOM19980305.0900.2335: 0.226591495425
VOM19980316.0900.1667: 0.225664758062
VOM19980220.0700.2814: 0.223275184342
VOM19980319.0900.2245: 0.22322436751
VOM19980327.0900.1545: 0.222681132999
VOM19980311.0700.2960: 0.222396854896
VOM19980314.0700.0818: 0.220550081141
