VOM19980303.0700.0179: 0.263076109801
VOM19980501.0700.0297: 0.262612865719
VOM19980311.0700.0279: 0.258860091572
VOM19980326.0700.0115: 0.256904651573
VOM19980326.0900.0118: 0.255603860169
VOM19980326.0700.0717: 0.255039300981
VOM19980223.0700.0240: 0.25259074277
VOM19980223.0700.0882: 0.247435829653
VOM19980403.0700.2182: 0.246338009041
VOM19980613.0700.0179: 0.243975018237
VOM19980613.0730.0072: 0.242212028328
VOM19980228.0700.0156: 0.242212028328
VOM19980228.0700.1784: 0.242212028328
