VOM19980317.0900.2819: 0.297748660996
VOM19980223.0700.2892: 0.285455868809
VOM19980613.0700.0112: 0.28156666855
VOM19980619.0730.0035: 0.281220495911
VOM19980613.0730.0031: 0.270187912934
VOM19980503.0730.0067: 0.257812460661
VOM19980619.0900.0007: 0.256248853055
VOM19980404.0700.0406: 0.254084940514
VOM19980403.0700.1169: 0.253231197764
VOM19980619.0700.0149: 0.25264127608
VOM19980301.0700.0136: 0.251396658912
VOM19980316.0900.2774: 0.243740479073
VOM19980327.0900.1545: 0.241931550312
