VOM19980508.0700.0362: 0.363773043349
VOM19980506.0700.0042: 0.362647301449
VOM19980507.0700.0242: 0.35634832255
VOM19980506.0900.0006: 0.35535265611
VOM19980510.0700.0040: 0.347172283186
VOM19980504.0700.0025: 0.341237276913
VOM19980507.0730.0066: 0.338591164552
VOM19980507.0900.0040: 0.327486780067
VOM19980605.0730.0230: 0.325154210575
VOM19980605.0700.0290: 0.315854194987
VOM19980509.0700.0089: 0.307018856313
VOM19980302.0900.1110: 0.304933830412
VOM19980508.0900.0007: 0.296784894436
