VOM19980303.0700.0179: 0.315754488975
VOM19980326.0700.0115: 0.31068322158
VOM19980303.0700.0783: 0.304696843386
VOM19980222.0700.0758: 0.298739541256
VOM19980614.0730.0034: 0.289403862428
VOM19980223.0700.0240: 0.288011054731
VOM19980502.0700.0348: 0.287611870818
VOM19980501.0700.0297: 0.284991963399
VOM19980225.0700.0757: 0.284916731714
VOM19980304.0700.0871: 0.284863693359
VOM19980611.0700.0383: 0.281485843194
VOM19980220.0900.1815: 0.280056016806
VOM19980515.0700.0170: 0.277979724571
