VOM19980515.0730.0165: 0.269704464688
VOM19980515.0900.0196: 0.261488180184
VOM19980314.0700.0410: 0.248870531378
VOM19980314.0700.2077: 0.233304413091
VOM19980311.0700.0685: 0.213066247269
VOM19980621.0700.0250: 0.213013051432
VOM19980316.0700.0279: 0.200334168988
VOM19980523.0700.0428: 0.199714896505
VOM19980223.0700.1040: 0.198770612745
VOM19980501.0700.0297: 0.198233677817
VOM19980303.0700.0783: 0.197104131996
VOM19980523.0730.0220: 0.195123135668
VOM19980316.0900.1960: 0.194939259577
