VOM19980404.0700.1061: 0.31327004376
VOM19980403.0700.1169: 0.304334949413
VOM19980326.0900.1939: 0.288266882185
VOM19980225.0900.2949: 0.282248121637
VOM19980325.0900.0905: 0.282065304878
VOM19980225.0900.0714: 0.278138504464
VOM19980404.0700.0676: 0.271607238128
VOM19980319.0900.0364: 0.271261461745
VOM19980316.0900.2774: 0.270623550749
VOM19980403.0900.3074: 0.269981672004
VOM19980226.0900.2027: 0.269509853549
VOM19980220.0700.1159: 0.267359902347
VOM19980326.0700.2359: 0.267166337461
