VOM19980222.0700.0448: 0.286075989911
VOM19980225.0900.0714: 0.285705786234
VOM19980404.0700.0406: 0.28197929784
VOM19980618.0700.0144: 0.269206557659
VOM19980326.0700.2359: 0.265539845399
VOM19980326.0900.2164: 0.265539845399
VOM19980403.0900.3074: 0.264274989057
VOM19980316.0900.3018: 0.26106210166
VOM19980223.0700.2728: 0.261019827819
VOM19980527.0730.0003: 0.259870097419
VOM19980527.0900.0008: 0.259870097419
VOM19980305.0900.2335: 0.25924259039
VOM19980404.0700.1788: 0.258285869332
