VOM19980302.0700.0449: 0.22725955166
VOM19980220.0700.2814: 0.224887300471
VOM19980317.0900.0152: 0.207291445068
VOM19980317.0900.1955: 0.207291445068
VOM19980223.0700.1511: 0.200379777223
VOM19980626.0730.0227: 0.195923996231
VOM19980524.0700.0492: 0.191532719421
VOM19980302.0700.2264: 0.191197146138
VOM19980317.0900.3492: 0.190346746907
VOM19980317.0700.3608: 0.189689243226
VOM19980613.0700.0555: 0.18887686586
VOM19980410.0900.0146: 0.188266392127
VOM19980317.0700.0156: 0.188266392127
