VOM19980528.0900.0169: 0.323015867247
VOM19980613.0700.0112: 0.323015867247
VOM19980613.0730.0031: 0.319763226013
VOM19980612.0700.0038: 0.30195279627
VOM19980603.0730.0115: 0.291902553246
VOM19980612.0700.0080: 0.289097792412
VOM19980501.0700.0214: 0.285024372853
VOM19980603.0700.0103: 0.279624829457
VOM19980312.0900.2016: 0.27658919106
VOM19980530.0700.0107: 0.276533159377
VOM19980614.0730.0072: 0.275067342437
VOM19980611.0700.0383: 0.272688419921
VOM19980619.0700.0149: 0.27042622262
