VOM19980613.0730.0072: 0.377551922979
VOM19980613.0700.0179: 0.370520868894
VOM19980326.0700.0115: 0.314642654451
VOM19980403.0700.2182: 0.301701213201
VOM19980326.0900.0118: 0.298142397
VOM19980326.0700.0717: 0.287698227784
VOM19980326.0700.0452: 0.286435777349
VOM19980627.0730.0001: 0.281271975232
VOM19980614.0700.0111: 0.277014155063
VOM19980626.0700.0365: 0.276887462097
VOM19980430.0900.0001: 0.275743509005
VOM19980222.0700.0151: 0.275298880645
VOM19980614.0730.0034: 0.275
