VOM19980618.0700.0114: 0.281318689707
VOM19980317.0900.2819: 0.26331807081
VOM19980526.0730.0266: 0.260005761964
VOM19980222.0700.0448: 0.254920268597
VOM19980306.0700.0593: 0.248399945352
VOM19980403.0900.3340: 0.248315784772
VOM19980603.0700.0545: 0.244796024545
VOM19980220.0700.0620: 0.244232885946
VOM19980602.0700.0547: 0.243967609226
VOM19980326.0900.1939: 0.236203997754
VOM19980603.0900.0243: 0.233098833635
VOM19980625.0730.0090: 0.228688135972
VOM19980624.0700.0546: 0.223720970235
