VOM19980220.0700.2814: 0.346714292317
VOM19980403.0700.2289: 0.279095222017
VOM19980223.0900.3535: 0.257131438661
VOM19980221.0700.3085: 0.244026325168
VOM19980220.0700.0707: 0.240937057178
VOM19980317.0900.0152: 0.237641116052
VOM19980317.0900.1955: 0.237641116052
VOM19980220.0900.3559: 0.237294447573
VOM19980403.0700.0435: 0.233671418823
VOM19980303.0900.2177: 0.22988768225
VOM19980223.0700.1511: 0.229717506566
VOM19980422.0900.0056: 0.225108371181
VOM19980522.0700.0215: 0.223935109705
