VOM19980222.0700.0448: 0.291993633239
VOM19980326.0900.3077: 0.286178997983
VOM19980223.0700.2728: 0.286025775898
VOM19980314.0700.2522: 0.275689835924
VOM19980316.0900.3018: 0.275344395877
VOM19980326.0700.2359: 0.274552592012
VOM19980326.0900.2164: 0.274552592012
VOM19980404.0700.0406: 0.266506620429
VOM19980403.0900.3074: 0.261620754344
VOM19980312.0900.2408: 0.260286688354
VOM19980325.0900.0905: 0.260026163838
VOM19980302.0900.2091: 0.257945975177
VOM19980223.0900.2288: 0.257890249882
