VOM19980304.0700.0774: 0.275110045932
VOM19980223.0700.0240: 0.272431183971
VOM19980220.0900.3360: 0.259629057748
VOM19980220.0900.1815: 0.256628144181
VOM19980223.0900.0629: 0.255972726671
VOM19980403.0700.0259: 0.255081383944
VOM19980302.0700.2840: 0.254271549409
VOM19980220.0900.0190: 0.253995991071
VOM19980223.0700.0882: 0.253995991071
VOM19980504.0700.0025: 0.253872768713
VOM19980223.0700.1295: 0.253868701771
VOM19980501.0700.0297: 0.25218344757
VOM19980225.0700.0187: 0.251312344975
