VOM19980326.0700.2359: 0.333930760757
VOM19980326.0900.2164: 0.333930760757
VOM19980327.0900.1545: 0.309982093955
VOM19980404.0700.0406: 0.306528108993
VOM19980326.0900.1939: 0.299153750456
VOM19980222.0700.0448: 0.280194636534
VOM19980316.0900.2774: 0.278362493391
VOM19980220.0700.2208: 0.270555471044
VOM19980403.0900.3074: 0.270171613479
VOM19980325.0900.0905: 0.267264224789
VOM19980305.0900.2335: 0.267235487378
VOM19980404.0700.0676: 0.265129197721
VOM19980403.0900.0173: 0.259468916543
