VOM19980311.0700.1006: 0.285192370773
VOM19980223.0700.0882: 0.282355401499
VOM19980304.0700.0774: 0.281030127631
VOM19980224.0700.1530: 0.276365720534
VOM19980223.0700.0240: 0.270970103052
VOM19980303.0700.0179: 0.265617337409
VOM19980220.0900.3360: 0.265528023532
VOM19980223.0900.3362: 0.26274393343
VOM19980220.0700.0772: 0.261979029526
VOM19980501.0700.0297: 0.261006655755
VOM19980305.0700.1234: 0.259111435301
VOM19980225.0900.0178: 0.258252253164
VOM19980225.0700.0187: 0.256091108449
