VOM19980220.0700.2814: 0.260332801157
VOM19980223.0700.1511: 0.249487178947
VOM19980303.0900.2535: 0.230920207338
VOM19980403.0700.2482: 0.229432367239
VOM19980326.0700.1085: 0.224102030812
VOM19980221.0700.3085: 0.222406056259
VOM19980403.0700.0727: 0.21964282799
VOM19980317.0900.1561: 0.219264504827
VOM19980222.0700.1501: 0.218945936126
VOM19980224.0900.3022: 0.217202514643
VOM19980305.0900.1607: 0.216371161204
VOM19980319.0700.2737: 0.216153237825
VOM19980305.0900.2335: 0.215591391212
