VOM19980326.0700.2359: 0.293833210903
VOM19980326.0900.2164: 0.293833210903
VOM19980222.0700.0448: 0.293394745863
VOM19980327.0900.1545: 0.27592818565
VOM19980326.0900.1939: 0.27543069721
VOM19980404.0700.0406: 0.267376914388
VOM19980326.0700.0480: 0.263180677984
VOM19980403.0900.3074: 0.261309831967
VOM19980625.0730.0124: 0.261252446705
VOM19980220.0700.2208: 0.255992379249
VOM19980325.0900.3063: 0.255701330752
VOM19980316.0900.2774: 0.255330707854
VOM19980625.0700.0205: 0.254924495978
