VOM19980222.0700.0448: 0.305526088797
VOM19980325.0900.0905: 0.291716452976
VOM19980226.0900.2027: 0.282469181704
VOM19980326.0900.1939: 0.281485843194
VOM19980317.0900.2819: 0.27746337159
VOM19980325.0900.3063: 0.276736353298
VOM19980618.0700.0144: 0.27548658251
VOM19980223.0700.2728: 0.274965016755
VOM19980404.0700.0406: 0.272290574319
VOM19980305.0900.2335: 0.268216171361
VOM19980302.0900.2091: 0.266701239276
VOM19980326.0700.2359: 0.261035116419
VOM19980326.0900.2164: 0.261035116419
