VOM19980220.0700.2814: 0.334082661056
VOM19980220.0700.0707: 0.260887867156
VOM19980221.0700.3085: 0.237288135593
VOM19980316.0900.1667: 0.214210248521
VOM19980224.0900.3022: 0.212645738504
VOM19980317.0700.0255: 0.211724506927
VOM19980427.0900.0010: 0.206132442386
VOM19980403.0700.2289: 0.20374774044
VOM19980403.0900.1941: 0.202960284452
VOM19980303.0900.2177: 0.202250382716
VOM19980223.0700.1511: 0.202100665703
VOM19980527.0700.0388: 0.200464196133
VOM19980220.0900.3559: 0.197168550181
