VOM19980404.0700.0406: 0.350412778943
VOM19980222.0700.0448: 0.344035834962
VOM19980325.0900.0905: 0.32176881172
VOM19980327.0900.1545: 0.316793637807
VOM19980326.0700.2359: 0.312616080136
VOM19980326.0900.2164: 0.312616080136
VOM19980317.0900.2819: 0.310086836473
VOM19980316.0900.2774: 0.299401794021
VOM19980226.0900.2027: 0.297838366077
VOM19980312.0900.2408: 0.289998777205
VOM19980403.0900.3074: 0.287556757683
VOM19980403.0700.1169: 0.284050743535
VOM19980403.0900.0619: 0.28340224361
