VOM19980326.0700.0480: 0.296452808439
VOM19980624.0700.0434: 0.276735032985
VOM19980223.0700.2728: 0.267252477381
VOM19980314.0700.1946: 0.265916302064
VOM19980314.0700.0275: 0.265916302064
VOM19980407.0900.0140: 0.263563814914
VOM19980224.0700.0588: 0.262577499365
VOM19980603.0900.0203: 0.255145953338
VOM19980630.0730.0136: 0.253694400088
VOM19980524.0700.0112: 0.251795970554
VOM19980302.0900.0510: 0.250019533539
VOM19980404.0700.0082: 0.248490347735
VOM19980618.0900.0204: 0.244889665624
