VOM19980315.0700.1310: 0.271078639063
VOM19980226.0900.2900: 0.254352787486
VOM19980326.0900.0149: 0.245692141091
VOM19980606.0730.0134: 0.229890524612
VOM19980628.0700.0316: 0.220766375426
VOM19980226.0900.3196: 0.220560859376
VOM19980508.0700.0452: 0.21919864974
VOM19980624.0730.0254: 0.217768419336
VOM19980508.0730.0240: 0.216295228174
VOM19980325.0900.2040: 0.211250074099
VOM19980312.0900.2127: 0.210409329496
VOM19980508.0900.0211: 0.210065372668
VOM19980326.0900.3077: 0.20987654321
