VOM19980613.0730.0072: 0.29014532366
VOM19980613.0700.0179: 0.28686168824
VOM19980223.0900.0154: 0.28152506119
VOM19980223.0900.1740: 0.279316987403
VOM19980223.0700.0197: 0.279316987403
VOM19980223.0900.3362: 0.274047694588
VOM19980614.0700.0111: 0.271713832245
VOM19980614.0730.0034: 0.268971913796
VOM19980605.0700.0354: 0.26071622416
VOM19980625.0700.0328: 0.243305675362
VOM19980228.0700.1816: 0.239817644718
VOM19980228.0700.0187: 0.239817644718
VOM19980626.0700.0365: 0.239116898204
