VOM19980502.0700.0095: 0.309095779662
VOM19980623.0900.0051: 0.287102145736
VOM19980327.0900.1073: 0.267849976922
VOM19980504.0700.0025: 0.267556998219
VOM19980501.0700.0297: 0.26600014896
VOM19980227.0900.1346: 0.264155865039
VOM19980220.0900.2343: 0.257861981611
VOM19980325.0900.1209: 0.257579816385
VOM19980223.0900.2779: 0.25731968452
VOM19980220.0900.2583: 0.254182529054
VOM19980403.0700.0727: 0.254022551282
VOM19980502.0730.0047: 0.250812934742
VOM19980302.0700.2334: 0.247249306091
