VOM19980224.0900.3022: 0.248388784741
VOM19980220.0900.3559: 0.246899038935
VOM19980427.0900.0010: 0.230952903205
VOM19980221.0700.3085: 0.22788005272
VOM19980220.0700.2814: 0.22241587356
VOM19980327.0900.1545: 0.22120324936
VOM19980222.0700.2530: 0.214528828746
VOM19980305.0900.1736: 0.213682591513
VOM19980404.0700.0676: 0.210581837778
VOM19980325.0900.0905: 0.209569984425
VOM19980319.0900.0364: 0.206021633933
VOM19980317.0700.0255: 0.204870358365
VOM19980312.0900.3403: 0.204870358365
