VOM19980303.0700.0179: 0.295870003213
VOM19980304.0700.0774: 0.294624229245
VOM19980224.0700.1724: 0.289548793647
VOM19980428.0900.0156: 0.285398868194
VOM19980502.0730.0193: 0.279831021105
VOM19980625.0700.0328: 0.279664603593
VOM19980223.0900.3362: 0.277200550244
VOM19980304.0700.0871: 0.276679257891
VOM19980326.0900.0433: 0.275976034247
VOM19980502.0700.0348: 0.275767086567
VOM19980501.0700.0297: 0.272453740852
VOM19980223.0700.0240: 0.270864666573
VOM19980220.0700.3434: 0.268908617993
