VOM19980223.0900.3362: 0.408567276024
VOM19980223.0900.0154: 0.401161287704
VOM19980223.0900.1740: 0.398014876084
VOM19980223.0700.0197: 0.385576911206
VOM19980223.0700.0800: 0.370018501388
VOM19980228.0700.0156: 0.362261125864
VOM19980222.0700.1842: 0.346838621989
VOM19980501.0700.0297: 0.341373390161
VOM19980303.0700.0179: 0.338922213034
VOM19980228.0700.1784: 0.335426968393
VOM19980223.0900.0477: 0.325346868832
VOM19980303.0700.0783: 0.325285384022
VOM19980222.0700.0758: 0.317155374037
