VOM19980623.0900.0051: 0.292012530261
VOM19980223.0900.0886: 0.277622029082
VOM19980626.0700.0131: 0.268371100112
VOM19980222.0700.0448: 0.267599585207
VOM19980530.0700.0199: 0.262900743477
VOM19980317.0700.0723: 0.260468770381
VOM19980220.0900.2583: 0.256767176868
VOM19980404.0700.0676: 0.253876200145
VOM19980404.0700.1061: 0.253523098223
VOM19980403.0900.3300: 0.252435687302
VOM19980312.0900.2408: 0.251366349992
VOM19980319.0900.0364: 0.250260100643
VOM19980306.0700.1456: 0.250156331438
