VOM19980620.0700.0175: 0.233262699267
VOM19980224.0900.3022: 0.228794582208
VOM19980221.0700.3085: 0.220769912074
VOM19980612.0700.0531: 0.218394828472
VOM19980223.0900.3535: 0.218394828472
VOM19980223.0700.0882: 0.218159722065
VOM19980511.0730.0066: 0.217674382816
VOM19980630.0700.0507: 0.212327118269
VOM19980312.0900.2127: 0.211660929094
VOM19980220.0700.2814: 0.211457296857
VOM19980403.0700.2289: 0.21015052168
VOM19980403.0700.0435: 0.206738581906
VOM19980327.0900.1545: 0.205799734823
