VOM19980316.0700.0601: 0.214626485806
VOM19980626.0700.0131: 0.205814041494
VOM19980305.0900.0492: 0.202855053497
VOM19980404.0700.0406: 0.197226433506
VOM19980314.0700.2522: 0.195114987097
VOM19980222.0700.0448: 0.193637232444
VOM19980221.0700.2442: 0.192715383442
VOM19980404.0700.1061: 0.192482824348
VOM19980312.0900.2408: 0.191051894873
VOM19980319.0900.2928: 0.190538836816
VOM19980403.0900.0619: 0.1892938315
VOM19980619.0700.0464: 0.18927455259
VOM19980619.0730.0212: 0.18720922963
