VOM19980614.0730.0034: 0.322940667311
VOM19980223.0900.1740: 0.311804782231
VOM19980223.0900.0154: 0.303045763366
VOM19980223.0700.0197: 0.300668897151
VOM19980326.0700.0452: 0.295468420143
VOM19980223.0900.3362: 0.294996802252
VOM19980326.0900.0118: 0.292166993393
VOM19980613.0730.0072: 0.288299988063
VOM19980311.0700.1006: 0.287527316393
VOM19980614.0700.0111: 0.283344390172
VOM19980223.0700.0882: 0.278973777697
VOM19980613.0700.0179: 0.26619856875
VOM19980605.0700.0354: 0.260600071041
