VOM19980304.0700.0774: 0.304532097852
VOM19980515.0700.0170: 0.289595724875
VOM19980223.0700.0240: 0.285241323466
VOM19980628.0730.0026: 0.284929171741
VOM19980611.0900.0142: 0.284747398726
VOM19980630.0730.0043: 0.280399854893
VOM19980311.0700.0279: 0.279424548095
VOM19980507.0730.0066: 0.274187211414
VOM19980326.0900.0118: 0.268835027986
VOM19980630.0700.0071: 0.268716527606
VOM19980317.0700.0156: 0.267182716498
VOM19980619.0900.0136: 0.265896852028
VOM19980626.0700.0029: 0.26567155049
