VOM19980303.0700.0324: 0.297324446496
VOM19980404.0700.0406: 0.295573531644
VOM19980404.0700.1788: 0.295350373038
VOM19980221.0700.2087: 0.291737078615
VOM19980222.0700.0448: 0.290194572979
VOM19980305.0900.2335: 0.287268725804
VOM19980403.0900.3074: 0.287088995477
VOM19980223.0700.2728: 0.286979780922
VOM19980220.0700.2208: 0.286181113881
VOM19980303.0700.1291: 0.285785490348
VOM19980327.0900.1545: 0.284812887172
VOM19980227.0900.3069: 0.282420570605
VOM19980326.0700.2359: 0.280137284332
