VOM19980317.0900.2819: 0.268107958239
VOM19980404.0700.0676: 0.264576309885
VOM19980316.0900.2774: 0.258869433482
VOM19980326.0700.2359: 0.250882268773
VOM19980326.0900.2164: 0.250882268773
VOM19980303.0900.1646: 0.250421528134
VOM19980226.0900.3196: 0.239514364962
VOM19980327.0900.2652: 0.239272545347
VOM19980305.0900.2594: 0.236746529248
VOM19980305.0900.2335: 0.235611410807
VOM19980325.0900.0905: 0.235358873971
VOM19980221.0700.2690: 0.234999821323
VOM19980220.0700.2208: 0.233548578585
