VOM19980317.0900.2819: 0.317243960369
VOM19980226.0900.3196: 0.292053878524
VOM19980403.0900.3074: 0.290556960677
VOM19980326.0900.1939: 0.290538181884
VOM19980221.0700.2690: 0.272349275412
VOM19980226.0900.2900: 0.271107704621
VOM19980505.0700.0384: 0.266870604078
VOM19980325.0900.3063: 0.265929867492
VOM19980404.0700.0406: 0.264467705288
VOM19980325.0900.0905: 0.263966510054
VOM19980403.0700.1169: 0.263015149603
VOM19980316.0900.0805: 0.262921044114
VOM19980222.0700.0448: 0.259654822189
