VOM19980614.0700.0111: 0.331668535857
VOM19980613.0730.0072: 0.329868646707
VOM19980614.0730.0034: 0.327639021248
VOM19980613.0700.0179: 0.313282825384
VOM19980221.0700.0119: 0.309705812038
VOM19980326.0700.0115: 0.283235004913
VOM19980223.0700.0882: 0.273598056567
VOM19980626.0700.0365: 0.273472181335
VOM19980326.0700.0717: 0.272908518027
VOM19980304.0700.0774: 0.2723138865
VOM19980220.0900.3360: 0.268479219359
VOM19980303.0700.0179: 0.265422226779
VOM19980304.0700.0871: 0.265370621216
