VOM19980220.0700.2814: 0.338211226265
VOM19980220.0700.0707: 0.246076478392
VOM19980220.0900.3559: 0.240048014405
VOM19980224.0900.3022: 0.230201946788
VOM19980403.0700.2289: 0.22977169333
VOM19980220.0700.2956: 0.223899668599
VOM19980317.0700.2928: 0.221115997129
VOM19980303.0900.3207: 0.214405847021
VOM19980221.0700.3085: 0.214376691824
VOM19980316.0900.1667: 0.212439974234
VOM19980223.0700.1511: 0.211634654927
VOM19980326.0700.1085: 0.205391209448
VOM19980314.0700.3062: 0.204372992911
