VOM19980326.0700.0717: 0.328895816593
VOM19980403.0700.2182: 0.311749661617
VOM19980222.0700.0758: 0.311055662747
VOM19980326.0700.0115: 0.297754947328
VOM19980613.0730.0072: 0.276339711883
VOM19980223.0900.0477: 0.265908011739
VOM19980311.0700.0279: 0.265197417653
VOM19980305.0700.0395: 0.264887162657
VOM19980302.0900.0724: 0.264810036582
VOM19980224.0700.1724: 0.262993958785
VOM19980614.0700.0111: 0.260325610647
VOM19980613.0700.0179: 0.256613211149
VOM19980319.0900.3353: 0.252326039748
