VOM19980223.0700.0240: 0.335992001393
VOM19980220.0900.0190: 0.327521614803
VOM19980220.0900.1815: 0.319504825211
VOM19980220.0900.3360: 0.314929083873
VOM19980225.0900.0178: 0.305666817613
VOM19980221.0700.0119: 0.303064062678
VOM19980224.0700.1530: 0.289138232393
VOM19980225.0700.0187: 0.288675134595
VOM19980303.0700.0179: 0.288185439357
VOM19980304.0700.0774: 0.286972021592
VOM19980220.0700.0772: 0.285468471222
VOM19980222.0700.0151: 0.282144046823
VOM19980223.0900.0154: 0.28171808491
