VOM19980222.0700.0448: 0.32525735922
VOM19980326.0700.2359: 0.319062450717
VOM19980326.0900.2164: 0.319062450717
VOM19980312.0900.2408: 0.307510402676
VOM19980327.0900.1545: 0.291782137768
VOM19980325.0900.3063: 0.29045893201
VOM19980505.0700.0384: 0.284199280029
VOM19980326.0900.1939: 0.283682453379
VOM19980403.0900.3074: 0.279052630108
VOM19980404.0700.0406: 0.278581603396
VOM19980403.0700.1169: 0.277828572961
VOM19980222.0700.2148: 0.276829855218
VOM19980325.0900.0905: 0.274859801163
