VOM19980221.0700.0119: 0.279365045268
VOM19980303.0700.0783: 0.268841125084
VOM19980220.0900.3360: 0.26235871339
VOM19980326.0700.0717: 0.259129105341
VOM19980223.0700.0240: 0.257741173316
VOM19980220.0900.1815: 0.257395780835
VOM19980225.0900.0178: 0.256508088802
VOM19980223.0900.0199: 0.255045085196
VOM19980223.0900.3403: 0.255045085196
VOM19980220.0900.0190: 0.25475575432
VOM19980304.0700.0774: 0.245636272463
VOM19980501.0700.0297: 0.245033483156
VOM19980225.0700.0187: 0.244187078267
