VOM19980223.0900.0154: 0.340734168
VOM19980223.0900.1740: 0.338061701891
VOM19980223.0700.0197: 0.338061701891
VOM19980223.0900.3362: 0.324635905559
VOM19980224.0900.0173: 0.316932845523
VOM19980224.0900.3361: 0.313811650129
VOM19980224.0900.2029: 0.300537153519
VOM19980501.0700.0297: 0.299013155221
VOM19980326.0700.0717: 0.298726382727
VOM19980225.0900.0178: 0.297080222492
VOM19980224.0900.3400: 0.296654113411
VOM19980612.0700.0080: 0.295084445425
VOM19980225.0700.0187: 0.294594151819
