VOM19980223.0700.0240: 0.271624456752
VOM19980223.0900.0629: 0.270331985675
VOM19980220.0900.3360: 0.268709556836
VOM19980303.0700.0179: 0.262199942316
VOM19980223.0900.3362: 0.258122533427
VOM19980223.0700.0882: 0.257428056573
VOM19980303.0700.0783: 0.25568110884
VOM19980304.0700.0774: 0.254224991928
VOM19980224.0700.1530: 0.251272403664
VOM19980220.0900.0190: 0.249856643144
VOM19980501.0700.0297: 0.249110518899
VOM19980302.0900.1110: 0.248178423489
VOM19980302.0900.0871: 0.245413984511
