VOM19980222.0700.0758: 0.311807358481
VOM19980306.0700.0354: 0.296990347971
VOM19980311.0700.0279: 0.290422931399
VOM19980306.0700.0425: 0.287250297557
VOM19980326.0700.0717: 0.286738663536
VOM19980326.0700.0115: 0.283687273066
VOM19980613.0700.0179: 0.282044096163
VOM19980327.0900.3348: 0.280499109131
VOM19980613.0730.0072: 0.276685785546
VOM19980224.0700.1724: 0.276489484858
VOM19980403.0700.2182: 0.273122570773
VOM19980327.0900.1850: 0.271448357015
VOM19980305.0700.0395: 0.263823004822
