VOM19980228.0700.1784: 0.306600503052
VOM19980304.0700.0774: 0.301079766121
VOM19980223.0700.0240: 0.297745667088
VOM19980228.0700.0156: 0.295244928865
VOM19980303.0700.0179: 0.29460019952
VOM19980304.0700.0871: 0.287760682627
VOM19980221.0700.0119: 0.280961302989
VOM19980223.0900.3362: 0.278864367254
VOM19980619.0700.0149: 0.275045665669
VOM19980225.0700.0757: 0.269644168172
VOM19980220.0900.3360: 0.269566261007
VOM19980614.0730.0072: 0.269566261007
VOM19980223.0700.1040: 0.263838204499
