VOM19980316.0900.2774: 0.30086382752
VOM19980220.0900.2583: 0.284857606786
VOM19980623.0900.0051: 0.272419913179
VOM19980319.0900.0364: 0.270332373503
VOM19980404.0700.0676: 0.268848067162
VOM19980315.0700.2184: 0.262856043991
VOM19980620.0730.0003: 0.261735684433
VOM19980325.0900.0905: 0.258968017402
VOM19980618.0900.0008: 0.258033536615
VOM19980607.0700.0463: 0.256222300696
VOM19980222.0700.2148: 0.25451390519
VOM19980627.0730.0001: 0.25402835728
VOM19980414.0900.0137: 0.253992252858
