VOM19980220.0900.3559: 0.313275750263
VOM19980221.0700.3085: 0.305207208285
VOM19980605.0700.0406: 0.235973276077
VOM19980317.0900.0152: 0.206857200946
VOM19980317.0900.1955: 0.206857200946
VOM19980602.0900.0240: 0.19754591933
VOM19980611.0900.0142: 0.195217202361
VOM19980416.0900.0211: 0.195217202361
VOM19980520.0730.0230: 0.193069044063
VOM19980223.0900.3535: 0.188011115546
VOM19980630.0700.0032: 0.187826371004
VOM19980627.0700.0572: 0.187485054402
VOM19980606.0700.0562: 0.187408514266
