VOM19980223.0900.3362: 0.321115135399
VOM19980303.0700.0179: 0.306873861598
VOM19980304.0700.0774: 0.305581755389
VOM19980221.0700.0119: 0.29488391231
VOM19980225.0900.0178: 0.289323451339
VOM19980225.0700.0187: 0.286902292027
VOM19980223.0700.0240: 0.285714285714
VOM19980220.0900.3360: 0.284540916134
VOM19980317.0700.3608: 0.278543007266
VOM19980304.0700.0871: 0.278050365732
VOM19980223.0700.0882: 0.275510204082
VOM19980224.0900.3400: 0.274505406523
VOM19980430.0900.0074: 0.271052370872
