VOM19980510.0700.0040: 0.424865626771
VOM19980507.0700.0242: 0.422760021607
VOM19980507.0730.0066: 0.422368909994
VOM19980507.0900.0040: 0.418991757204
VOM19980509.0700.0089: 0.408516963274
VOM19980508.0700.0362: 0.397719960781
VOM19980509.0730.0027: 0.385758374905
VOM19980510.0730.0001: 0.383325939
VOM19980506.0900.0006: 0.363715039196
VOM19980506.0700.0042: 0.362128143157
VOM19980504.0700.0025: 0.356860259461
VOM19980511.0700.0278: 0.347760353972
VOM19980501.0700.0297: 0.3448627709
