VOM19980223.0700.0882: 0.276641667586
VOM19980220.0700.0772: 0.273270932563
VOM19980303.0700.0976: 0.269698107086
VOM19980220.0900.3360: 0.268826634772
VOM19980223.0700.0240: 0.266267605052
VOM19980624.0900.0077: 0.258443280611
VOM19980616.0700.0045: 0.256968108324
VOM19980222.0700.0448: 0.25612710301
VOM19980501.0700.0297: 0.254462095123
VOM19980220.0900.1815: 0.251557647469
VOM19980225.0900.0714: 0.251001484459
VOM19980220.0900.0190: 0.248977500828
VOM19980317.0700.0156: 0.247450770979
