VOM19980225.0900.0332: 0.299054582442
VOM19980316.0900.3433: 0.292383380804
VOM19980624.0700.0288: 0.259470769034
VOM19980222.0700.0448: 0.258105845099
VOM19980223.0700.0734: 0.249541704473
VOM19980327.0900.0327: 0.244459535005
VOM19980327.0900.1984: 0.244459535005
VOM19980403.0700.0259: 0.241758241758
VOM19980507.0700.0457: 0.240192230708
VOM19980317.0900.2819: 0.239849832486
VOM19980223.0700.0562: 0.239607962679
VOM19980223.0700.0664: 0.238141021239
VOM19980520.0730.0188: 0.237728655525
