VOM19980325.0900.0356: 0.271687769911
VOM19980602.0730.0163: 0.262520510216
VOM19980404.0700.0406: 0.262465835528
VOM19980526.0730.0266: 0.261446802198
VOM19980325.0900.0905: 0.261313512971
VOM19980410.0900.0241: 0.254578330936
VOM19980302.0700.3552: 0.251577302713
VOM19980604.0900.0246: 0.249634591766
VOM19980506.0700.0472: 0.249005746585
VOM19980510.0700.0480: 0.248611651305
VOM19980403.0900.3074: 0.243191392623
VOM19980316.0700.0649: 0.242906720717
VOM19980303.0700.0696: 0.242043126406
