VOM19980223.0700.0240: 0.349442164871
VOM19980304.0700.0774: 0.299689773376
VOM19980224.0900.3400: 0.292690457933
VOM19980303.0700.0179: 0.286958967801
VOM19980220.0900.3360: 0.282299447927
VOM19980311.0700.1006: 0.279734597586
VOM19980501.0700.0297: 0.277138102526
VOM19980224.0700.1530: 0.276724299077
VOM19980220.0900.0190: 0.276481712865
VOM19980626.0730.0227: 0.273982473665
VOM19980220.0900.1815: 0.271587249169
VOM19980510.0700.0040: 0.27058774251
VOM19980403.0700.2182: 0.269857864502
