VOM19980319.0700.0352: 0.305987448409
VOM19980625.0730.0124: 0.29397527137
VOM19980505.0730.0186: 0.286999927657
VOM19980505.0700.0344: 0.286999927657
VOM19980220.0700.1055: 0.27179444627
VOM19980613.0700.0112: 0.267511284379
VOM19980326.0700.0480: 0.266234373583
VOM19980228.0700.0268: 0.265292311255
VOM19980625.0700.0205: 0.262094629902
VOM19980302.0900.0670: 0.259397673243
VOM19980312.0900.2408: 0.2576879175
VOM19980630.0730.0136: 0.256778962578
VOM19980404.0700.1788: 0.255838486368
