VOM19980327.0900.1545: 0.287959705652
VOM19980225.0900.2949: 0.287835359208
VOM19980404.0700.0676: 0.287242494811
VOM19980316.0900.2774: 0.284228372651
VOM19980220.0900.2583: 0.273311972349
VOM19980623.0900.0051: 0.272572562216
VOM19980403.0900.0431: 0.269707189512
VOM19980404.0700.0406: 0.266725173753
VOM19980326.0900.1939: 0.265664727485
VOM19980314.0700.2522: 0.265189043374
VOM19980404.0700.1061: 0.265042918707
VOM19980403.0900.0619: 0.262734048318
VOM19980222.0700.0448: 0.261871208391
