VOM19980223.0700.1511: 0.374787545505
VOM19980224.0900.3022: 0.237758174319
VOM19980507.0900.0040: 0.232905355262
VOM19980507.0730.0066: 0.231541041879
VOM19980223.0900.3535: 0.229266810951
VOM19980220.0700.2814: 0.222632995655
VOM19980504.0700.0456: 0.218657140916
VOM19980221.0700.3085: 0.217369794517
VOM19980220.0900.2343: 0.210758757686
VOM19980618.0700.0489: 0.210532266811
VOM19980224.0900.2212: 0.210362596723
VOM19980628.0700.0095: 0.207814445022
VOM19980220.0900.3559: 0.206790663675
