VOM19980424.0900.0178: 0.26622834436
VOM19980225.0900.0421: 0.264072613785
VOM19980225.0900.2118: 0.264072613785
VOM19980507.0700.0521: 0.253680796882
VOM19980511.0900.0004: 0.250319488948
VOM19980327.0900.2123: 0.250102103333
VOM19980511.0730.0099: 0.249181667199
VOM19980511.0700.0193: 0.247155766371
VOM19980302.0900.1291: 0.245183735165
VOM19980305.0700.0436: 0.241397488183
VOM19980511.0700.0039: 0.240146053214
VOM19980511.0730.0003: 0.240146053214
VOM19980302.0700.3469: 0.238165255811
