VOM19980326.0900.0118: 0.287677980891
VOM19980306.0700.0354: 0.287356321839
VOM19980223.0900.3362: 0.284009548562
VOM19980501.0700.0297: 0.275862068966
VOM19980326.0700.0452: 0.27476597813
VOM19980222.0700.1842: 0.26297735287
VOM19980221.0700.0119: 0.257083554556
VOM19980319.0900.2169: 0.255697649287
VOM19980224.0700.0588: 0.250213897246
VOM19980223.0700.0240: 0.246381864163
VOM19980305.0700.0395: 0.245054293677
VOM19980223.0900.0154: 0.243132269542
VOM19980312.0900.0306: 0.242778622417
