VOM19980522.0700.0215: 0.268607654675
VOM19980605.0900.0007: 0.265165042945
VOM19980531.0700.0120: 0.260289603148
VOM19980520.0700.0074: 0.258716841902
VOM19980607.0700.0045: 0.253916687539
VOM19980605.0730.0003: 0.25043365167
VOM19980527.0700.0094: 0.231125081761
VOM19980603.0700.0103: 0.230089496654
VOM19980612.0900.0038: 0.228316506474
VOM19980605.0700.0097: 0.227429413074
VOM19980614.0730.0072: 0.226339365106
VOM19980612.0730.0039: 0.22086305215
VOM19980319.0900.2169: 0.219970672532
