VOM19980527.0700.0094: 0.296238608404
VOM19980606.0700.0150: 0.287283441956
VOM19980327.0900.2123: 0.284644680078
VOM19980316.0900.1667: 0.281009222062
VOM19980527.0730.0043: 0.279360023317
VOM19980527.0900.0049: 0.279360023317
VOM19980612.0700.0080: 0.274686578299
VOM19980606.0730.0028: 0.26913678241
VOM19980319.0700.0108: 0.266475870711
VOM19980529.0700.0041: 0.265510625058
VOM19980625.0700.0404: 0.262205057165
VOM19980223.0700.1730: 0.260513687316
VOM19980319.0900.0095: 0.25851956744
