VOM19980511.0700.0039: 0.277859465113
VOM19980511.0730.0003: 0.277859465113
VOM19980511.0900.0004: 0.275838642184
VOM19980224.0900.2290: 0.264575131106
VOM19980529.0730.0148: 0.247797313892
VOM19980529.0700.0334: 0.247075922801
VOM19980529.0900.0148: 0.24152294577
VOM19980225.0900.0421: 0.221709598189
VOM19980225.0900.2118: 0.221709598189
VOM19980413.0900.0234: 0.218596412446
VOM19980507.0700.0521: 0.209656967344
VOM19980624.0730.0216: 0.209549533585
VOM19980317.0700.0255: 0.209549533585
