VOM19980430.0900.0001: 0.353978419868
VOM19980626.0700.0131: 0.345529684953
VOM19980623.0900.0051: 0.332295120145
VOM19980225.0900.0178: 0.322888520162
VOM19980225.0700.0187: 0.320186476674
VOM19980303.0700.0179: 0.317657964764
VOM19980609.0900.0107: 0.317551152216
VOM19980317.0700.0156: 0.314785625289
VOM19980317.0900.0152: 0.314221593972
VOM19980317.0900.1955: 0.314221593972
VOM19980326.0900.0118: 0.305420454041
VOM19980630.0730.0043: 0.305285827091
VOM19980627.0730.0001: 0.303303371136
