VOM19980222.0700.0448: 0.326824328674
VOM19980312.0900.2408: 0.310477411724
VOM19980317.0900.2819: 0.308547108385
VOM19980326.0700.2359: 0.297529134488
VOM19980326.0900.2164: 0.297529134488
VOM19980404.0700.0676: 0.296873348653
VOM19980325.0900.0905: 0.294393906196
VOM19980222.0700.2148: 0.292313276064
VOM19980220.0700.2208: 0.288534991022
VOM19980326.0900.1939: 0.2853579593
VOM19980327.0900.1545: 0.284959071379
VOM19980404.0700.1788: 0.282523055888
VOM19980316.0900.2774: 0.270202087606
