VOM19980612.0700.0038: 0.325637208372
VOM19980605.0900.0007: 0.307915399426
VOM19980605.0730.0003: 0.307915399426
VOM19980605.0700.0097: 0.306351322318
VOM19980612.0730.0151: 0.283282167472
VOM19980612.0900.0085: 0.283282167472
VOM19980612.0900.0038: 0.280721731355
VOM19980626.0700.0298: 0.267091964217
VOM19980617.0700.0156: 0.264932821614
VOM19980626.0730.0153: 0.264829686927
VOM19980612.0730.0003: 0.262787581274
VOM19980612.0700.0331: 0.261111736491
VOM19980606.0700.0098: 0.255468771907
