VOM19980223.0700.0882: 0.318776690594
VOM19980304.0700.0774: 0.312123432924
VOM19980524.0700.0492: 0.308290615245
VOM19980311.0700.1006: 0.284109821732
VOM19980501.0700.0297: 0.27600570973
VOM19980303.0700.0179: 0.275218419184
VOM19980226.0900.1725: 0.269897809525
VOM19980223.0700.0240: 0.264249098782
VOM19980528.0900.0006: 0.263669662205
VOM19980305.0700.1234: 0.258533747179
VOM19980226.0900.3359: 0.257513101312
VOM19980510.0700.0040: 0.256671419885
VOM19980220.0900.3360: 0.255189219192
