VOM19980319.0700.0722: 0.281429369756
VOM19980325.0900.0905: 0.280262718092
VOM19980317.0900.2819: 0.273880872908
VOM19980302.0900.2091: 0.272268487461
VOM19980222.0700.0448: 0.270848268114
VOM19980326.0700.2359: 0.269362773396
VOM19980505.0700.0384: 0.269178794005
VOM19980327.0900.2652: 0.268641755721
VOM19980223.0700.2728: 0.267523524588
VOM19980326.0900.2164: 0.265771269751
VOM19980404.0700.0676: 0.265523555927
VOM19980225.0900.0714: 0.264031059703
VOM19980226.0900.2027: 0.263473150292
