VOM19980611.0900.0069: 0.313278590277
VOM19980316.0700.0219: 0.297152811869
VOM19980228.0700.1896: 0.294292009048
VOM19980301.0700.0136: 0.292649614714
VOM19980315.0700.1857: 0.289676736584
VOM19980524.0700.0112: 0.287417284888
VOM19980510.0700.0125: 0.286769667338
VOM19980316.0700.2333: 0.279826553614
VOM19980522.0700.0037: 0.278374583802
VOM19980612.0700.0141: 0.275912702768
VOM19980614.0700.0224: 0.275776415922
VOM19980303.0700.1510: 0.273719930986
VOM19980315.0700.0180: 0.273424149537
