VOM19980304.0700.0774: 0.282094461944
VOM19980223.0700.0882: 0.279767661357
VOM19980223.0900.0477: 0.277897127712
VOM19980225.0700.0757: 0.275140470046
VOM19980319.0700.2536: 0.274120494408
VOM19980613.0700.0112: 0.271577559142
VOM19980222.0700.0448: 0.271355633406
VOM19980303.0700.1291: 0.26435872709
VOM19980223.0900.0886: 0.263770109132
VOM19980226.0900.1367: 0.262075416591
VOM19980302.0900.1110: 0.262009192466
VOM19980326.0700.0813: 0.2608214703
VOM19980404.0700.0676: 0.260681683333
