VOM19980618.0700.0114: 0.351831161554
VOM19980529.0700.0392: 0.307211791713
VOM19980319.0900.3416: 0.298279379501
VOM19980222.0700.0448: 0.298113645141
VOM19980625.0730.0090: 0.292508969651
VOM19980317.0900.2819: 0.290714347038
VOM19980618.0700.0542: 0.277979724571
VOM19980618.0700.0144: 0.275391241935
VOM19980306.0700.0593: 0.268298430589
VOM19980327.0900.3386: 0.266592791271
VOM19980327.0900.1892: 0.266592791271
VOM19980526.0730.0266: 0.266053215965
VOM19980325.0900.0905: 0.263918198036
