VOM19980223.0700.0882: 0.307089002617
VOM19980326.0900.0118: 0.296911246261
VOM19980224.0700.0173: 0.293004519337
VOM19980225.0900.0178: 0.28659762871
VOM19980326.0700.0452: 0.284462793558
VOM19980225.0700.0187: 0.284199280029
VOM19980225.0900.1874: 0.283876875751
VOM19980430.0900.0074: 0.281284338563
VOM19980303.0700.0179: 0.279857079774
VOM19980223.0700.0240: 0.277968493748
VOM19980224.0700.0299: 0.276204807199
VOM19980224.0900.0173: 0.27517476964
VOM19980224.0900.0215: 0.273698747693
