VOM19980223.0700.0882: 0.291463640258
VOM19980501.0700.0297: 0.290007395283
VOM19980221.0700.0119: 0.282016673319
VOM19980223.0700.0240: 0.270970103052
VOM19980228.0700.0156: 0.267478439219
VOM19980228.0700.1784: 0.267478439219
VOM19980223.0900.3362: 0.26274393343
VOM19980224.0700.1530: 0.259092863001
VOM19980303.0700.0179: 0.257316795615
VOM19980223.0900.0199: 0.255320328346
VOM19980223.0900.3403: 0.255320328346
VOM19980220.0700.0221: 0.255030685225
VOM19980220.0700.0772: 0.254040271056
