VOM19980616.0700.0538: 0.303051609099
VOM19980404.0700.0406: 0.292818425625
VOM19980610.0700.0551: 0.276026223737
VOM19980327.0900.0327: 0.270939549901
VOM19980327.0900.1984: 0.270939549901
VOM19980403.0900.2970: 0.27014773362
VOM19980611.0700.0548: 0.255603860169
VOM19980624.0700.0546: 0.247716847153
VOM19980327.0900.2123: 0.243758902971
VOM19980325.0900.0905: 0.242313013126
VOM19980603.0700.0545: 0.237170824513
VOM19980623.0700.0472: 0.235702260396
VOM19980325.0900.2134: 0.233762291106
