VOM19980325.0900.0905: 0.242649325589
VOM19980403.0900.3074: 0.232379000772
VOM19980628.0700.0407: 0.229991684335
VOM19980510.0700.0040: 0.227109989583
VOM19980618.0700.0187: 0.225170500701
VOM19980623.0700.0472: 0.22360679775
VOM19980618.0900.0204: 0.221766381286
VOM19980317.0900.2819: 0.218906893268
VOM19980301.0700.0136: 0.216024689947
VOM19980613.0700.0112: 0.215132636487
VOM19980623.0730.0140: 0.214121351613
VOM19980520.0900.0042: 0.210460887841
VOM19980403.0700.1169: 0.208881897759
