VOM19980316.0900.2774: 0.329351764049
VOM19980404.0700.0406: 0.325302113852
VOM19980327.0900.1545: 0.318734781346
VOM19980221.0700.2690: 0.314604032858
VOM19980404.0700.0676: 0.306063816796
VOM19980220.0700.2208: 0.303637016786
VOM19980326.0700.2359: 0.293267406395
VOM19980326.0900.2164: 0.293267406395
VOM19980325.0900.0905: 0.291867943348
VOM19980225.0900.2949: 0.288975342063
VOM19980222.0700.0448: 0.288474193885
VOM19980305.0900.2335: 0.285979156038
VOM19980403.0900.0619: 0.285979156038
