VOM19980617.0700.0554: 0.278749259058
VOM19980316.0900.2774: 0.262382586148
VOM19980618.0700.0542: 0.261116483934
VOM19980621.0730.0001: 0.251335232125
VOM19980222.0700.0448: 0.251248249865
VOM19980621.0700.0052: 0.249300095536
VOM19980509.0700.0043: 0.246836524935
VOM19980507.0700.0546: 0.246526253771
VOM19980403.0700.0185: 0.24248711306
VOM19980319.0900.0364: 0.242127970707
VOM19980611.0900.0253: 0.240370085031
VOM19980610.0700.0551: 0.24003967926
VOM19980312.0900.3403: 0.236550806705
