VOM19980404.0700.0406: 0.307089002617
VOM19980222.0700.0448: 0.284172867211
VOM19980305.0900.2335: 0.278155306259
VOM19980325.0900.3063: 0.276229045166
VOM19980403.0900.3074: 0.275177080663
VOM19980627.0700.0466: 0.272352389701
VOM19980325.0900.0905: 0.271100188173
VOM19980326.0700.0480: 0.265788716977
VOM19980326.0700.2359: 0.263773339557
VOM19980326.0900.2164: 0.263773339557
VOM19980220.0700.2208: 0.262211936343
VOM19980403.0900.0173: 0.259943699953
VOM19980404.0700.0676: 0.259437260831
