VOM19980618.0700.0144: 0.271052370872
VOM19980226.0900.3196: 0.255509244634
VOM19980325.0900.3063: 0.255344293812
VOM19980327.0900.0327: 0.250841281121
VOM19980327.0900.1984: 0.250841281121
VOM19980222.0700.0448: 0.241966959248
VOM19980531.0730.0076: 0.239045721867
VOM19980319.0900.0364: 0.236292704275
VOM19980226.0900.2027: 0.235378270881
VOM19980225.0900.0332: 0.230622664079
VOM19980531.0700.0235: 0.230508374657
VOM19980326.0700.2359: 0.229089153374
VOM19980326.0900.2164: 0.229089153374
