VOM19980305.0700.0495: 0.27882012483
VOM19980223.0900.0477: 0.268767319881
VOM19980225.0700.0187: 0.265297724986
VOM19980311.0700.1006: 0.265297724986
VOM19980326.0700.0717: 0.263513513514
VOM19980223.0700.0240: 0.261557187174
VOM19980224.0700.1530: 0.259818357653
VOM19980326.0900.0118: 0.257325117733
VOM19980502.0700.0095: 0.257325117733
VOM19980303.0700.0179: 0.257280609367
VOM19980303.0700.0783: 0.257033200319
VOM19980225.0900.0178: 0.256835101484
VOM19980428.0900.0156: 0.255744805236
