VOM19980220.0700.2814: 0.262570951608
VOM19980520.0700.0476: 0.224179415327
VOM19980427.0900.0010: 0.2124591464
VOM19980604.0700.0534: 0.19847906538
VOM19980221.0700.3085: 0.195746453122
VOM19980224.0900.3022: 0.190834191359
VOM19980507.0700.0546: 0.18993769182
VOM19980618.0700.0542: 0.18776690405
VOM19980605.0700.0406: 0.186636254348
VOM19980521.0730.0273: 0.180144173031
VOM19980220.0900.0330: 0.179828552955
VOM19980603.0700.0545: 0.179773123877
VOM19980315.0700.1310: 0.179495142362
