VOM19980523.0700.0428: 0.314970394174
VOM19980523.0730.0220: 0.307728727448
VOM19980303.0700.0179: 0.300658411201
VOM19980501.0700.0297: 0.295439473934
VOM19980226.0900.1725: 0.293428458771
VOM19980303.0900.0160: 0.289875452182
VOM19980502.0700.0095: 0.285272165367
VOM19980502.0730.0047: 0.277777777778
VOM19980530.0700.0199: 0.275589127305
VOM19980602.0700.0417: 0.275240941282
VOM19980303.0900.1879: 0.274421896082
VOM19980226.0900.0170: 0.272199819867
VOM19980303.0700.0783: 0.268369719598
