VOM19980304.0700.0774: 0.259281489421
VOM19980223.0900.0199: 0.25879698851
VOM19980223.0900.3403: 0.25879698851
VOM19980223.0900.1787: 0.249759221749
VOM19980620.0730.0003: 0.247435829653
VOM19980304.0700.0871: 0.239698591148
VOM19980317.0700.0156: 0.231694502529
VOM19980624.0700.0343: 0.230921102606
VOM19980302.0700.2191: 0.230892010183
VOM19980317.0900.0152: 0.227456554241
VOM19980317.0900.1955: 0.227456554241
VOM19980223.0700.0882: 0.224489795918
VOM19980317.0700.3639: 0.22360679775
