VOM19980223.0700.1511: 0.276781174235
VOM19980220.0700.2814: 0.23208212553
VOM19980304.0700.0238: 0.226712596471
VOM19980224.0900.3022: 0.226506681687
VOM19980224.0900.2212: 0.220415507511
VOM19980314.0700.3062: 0.21721156905
VOM19980305.0900.0332: 0.215274246627
VOM19980327.0900.2123: 0.213790700628
VOM19980305.0700.0436: 0.212169379453
VOM19980316.0900.1667: 0.211060183705
VOM19980505.0700.0384: 0.209824894458
VOM19980626.0700.0131: 0.209040871486
VOM19980304.0900.0247: 0.208955288352
