VOM19980311.0700.0279: 0.339330192631
VOM19980305.0700.0395: 0.317641989258
VOM19980403.0700.2182: 0.317400769085
VOM19980319.0900.3353: 0.302579197886
VOM19980326.0700.0115: 0.285741593549
VOM19980327.0900.3348: 0.276888415571
VOM19980225.0700.0187: 0.274571316965
VOM19980403.0700.0372: 0.272628965906
VOM19980327.0900.1850: 0.267954168255
VOM19980225.0900.0178: 0.2643025785
VOM19980225.0900.1874: 0.261793478806
VOM19980306.0700.0425: 0.260639350575
VOM19980327.0900.0179: 0.259933639927
