VOM19980613.0700.0112: 0.354429608518
VOM19980619.0730.0035: 0.352563576208
VOM19980619.0700.0149: 0.336110740839
VOM19980404.0700.1788: 0.33546689877
VOM19980619.0900.0007: 0.303146787042
VOM19980613.0730.0031: 0.298881288832
VOM19980222.0700.0448: 0.285151670887
VOM19980527.0700.0094: 0.283543686815
VOM19980305.0700.0436: 0.272451451461
VOM19980403.0900.0431: 0.271973743069
VOM19980524.0700.0112: 0.269642119058
VOM19980529.0700.0168: 0.26913006957
VOM19980404.0700.3404: 0.268697592881
