VOM19980306.0700.0354: 0.342680741981
VOM19980222.0700.0758: 0.332977777677
VOM19980403.0700.2182: 0.321954893702
VOM19980326.0700.0115: 0.321229828071
VOM19980306.0700.0425: 0.295610643217
VOM19980326.0700.0717: 0.284038188661
VOM19980311.0700.0279: 0.283660129854
VOM19980223.0700.0882: 0.279244444243
VOM19980221.0700.0119: 0.279199978803
VOM19980220.0900.3360: 0.27651754471
VOM19980524.0700.0492: 0.274881249802
VOM19980305.0700.0395: 0.271501505183
VOM19980613.0700.0179: 0.268455266808
