VOM19980529.0700.0100: 0.332023932116
VOM19980527.0700.0094: 0.309468517141
VOM19980619.0700.0149: 0.302778742318
VOM19980319.0900.2169: 0.301078328758
VOM19980607.0700.0045: 0.297892225026
VOM19980531.0700.0120: 0.292755796973
VOM19980603.0700.0103: 0.287543110757
VOM19980520.0700.0074: 0.284058604919
VOM19980319.0700.0177: 0.284058604919
VOM19980623.0900.0051: 0.28342519898
VOM19980520.0700.0129: 0.282670500362
VOM19980613.0700.0112: 0.278521665427
VOM19980317.0700.0723: 0.278438012725
