VOM19980304.0700.0871: 0.27624555331
VOM19980501.0700.0297: 0.268692999871
VOM19980520.0900.0115: 0.268387016105
VOM19980303.0700.0179: 0.267926568413
VOM19980225.0900.0714: 0.263238928733
VOM19980304.0700.0774: 0.259387383438
VOM19980626.0700.0131: 0.259053148127
VOM19980520.0700.0129: 0.257247877714
VOM19980223.0700.0240: 0.257247877714
VOM19980220.0700.0772: 0.256248853055
VOM19980611.0700.0383: 0.254771902119
VOM19980319.0900.0364: 0.254285231375
VOM19980507.0700.0242: 0.251882723866
