VOM19980228.0700.0156: 0.320427521901
VOM19980228.0700.1784: 0.320427521901
VOM19980303.0700.0179: 0.273451408812
VOM19980223.0700.0240: 0.27130426628
VOM19980223.0900.0199: 0.267022934917
VOM19980223.0900.3403: 0.267022934917
VOM19980220.0900.3360: 0.26622834436
VOM19980311.0700.1006: 0.26204637119
VOM19980626.0730.0070: 0.259731240825
VOM19980626.0900.0075: 0.259731240825
VOM19980626.0700.0131: 0.25851956744
VOM19980223.0900.1787: 0.258413727302
VOM19980618.0730.0234: 0.247012133777
