VOM19980403.0700.0129: 0.293374090067
VOM19980403.0900.2034: 0.292236019773
VOM19980403.0900.3300: 0.289477208101
VOM19980326.0700.0452: 0.285869673137
VOM19980404.0700.1061: 0.279640322425
VOM19980403.0900.0124: 0.273155295051
VOM19980326.0900.0118: 0.271803363772
VOM19980404.0700.0676: 0.267971100379
VOM19980220.0900.2583: 0.265871566681
VOM19980403.0700.0727: 0.264928540374
VOM19980223.0700.2728: 0.262489795908
VOM19980627.0700.0022: 0.262260724085
VOM19980403.0900.0431: 0.260931229221
