VOM19980316.0900.2774: 0.303393817941
VOM19980404.0700.1061: 0.302059297166
VOM19980326.0700.0480: 0.296262431927
VOM19980403.0700.1169: 0.295886191182
VOM19980225.0900.2949: 0.293229383034
VOM19980404.0700.0676: 0.290473750966
VOM19980403.0700.0129: 0.287024352144
VOM19980222.0700.0448: 0.286092957494
VOM19980327.0900.1545: 0.285886941436
VOM19980319.0700.2278: 0.275323952261
VOM19980220.0700.2208: 0.270929591595
VOM19980403.0700.1459: 0.269694521886
VOM19980317.0700.0924: 0.268881982775
