VOM19980509.0730.0002: 0.277143483846
VOM19980303.0700.0590: 0.270864489244
VOM19980603.0730.0115: 0.24524946383
VOM19980509.0700.0043: 0.243692308634
VOM19980303.0900.1646: 0.243384421829
VOM19980220.0900.2583: 0.228065073634
VOM19980224.0900.2212: 0.224793049033
VOM19980404.0700.0676: 0.22106487928
VOM19980223.0700.0562: 0.221018838484
VOM19980618.0700.0144: 0.220527138568
VOM19980515.0900.0164: 0.220527138568
VOM19980627.0730.0001: 0.220483517336
VOM19980312.0900.0825: 0.219319677697
