VOM19980303.0900.1975: 0.302675074024
VOM19980501.0700.0148: 0.299127270878
VOM19980303.0700.0393: 0.297221022363
VOM19980304.0700.0271: 0.284447007172
VOM19980222.0700.0448: 0.281064240058
VOM19980520.0900.0007: 0.279227352597
VOM19980319.0900.0162: 0.277722554799
VOM19980520.0700.0038: 0.274284885005
VOM19980319.0900.1922: 0.274169988725
VOM19980304.0900.0211: 0.273911932832
VOM19980521.0700.0100: 0.273387059732
VOM19980520.0730.0002: 0.268885598797
VOM19980316.0700.0219: 0.26579297474
