VOM19980326.0900.1939: 0.350983382371
VOM19980325.0900.0905: 0.313568863703
VOM19980327.0900.1545: 0.312849704458
VOM19980312.0900.2408: 0.312246628018
VOM19980316.0900.3018: 0.302875836999
VOM19980222.0700.0448: 0.296751461164
VOM19980220.0700.2208: 0.290866503436
VOM19980316.0900.2774: 0.288634514818
VOM19980222.0700.2148: 0.286787111397
VOM19980319.0700.0722: 0.28400152296
VOM19980618.0700.0234: 0.281613337524
VOM19980302.0700.0653: 0.280270944205
VOM19980319.0700.2536: 0.279432288695
