VOM19980325.0900.0905: 0.270914184591
VOM19980404.0700.0406: 0.257936507937
VOM19980326.0700.2359: 0.256761463323
VOM19980326.0900.2164: 0.256761463323
VOM19980226.0900.2027: 0.248069469178
VOM19980316.0900.2774: 0.236210366347
VOM19980325.0900.0356: 0.23152386939
VOM19980520.0900.0248: 0.231455024943
VOM19980317.0900.2819: 0.231296222163
VOM19980327.0900.1545: 0.224439600624
VOM19980303.0700.0696: 0.223420912368
VOM19980403.0900.3074: 0.223146227132
VOM19980222.0700.0448: 0.222074176551
