VOM19980222.0700.0448: 0.338241707774
VOM19980404.0700.0406: 0.332898514685
VOM19980404.0700.0676: 0.308221444556
VOM19980317.0900.2819: 0.308061546591
VOM19980325.0900.3063: 0.302926827881
VOM19980326.0700.2359: 0.299850216057
VOM19980326.0900.2164: 0.299850216057
VOM19980327.0900.1545: 0.295966484873
VOM19980403.0900.0431: 0.288345343209
VOM19980226.0900.2027: 0.285675958766
VOM19980319.0900.0364: 0.284149897424
VOM19980319.0700.0722: 0.283700144723
VOM19980221.0700.2087: 0.28301257099
