VOM19980326.0700.0480: 0.351865775274
VOM19980404.0700.1788: 0.309794163603
VOM19980403.0700.0259: 0.305278997431
VOM19980524.0700.0112: 0.303890602566
VOM19980222.0700.0448: 0.297769132877
VOM19980504.0700.0222: 0.296499726664
VOM19980325.0900.3063: 0.294174202707
VOM19980228.0700.0268: 0.293307708328
VOM19980303.0700.1291: 0.288663013282
VOM19980325.0900.2916: 0.284347416229
VOM19980319.0700.2536: 0.281970231653
VOM19980527.0700.0042: 0.280838915736
VOM19980404.0700.0676: 0.279530892804
