VOM19980226.0900.2027: 0.257682259858
VOM19980222.0700.0448: 0.250248128818
VOM19980317.0900.2819: 0.246564483787
VOM19980505.0700.0384: 0.244760769122
VOM19980404.0700.0676: 0.244411858369
VOM19980404.0700.0406: 0.244411858369
VOM19980305.0900.2335: 0.244193968501
VOM19980228.0700.0636: 0.242359665386
VOM19980303.0900.1646: 0.242179739848
VOM19980326.0700.2359: 0.238647852539
VOM19980326.0900.2164: 0.238647852539
VOM19980228.0700.2303: 0.238405735134
VOM19980302.0900.1669: 0.234383011275
