VOM19980626.0700.0131: 0.267558253942
VOM19980505.0700.0438: 0.264835857931
VOM19980303.0700.1822: 0.263700600809
VOM19980312.0900.3403: 0.25535072663
VOM19980403.0900.0619: 0.25405224754
VOM19980312.0900.1827: 0.253283075381
VOM19980302.0700.1749: 0.248782105905
VOM19980317.0700.0723: 0.248629652137
VOM19980326.0700.1085: 0.247278877002
VOM19980303.0700.0783: 0.246491288882
VOM19980304.0700.0774: 0.246412305804
VOM19980319.0900.2245: 0.24591492815
VOM19980303.0900.2332: 0.243195688459
