VOM19980626.0900.0007: 0.212572730555
VOM19980403.0900.1941: 0.204655422954
VOM19980503.0730.0168: 0.194576012861
VOM19980316.0900.1194: 0.189645651534
VOM19980305.0900.1736: 0.189352427332
VOM19980630.0730.0002: 0.18481233109
VOM19980222.0700.2148: 0.184541939824
VOM19980630.0900.0005: 0.183339699406
VOM19980503.0700.0300: 0.18323156628
VOM19980302.0700.1233: 0.179267901941
VOM19980220.0900.2343: 0.173298199849
VOM19980304.0900.0509: 0.170244006591
VOM19980627.0700.0102: 0.16916516233
