VOM19980603.0700.0103: 0.320427521901
VOM19980616.0730.0180: 0.265562452124
VOM19980616.0900.0100: 0.263180677984
VOM19980319.0900.2169: 0.255279860356
VOM19980616.0900.0077: 0.241237626183
VOM19980616.0730.0252: 0.241237626183
VOM19980627.0730.0153: 0.236935236169
VOM19980627.0700.0205: 0.233954800089
VOM19980531.0700.0120: 0.231084080326
VOM19980530.0700.0037: 0.228526522254
VOM19980529.0700.0168: 0.224964851988
VOM19980529.0730.0003: 0.218856889818
VOM19980529.0900.0008: 0.218856889818
