VOM19980314.0700.0818: 0.304290004007
VOM19980403.0900.2349: 0.267644548374
VOM19980222.0700.0758: 0.26738916912
VOM19980303.0700.0783: 0.265513664775
VOM19980223.0700.1993: 0.263682536052
VOM19980302.0900.0871: 0.261686807759
VOM19980316.0700.2554: 0.261179011408
VOM19980303.0700.0179: 0.260917465695
VOM19980225.0700.0757: 0.260729997214
VOM19980223.0700.0882: 0.2602785821
VOM19980302.0900.1110: 0.256815618902
VOM19980326.0700.0717: 0.254156872911
VOM19980223.0900.2288: 0.254095926456
