VOM19980326.0700.2359: 0.278500539396
VOM19980326.0900.2164: 0.278500539396
VOM19980403.0900.3074: 0.277173946873
VOM19980325.0900.3063: 0.271642865758
VOM19980403.0900.0431: 0.269974623578
VOM19980319.0900.0364: 0.26582929231
VOM19980505.0700.0384: 0.265788716977
VOM19980306.0700.1456: 0.26330891714
VOM19980524.0700.0112: 0.252195329997
VOM19980403.0900.0173: 0.249111897726
VOM19980222.0700.0448: 0.246806298433
VOM19980326.0900.1939: 0.245874554725
VOM19980223.0900.0886: 0.243361574333
