VOM19980303.0700.0783: 0.270526665891
VOM19980625.0700.0205: 0.26040822111
VOM19980220.0700.0221: 0.252347469341
VOM19980326.0700.0115: 0.249527856047
VOM19980403.0700.0372: 0.240851860989
VOM19980223.0700.0882: 0.240330923182
VOM19980228.0700.1816: 0.239796259732
VOM19980228.0700.0187: 0.239796259732
VOM19980227.0900.3069: 0.238412390573
VOM19980501.0700.0297: 0.23806735283
VOM19980531.0700.0380: 0.237425433021
VOM19980521.0730.0189: 0.236520064995
VOM19980528.0900.0240: 0.234282965063
