VOM19980223.0700.0664: 0.237885554886
VOM19980226.0900.1857: 0.224035848604
VOM19980618.0700.0144: 0.222026517893
VOM19980305.0900.1736: 0.220054258293
VOM19980505.0700.0384: 0.211494486853
VOM19980617.0730.0280: 0.20659216919
VOM19980508.0700.0514: 0.206083007185
VOM19980303.0900.2177: 0.204019719517
VOM19980303.0700.0696: 0.201564842418
VOM19980305.0900.0332: 0.19753736688
VOM19980312.0900.1827: 0.195937847706
VOM19980529.0700.0392: 0.194606460559
VOM19980617.0700.0522: 0.193800633245
