VOM19980618.0700.0315: 0.286794494806
VOM19980225.0900.0714: 0.272114631131
VOM19980626.0700.0131: 0.270492643799
VOM19980520.0730.0078: 0.263180677984
VOM19980223.0700.0562: 0.260481317622
VOM19980610.0700.0405: 0.260481317622
VOM19980520.0700.0129: 0.255177271941
VOM19980317.0900.3492: 0.252262489555
VOM19980224.0700.0588: 0.249342877746
VOM19980220.0900.3360: 0.248049662969
VOM19980317.0900.0152: 0.241511153521
VOM19980317.0900.1955: 0.241511153521
VOM19980326.0700.0452: 0.24052284646
