VOM19980220.0700.2814: 0.264025649452
VOM19980403.0700.2289: 0.250970052663
VOM19980317.0700.0320: 0.230574406563
VOM19980625.0700.0404: 0.228692461902
VOM19980220.0900.3559: 0.225876975726
VOM19980224.0900.3022: 0.223220669336
VOM19980220.0700.0707: 0.22228757209
VOM19980627.0700.0572: 0.217575126276
VOM19980319.0900.1890: 0.21598732513
VOM19980319.0900.0128: 0.21598732513
VOM19980223.0700.1511: 0.212417040793
VOM19980317.0700.0255: 0.212417040793
VOM19980416.0900.0132: 0.209018148843
