VOM19980501.0700.0297: 0.346700644995
VOM19980510.0700.0040: 0.333161290311
VOM19980427.0900.0219: 0.313112145543
VOM19980504.0700.0025: 0.312580996482
VOM19980509.0700.0089: 0.308020551817
VOM19980502.0700.0095: 0.307318148576
VOM19980504.0730.0002: 0.306604626327
VOM19980504.0900.0001: 0.306604626327
VOM19980509.0730.0027: 0.302495070991
VOM19980507.0700.0242: 0.300634218808
VOM19980503.0700.0096: 0.28974232912
VOM19980507.0900.0040: 0.287485848362
VOM19980616.0700.0045: 0.286575651207
