VOM19980319.0900.2169: 0.296878406583
VOM19980314.0700.0818: 0.26485178734
VOM19980529.0700.0168: 0.261623485308
VOM19980407.0900.0109: 0.260156681308
VOM19980403.0700.0727: 0.258591270141
VOM19980520.0700.0074: 0.257688412993
VOM19980225.0900.0714: 0.248590568245
VOM19980505.0730.0228: 0.248125944869
VOM19980505.0700.0481: 0.248125944869
VOM19980619.0700.0149: 0.245450405661
VOM19980319.0700.2536: 0.243943019415
VOM19980222.0700.0448: 0.24262295082
VOM19980531.0700.0120: 0.240285049968
