VOM19980220.0700.0707: 0.268491449757
VOM19980220.0700.2814: 0.255124040369
VOM19980221.0700.3085: 0.253041759057
VOM19980220.0900.3559: 0.244452932541
VOM19980317.0700.0156: 0.237429039967
VOM19980317.0900.0152: 0.22295201802
VOM19980317.0900.1955: 0.22295201802
VOM19980606.0700.0562: 0.217832459455
VOM19980403.0700.0435: 0.214391791078
VOM19980223.0700.0458: 0.21170244961
VOM19980223.0900.0378: 0.209837193431
VOM19980625.0730.0002: 0.208020386997
VOM19980303.0900.2177: 0.207219885774
