VOM19980220.0900.2583: 0.311956090366
VOM19980404.0700.0676: 0.303901989001
VOM19980403.0700.0727: 0.295940184228
VOM19980403.0900.0431: 0.277129721458
VOM19980222.0700.0448: 0.273638734183
VOM19980223.0900.2779: 0.266878559165
VOM19980403.0700.1169: 0.265996282878
VOM19980623.0900.0051: 0.26540135595
VOM19980627.0730.0001: 0.264697944289
VOM19980627.0700.0022: 0.26437861089
VOM19980226.0900.2027: 0.264326180823
VOM19980430.0900.0001: 0.260653705416
VOM19980327.0900.1073: 0.260161932253
