VOM19980303.0700.0179: 0.324290568247
VOM19980304.0700.0774: 0.2928855814
VOM19980523.0700.0189: 0.285774833368
VOM19980223.0700.0882: 0.273091239
VOM19980304.0700.0871: 0.272153184708
VOM19980618.0700.0315: 0.271274796667
VOM19980225.0700.0999: 0.268706548174
VOM19980220.0900.1815: 0.267560024836
VOM19980224.0700.1530: 0.266791834836
VOM19980223.0900.0199: 0.265116503107
VOM19980223.0900.3403: 0.265116503107
VOM19980220.0900.0190: 0.264815746909
VOM19980220.0900.3360: 0.262229747612
