VOM19980612.0900.0038: 0.27628748856
VOM19980625.0700.0404: 0.274462323198
VOM19980502.0730.0115: 0.270054240717
VOM19980502.0700.0197: 0.270054240717
VOM19980603.0700.0103: 0.262964497219
VOM19980520.0900.0115: 0.258646763266
VOM19980529.0700.0168: 0.256864519627
VOM19980520.0700.0074: 0.254543715984
VOM19980522.0700.0215: 0.252262489555
VOM19980503.0730.0136: 0.249136439561
VOM19980613.0730.0031: 0.248413771175
VOM19980606.0700.0150: 0.244450603519
VOM19980531.0700.0120: 0.244450603519
