VOM19980605.0730.0003: 0.370296355674
VOM19980605.0700.0097: 0.369102111881
VOM19980605.0900.0007: 0.360288346061
VOM19980530.0700.0107: 0.340883570811
VOM19980612.0700.0080: 0.340692571935
VOM19980607.0700.0045: 0.336790439695
VOM19980613.0700.0112: 0.329739003836
VOM19980531.0700.0120: 0.327139133257
VOM19980603.0700.0103: 0.32131423186
VOM19980529.0700.0100: 0.305545222924
VOM19980625.0700.0404: 0.302280194438
VOM19980613.0730.0031: 0.297921795862
VOM19980612.0900.0038: 0.291972747441
