VOM19980404.0700.0406: 0.327246645531
VOM19980222.0700.0448: 0.324472389445
VOM19980220.0700.2208: 0.313710647152
VOM19980317.0900.2819: 0.308701323829
VOM19980316.0900.2774: 0.308583930403
VOM19980326.0700.2359: 0.298227190826
VOM19980326.0900.2164: 0.298227190826
VOM19980325.0900.0905: 0.291861778016
VOM19980327.0900.1545: 0.291849228185
VOM19980403.0900.0619: 0.287242494811
VOM19980404.0700.0676: 0.283505757267
VOM19980226.0900.2027: 0.281316490857
VOM19980403.0700.1169: 0.277236827356
