VOM19980501.0700.0297: 0.303397113416
VOM19980623.0900.0051: 0.289345693302
VOM19980630.0730.0043: 0.28091660936
VOM19980630.0700.0071: 0.28091660936
VOM19980303.0700.0179: 0.277320716249
VOM19980223.0700.0240: 0.266267605052
VOM19980223.0700.1295: 0.260874597375
VOM19980304.0700.0871: 0.259937622455
VOM19980613.0700.0112: 0.259591641839
VOM19980304.0700.0774: 0.259416496714
VOM19980225.0700.0187: 0.259272486435
VOM19980326.0900.0118: 0.258557250627
VOM19980220.0700.0772: 0.257196171824
