VOM19980403.0700.0727: 0.310307236531
VOM19980314.0700.0818: 0.295106002531
VOM19980220.0900.2583: 0.293020299779
VOM19980223.0700.1993: 0.290281454599
VOM19980623.0900.0051: 0.288989136552
VOM19980224.0700.2219: 0.287725542763
VOM19980222.0700.0448: 0.287715407286
VOM19980305.0900.1046: 0.287346114406
VOM19980319.0700.2278: 0.285357391029
VOM19980220.0900.2138: 0.28104080127
VOM19980303.0700.2491: 0.280310531827
VOM19980403.0900.0431: 0.27959671657
VOM19980404.0700.0676: 0.279164062679
