VOM19980606.0730.0212: 0.226494127083
VOM19980311.0700.1006: 0.223698121747
VOM19980526.0700.0431: 0.223266899153
VOM19980623.0900.0051: 0.217944075402
VOM19980326.0900.0118: 0.206643473293
VOM19980628.0730.0253: 0.204010837344
VOM19980317.0700.3639: 0.203522894603
VOM19980626.0730.0070: 0.198618007689
VOM19980626.0900.0075: 0.198618007689
VOM19980611.0900.0142: 0.198029508595
VOM19980317.0900.0152: 0.196722368841
VOM19980317.0900.1955: 0.196722368841
VOM19980605.0730.0189: 0.196500300316
