VOM19980511.0700.0105: 0.330887471259
VOM19980511.0900.0039: 0.308644936887
VOM19980511.0730.0066: 0.298498944771
VOM19980404.0700.0676: 0.282113746222
VOM19980403.0700.1169: 0.277666996687
VOM19980222.0700.0448: 0.27543810264
VOM19980404.0700.1061: 0.270452515497
VOM19980403.0700.0129: 0.26658622754
VOM19980524.0700.0112: 0.26110477966
VOM19980225.0900.2949: 0.261075694043
VOM19980619.0700.0040: 0.260060281748
VOM19980228.0700.0268: 0.256982536872
VOM19980620.0730.0003: 0.254024498763
