VOM19980623.0900.0051: 0.29124759763
VOM19980225.0700.0187: 0.284701871921
VOM19980225.0900.0178: 0.276061982653
VOM19980220.0700.0772: 0.268843936274
VOM19980225.0900.1874: 0.261012099966
VOM19980619.0700.0149: 0.259703760399
VOM19980502.0730.0193: 0.25185165593
VOM19980228.0700.2057: 0.251429898724
VOM19980312.0900.0825: 0.248768919061
VOM19980223.0700.1295: 0.248161371048
VOM19980502.0700.0348: 0.246559053589
VOM19980303.0700.1180: 0.244551815863
VOM19980611.0700.0046: 0.243551333564
