VOM19980316.0900.1667: 0.270003780079
VOM19980303.0700.0281: 0.265252922533
VOM19980524.0700.0409: 0.264292456526
VOM19980327.0900.2123: 0.2613414431
VOM19980303.0900.1926: 0.260931229221
VOM19980303.0900.3358: 0.258783610567
VOM19980524.0730.0122: 0.25264557632
VOM19980302.0700.2096: 0.247582025133
VOM19980623.0730.0101: 0.245992822136
VOM19980623.0700.0507: 0.245992822136
VOM19980302.0700.3423: 0.245400643184
VOM19980314.0700.0239: 0.242118677307
VOM19980314.0700.1911: 0.240249007031
