VOM19980303.0700.0783: 0.272671541367
VOM19980223.0700.0240: 0.271304758117
VOM19980326.0900.2725: 0.269425335881
VOM19980326.0700.2676: 0.269060686504
VOM19980319.0700.2536: 0.266717474835
VOM19980304.0700.0774: 0.265143906677
VOM19980225.0700.0999: 0.264941617159
VOM19980227.0900.1346: 0.262012465477
VOM19980314.0700.0818: 0.261412611224
VOM19980225.0700.0757: 0.256753437422
VOM19980303.0700.0976: 0.255775530869
VOM19980303.0700.0179: 0.255397067254
VOM19980404.0700.1295: 0.254481794057
