VOM19980302.0900.0871: 0.296160663614
VOM19980319.0700.2536: 0.295039307163
VOM19980220.0700.2208: 0.292303423229
VOM19980302.0900.1110: 0.287664901764
VOM19980222.0700.0448: 0.287377942844
VOM19980303.0700.0976: 0.285373124604
VOM19980223.0700.0240: 0.285175912736
VOM19980303.0700.0783: 0.277058823757
VOM19980314.0700.0818: 0.275626084611
VOM19980223.0700.1993: 0.27323732274
VOM19980404.0700.1295: 0.271896005481
VOM19980224.0700.2219: 0.269006427119
VOM19980223.0700.1295: 0.26831263553
