VOM19980220.0700.0707: 0.224044813444
VOM19980403.0700.2289: 0.203388718555
VOM19980621.0730.0142: 0.195450909952
VOM19980618.0700.0315: 0.193795910949
VOM19980530.0700.0512: 0.193772786325
VOM19980611.0700.0254: 0.192827073617
VOM19980326.0900.3491: 0.19245008973
VOM19980317.0900.3162: 0.19245008973
VOM19980316.0900.1667: 0.190091061781
VOM19980327.0900.2652: 0.190088649504
VOM19980220.0700.2814: 0.188496595861
VOM19980220.0900.3396: 0.187394231714
VOM19980508.0900.0038: 0.187394231714
