VOM19980303.0700.0976: 0.278145939341
VOM19980611.0700.0046: 0.269669049486
VOM19980319.0700.2536: 0.26956415779
VOM19980403.0900.1729: 0.267945650823
VOM19980302.0900.0871: 0.267890359213
VOM19980223.0900.0629: 0.267400491253
VOM19980303.0700.0783: 0.266672216614
VOM19980304.0700.1276: 0.266258723917
VOM19980326.0900.0433: 0.265368995093
VOM19980225.0700.0999: 0.264684675308
VOM19980326.0700.1085: 0.264647681531
VOM19980305.0900.2335: 0.264247540946
VOM19980224.0700.0173: 0.263899331456
