VOM19980220.0700.2814: 0.362920891843
VOM19980403.0700.2289: 0.264097846751
VOM19980220.0900.3559: 0.25271871402
VOM19980221.0700.3085: 0.236361448972
VOM19980220.0700.0707: 0.234491182388
VOM19980314.0700.3062: 0.230572126391
VOM19980223.0700.1511: 0.226475322175
VOM19980223.0900.3535: 0.22082870491
VOM19980316.0900.1667: 0.214707274038
VOM19980611.0700.0254: 0.201817876493
VOM19980305.0700.0436: 0.201384033044
VOM19980510.0730.0187: 0.201351960245
VOM19980510.0700.0361: 0.201351960245
