VOM19980304.0700.0774: 0.372345693022
VOM19980303.0700.0179: 0.363236668996
VOM19980303.0700.0783: 0.35463992909
VOM19980223.0700.0240: 0.348759224441
VOM19980304.0700.0871: 0.330454398064
VOM19980317.0700.0723: 0.307162651292
VOM19980319.0700.2536: 0.3071354929
VOM19980304.0700.0408: 0.304826577209
VOM19980326.0900.0433: 0.303520015512
VOM19980226.0900.0170: 0.302141086995
VOM19980501.0700.0297: 0.298609339176
VOM19980226.0900.1725: 0.297382662258
VOM19980226.0900.3359: 0.295086236676
