VOM19980506.0700.0506: 0.316058053838
VOM19980223.0700.0240: 0.30726829838
VOM19980225.0700.0187: 0.292238002506
VOM19980303.0700.0179: 0.290253782448
VOM19980304.0700.0774: 0.289031655831
VOM19980224.0700.1530: 0.286511962674
VOM19980428.0900.0156: 0.285830975238
VOM19980223.0700.2728: 0.285148906264
VOM19980225.0900.0178: 0.284179040078
VOM19980222.0700.1842: 0.281800930988
VOM19980220.0900.1815: 0.280541803843
VOM19980311.0700.0234: 0.280222667232
VOM19980223.0900.3362: 0.278413445355
