VOM19980613.0700.0179: 0.292337888775
VOM19980221.0700.0119: 0.28442309796
VOM19980526.0700.0381: 0.282216260515
VOM19980220.0900.3360: 0.277028019214
VOM19980317.0700.0156: 0.274615404927
VOM19980501.0700.0297: 0.27231083139
VOM19980628.0700.0355: 0.271763806422
VOM19980520.0730.0078: 0.271562723297
VOM19980305.0700.0495: 0.269233774064
VOM19980613.0730.0072: 0.266378229634
VOM19980223.0700.0882: 0.266076042095
VOM19980223.0900.0477: 0.263646073003
VOM19980223.0900.3362: 0.261663198119
