VOM19980325.0900.0905: 0.319695972921
VOM19980326.0700.2359: 0.310107416886
VOM19980326.0900.2164: 0.310107416886
VOM19980404.0700.0406: 0.302820558139
VOM19980226.0900.2027: 0.287316685847
VOM19980325.0900.3063: 0.285599666458
VOM19980222.0700.0448: 0.27891942368
VOM19980326.0900.1939: 0.265067828249
VOM19980312.0900.2795: 0.264075119253
VOM19980305.0900.2335: 0.261387549926
VOM19980317.0900.2819: 0.258947115452
VOM19980312.0900.2408: 0.258194954478
VOM19980319.0700.0722: 0.258135563634
