VOM19980225.0900.0714: 0.312465921594
VOM19980404.0700.0676: 0.296652782834
VOM19980327.0900.1545: 0.294222983771
VOM19980220.0900.2583: 0.292812083521
VOM19980403.0700.1169: 0.279732674135
VOM19980325.0900.0905: 0.270953106247
VOM19980403.0900.0431: 0.270584635629
VOM19980403.0700.0727: 0.269051790197
VOM19980222.0700.0448: 0.266289539245
VOM19980220.0700.1159: 0.266225559371
VOM19980225.0900.1029: 0.264249098782
VOM19980319.0700.0452: 0.263991420418
VOM19980319.0700.0722: 0.263950127239
