VOM19980404.0700.1788: 0.28059369357
VOM19980620.0730.0003: 0.272165526976
VOM19980621.0730.0001: 0.270300079858
VOM19980621.0700.0052: 0.268111379223
VOM19980618.0700.0315: 0.264906471413
VOM19980302.0700.0653: 0.264835365125
VOM19980222.0700.0448: 0.260850352299
VOM19980316.0900.2774: 0.259491032385
VOM19980317.0700.0156: 0.254850950514
VOM19980625.0700.0205: 0.254287281943
VOM19980624.0700.0158: 0.251617118699
VOM19980527.0700.0042: 0.250019533539
VOM19980625.0730.0124: 0.25
