VOM19980221.0700.3085: 0.255922110009
VOM19980224.0900.3022: 0.246867030463
VOM19980223.0700.1511: 0.237786989552
VOM19980303.0900.2177: 0.231353055833
VOM19980316.0900.1194: 0.221860784634
VOM19980222.0700.0448: 0.221544947001
VOM19980225.0900.0332: 0.220756206313
VOM19980315.0700.1148: 0.220241996952
VOM19980220.0700.0707: 0.218225576536
VOM19980316.0700.0601: 0.217654789095
VOM19980524.0700.0409: 0.21659493879
VOM19980422.0900.0123: 0.215892296609
VOM19980220.0700.2814: 0.214339246047
