VOM19980225.0700.0187: 0.307745360984
VOM19980225.0900.0178: 0.299640951731
VOM19980220.0900.3360: 0.294687867582
VOM19980326.0700.0115: 0.289984325595
VOM19980311.0700.0279: 0.288525056532
VOM19980222.0700.1842: 0.286521542985
VOM19980220.0900.1815: 0.285241323466
VOM19980403.0700.2182: 0.284466997477
VOM19980224.0700.1724: 0.28382029211
VOM19980224.0700.1620: 0.283783783784
VOM19980222.0700.0151: 0.282867857402
VOM19980221.0700.0119: 0.282806357704
VOM19980220.0900.0190: 0.282315694092
