VOM19980317.0900.0152: 0.276429476288
VOM19980317.0900.1955: 0.276429476288
VOM19980623.0900.0051: 0.275624730835
VOM19980327.0900.2652: 0.271625639079
VOM19980317.0700.3639: 0.271057599455
VOM19980327.0900.0757: 0.270063831222
VOM19980220.0900.2583: 0.262806887881
VOM19980319.0900.0364: 0.260488221722
VOM19980222.0700.1274: 0.258731808559
VOM19980222.0700.2148: 0.257786760371
VOM19980225.0900.2949: 0.257486615591
VOM19980317.0700.0156: 0.256438822266
VOM19980403.0700.0727: 0.256116606643
