VOM19980223.0700.0240: 0.318452915853
VOM19980220.0900.3360: 0.297283483438
VOM19980326.0900.0118: 0.286445949616
VOM19980221.0700.0119: 0.275459482359
VOM19980220.0900.0190: 0.274981565435
VOM19980220.0700.0772: 0.274920707385
VOM19980220.0900.1815: 0.269659685815
VOM19980326.0700.0452: 0.265542502272
VOM19980428.0900.0156: 0.260423717853
VOM19980317.0700.0723: 0.25900283219
VOM19980501.0700.0297: 0.257513101312
VOM19980223.0900.0477: 0.255552177269
VOM19980223.0900.3362: 0.25451390519
