VOM19980304.0700.0774: 0.308606699924
VOM19980421.0900.0012: 0.308061618486
VOM19980223.0900.0199: 0.307076375155
VOM19980223.0900.3403: 0.307076375155
VOM19980625.0700.0404: 0.29648432976
VOM19980305.0700.0495: 0.293875203006
VOM19980224.0700.0588: 0.288855725876
VOM19980223.0900.1787: 0.285615172281
VOM19980620.0700.0040: 0.277602924143
VOM19980223.0700.0882: 0.270054016205
VOM19980620.0730.0003: 0.269484027818
VOM19980223.0700.1295: 0.269484027818
VOM19980228.0700.0156: 0.267022934917
