VOM19980428.0900.0156: 0.322064419326
VOM19980531.0700.0120: 0.31709616221
VOM19980312.0900.0306: 0.298956995231
VOM19980603.0700.0103: 0.289970765738
VOM19980303.0700.0179: 0.282566455772
VOM19980607.0700.0045: 0.274284885005
VOM19980223.0700.0240: 0.27130426628
VOM19980224.0900.2029: 0.264072613785
VOM19980626.0700.0365: 0.262239464612
VOM19980224.0900.0173: 0.259913730031
VOM19980317.0700.0156: 0.258075043442
VOM19980225.0900.0178: 0.257812460661
VOM19980224.0700.1530: 0.256065122586
