VOM19980404.0700.0406: 0.282998677588
VOM19980327.0900.1545: 0.264971247498
VOM19980325.0900.0905: 0.260207753627
VOM19980325.0900.3063: 0.259937622455
VOM19980326.0900.1939: 0.250297534451
VOM19980326.0700.2359: 0.246180162623
VOM19980326.0900.2164: 0.246180162623
VOM19980317.0900.2819: 0.24511866531
VOM19980305.0900.2335: 0.24075076579
VOM19980403.0900.2970: 0.236771210371
VOM19980220.0700.2208: 0.236211939666
VOM19980222.0700.0448: 0.235750294066
VOM19980302.0700.0484: 0.235122426158
