VOM19980301.0700.0136: 0.350258319727
VOM19980511.0900.0039: 0.347676747683
VOM19980530.0730.0138: 0.345424639854
VOM19980305.0700.0560: 0.344083179874
VOM19980302.0900.0510: 0.329219443106
VOM19980403.0900.3300: 0.325106606661
VOM19980315.0700.1857: 0.313073781008
VOM19980527.0730.0003: 0.310971536806
VOM19980527.0900.0008: 0.310971536806
VOM19980228.0700.0268: 0.309019000308
VOM19980403.0900.2034: 0.308898802876
VOM19980403.0900.0124: 0.306775761891
VOM19980403.0700.0259: 0.298657860717
