VOM19980326.0700.0115: 0.309875341505
VOM19980428.0900.0156: 0.306412938514
VOM19980304.0700.0774: 0.305566165676
VOM19980613.0730.0072: 0.303389938108
VOM19980304.0700.0871: 0.300566698655
VOM19980223.0900.3362: 0.29801978034
VOM19980614.0700.0111: 0.290693866424
VOM19980613.0700.0179: 0.288846913922
VOM19980311.0700.3445: 0.287527316393
VOM19980223.0700.0240: 0.287262129857
VOM19980303.0700.0783: 0.284267621807
VOM19980222.0700.0758: 0.284145571387
VOM19980311.0700.0279: 0.283069258536
