VOM19980614.0730.0034: 0.31225639856
VOM19980224.0700.1724: 0.298595157165
VOM19980613.0730.0072: 0.293374295018
VOM19980221.0700.0119: 0.277242410243
VOM19980223.0700.0882: 0.276761399973
VOM19980326.0700.0115: 0.276595937911
VOM19980613.0700.0179: 0.269679944985
VOM19980614.0700.0111: 0.264562213345
VOM19980224.0700.0719: 0.25616126158
VOM19980311.0700.1006: 0.254876678439
VOM19980612.0730.0151: 0.251819676258
VOM19980612.0900.0085: 0.251819676258
VOM19980222.0700.0758: 0.250872603002
