VOM19980224.0700.0588: 0.299835136
VOM19980315.0700.2184: 0.297724877571
VOM19980311.0700.1006: 0.291909690839
VOM19980618.0700.0436: 0.283863894071
VOM19980222.0700.0448: 0.282483298035
VOM19980312.0900.2408: 0.269295799725
VOM19980403.0900.2034: 0.266475870711
VOM19980623.0900.0051: 0.265441009052
VOM19980317.0700.0156: 0.264312686344
VOM19980319.0700.3392: 0.261955594347
VOM19980305.0700.0495: 0.261467488736
VOM19980403.0900.1729: 0.26001083401
VOM19980404.0700.0676: 0.258747585475
