VOM19980220.0700.2814: 0.2415587349
VOM19980220.0900.3559: 0.231455024943
VOM19980617.0700.0428: 0.215236508023
VOM19980427.0900.0010: 0.198464155034
VOM19980316.0900.0163: 0.195283366471
VOM19980316.0900.1824: 0.195283366471
VOM19980625.0700.0404: 0.195283366471
VOM19980317.0700.0255: 0.192055319899
VOM19980524.0730.0122: 0.1875
VOM19980522.0700.0215: 0.185185936747
VOM19980223.0700.0458: 0.183742103815
VOM19980403.0900.1941: 0.1828267839
VOM19980317.0700.0156: 0.1824501123
