VOM19980220.0900.1815: 0.307922511301
VOM19980223.0700.0240: 0.305884705005
VOM19980220.0900.0190: 0.30476424821
VOM19980303.0700.0179: 0.30224481545
VOM19980221.0700.0119: 0.296042596193
VOM19980220.0900.3360: 0.29539733302
VOM19980501.0700.0297: 0.285403810984
VOM19980220.0700.0772: 0.281258583462
VOM19980304.0700.0774: 0.276569048693
VOM19980223.0900.0477: 0.27632244227
VOM19980223.0700.1295: 0.265658637201
VOM19980302.0900.0871: 0.263639067911
VOM19980228.0700.0156: 0.263232480106
