VOM19980501.0700.0297: 0.324157458631
VOM19980508.0700.0421: 0.302353948953
VOM19980503.0700.0096: 0.291391127844
VOM19980502.0700.0095: 0.289750278482
VOM19980223.0900.0629: 0.288201853247
VOM19980303.0700.0179: 0.286291924486
VOM19980222.0700.1842: 0.278812335466
VOM19980510.0730.0001: 0.278812335466
VOM19980510.0700.0040: 0.275089549561
VOM19980523.0730.0220: 0.273489437062
VOM19980221.0700.0119: 0.270193527874
VOM19980523.0700.0428: 0.266595583987
VOM19980220.0900.3360: 0.265456842922
