VOM19980325.0900.0905: 0.341458134883
VOM19980326.0700.2359: 0.338879647791
VOM19980326.0900.2164: 0.338879647791
VOM19980326.0900.1939: 0.336502486735
VOM19980222.0700.0448: 0.330500441781
VOM19980325.0900.3063: 0.30200481683
VOM19980404.0700.0406: 0.301398143393
VOM19980223.0700.2728: 0.299527393847
VOM19980403.0900.3074: 0.295147610717
VOM19980305.0900.2335: 0.28917680956
VOM19980327.0900.1545: 0.286981668197
VOM19980226.0900.3196: 0.285034132855
VOM19980316.0900.2774: 0.28383206359
