VOM19980221.0700.3085: 0.252235891536
VOM19980223.0700.1511: 0.236314999959
VOM19980222.0700.1016: 0.228638254492
VOM19980326.0700.1085: 0.22542377008
VOM19980224.0900.3022: 0.222193659217
VOM19980220.0700.2814: 0.216164810158
VOM19980303.0900.2535: 0.21475143073
VOM19980220.0700.0707: 0.211111575972
VOM19980317.0700.2928: 0.209866729245
VOM19980228.0700.3152: 0.208911757906
VOM19980530.0700.0512: 0.208670897692
VOM19980225.0700.0187: 0.207950097964
VOM19980325.0900.0905: 0.207844082103
