VOM19980224.0700.1724: 0.296589368867
VOM19980222.0700.0758: 0.27410612572
VOM19980327.0900.1850: 0.266223330256
VOM19980228.0700.1816: 0.266223330256
VOM19980228.0700.0187: 0.266223330256
VOM19980327.0900.3348: 0.263637372733
VOM19980614.0700.0111: 0.26196383529
VOM19980326.0700.0115: 0.260237870263
VOM19980327.0900.0179: 0.259279430054
VOM19980403.0700.0372: 0.257845434565
VOM19980302.0700.3507: 0.254339509199
VOM19980531.0700.0120: 0.252796796771
VOM19980326.0900.0118: 0.24937475647
