VOM19980220.0700.2814: 0.254209980135
VOM19980220.0900.3559: 0.251976315339
VOM19980220.0700.0707: 0.236163969477
VOM19980427.0900.0010: 0.235702260396
VOM19980317.0900.0152: 0.234319830522
VOM19980317.0900.1955: 0.234319830522
VOM19980627.0700.0572: 0.233380014005
VOM19980406.0900.0220: 0.228276695667
VOM19980221.0700.3085: 0.225029351042
VOM19980317.0900.3350: 0.216295228174
VOM19980317.0900.2028: 0.216295228174
VOM19980407.0900.0140: 0.212525571021
VOM19980302.0900.0564: 0.212525571021
