VOM19980302.0700.0653: 0.299471002489
VOM19980220.0700.2208: 0.297980155474
VOM19980404.0700.0406: 0.295449423234
VOM19980312.0900.2408: 0.289100506037
VOM19980222.0700.0448: 0.282015147498
VOM19980325.0900.3063: 0.275896675467
VOM19980326.0900.1939: 0.274375046419
VOM19980326.0700.2359: 0.272989249384
VOM19980326.0900.2164: 0.272989249384
VOM19980403.0900.3074: 0.272703936062
VOM19980325.0900.0905: 0.272363231916
VOM19980305.0900.2335: 0.262734048318
VOM19980317.0900.2819: 0.262174979214
