VOM19980326.0700.2359: 0.367292021758
VOM19980326.0900.2164: 0.367292021758
VOM19980325.0900.0905: 0.347726384095
VOM19980222.0700.0448: 0.335095102799
VOM19980326.0900.1939: 0.331412087744
VOM19980312.0900.2408: 0.329955672864
VOM19980327.0900.1545: 0.315646401373
VOM19980316.0900.2774: 0.314371576719
VOM19980220.0700.2208: 0.30306370032
VOM19980404.0700.0406: 0.301366222324
VOM19980325.0900.3063: 0.300153718066
VOM19980317.0900.2819: 0.297101660058
VOM19980226.0900.2027: 0.296336875244
