VOM19980626.0700.0365: 0.299904830462
VOM19980220.0900.0190: 0.298833021963
VOM19980428.0900.0156: 0.297260216584
VOM19980224.0700.1724: 0.295026471618
VOM19980220.0900.1815: 0.293984298351
VOM19980221.0700.0119: 0.292190852135
VOM19980326.0700.0115: 0.28948515142
VOM19980220.0900.3360: 0.28906206994
VOM19980304.0700.0774: 0.28545952482
VOM19980222.0700.1842: 0.281410588273
VOM19980614.0700.0111: 0.279553072341
VOM19980504.0700.0025: 0.279499883542
VOM19980223.0900.3362: 0.2784097012
