VOM19980301.0700.0136: 0.266356801952
VOM19980303.0700.0324: 0.265764238811
VOM19980618.0700.0315: 0.264010000242
VOM19980501.0700.0148: 0.260130097581
VOM19980326.0700.0480: 0.259359340042
VOM19980630.0730.0136: 0.25908195902
VOM19980303.0700.1291: 0.250888503346
VOM19980222.0700.0448: 0.25000369219
VOM19980304.0700.0271: 0.247716067389
VOM19980304.0900.0211: 0.247716067389
VOM19980403.0700.0259: 0.238797104304
VOM19980625.0730.0124: 0.237289498938
VOM19980511.0900.0039: 0.236924156922
