VOM19980223.0700.0240: 0.307896768687
VOM19980225.0700.0187: 0.307697694415
VOM19980225.0900.0178: 0.298359947565
VOM19980304.0700.0774: 0.294117647059
VOM19980403.0700.2182: 0.284703432478
VOM19980224.0700.1530: 0.280972133144
VOM19980220.0900.1815: 0.280680445712
VOM19980224.0900.3400: 0.280248296963
VOM19980226.0900.0170: 0.279409981304
VOM19980220.0900.0190: 0.277801595808
VOM19980221.0700.0119: 0.277160032464
VOM19980226.0900.1725: 0.275009549108
VOM19980226.0900.3359: 0.272885891465
