VOM19980220.0900.3559: 0.280888280206
VOM19980223.0900.3535: 0.252860868712
VOM19980627.0700.0572: 0.240146053214
VOM19980403.0700.0435: 0.223407415813
VOM19980316.0700.0279: 0.219146086217
VOM19980407.0900.0140: 0.21868700842
VOM19980317.0700.0255: 0.215144991589
VOM19980623.0700.0558: 0.213896315973
VOM19980220.0700.0707: 0.212634379792
VOM19980414.0900.0071: 0.21110016546
VOM19980618.0700.0489: 0.208978501909
VOM19980224.0900.2212: 0.208810084016
VOM19980316.0900.1960: 0.208420042288
