VOM19980501.0700.0297: 0.288033797949
VOM19980502.0730.0193: 0.282609247546
VOM19980224.0900.2029: 0.278013668958
VOM19980225.0900.0178: 0.272039897176
VOM19980225.0700.0187: 0.269763372658
VOM19980220.0900.3360: 0.267543060229
VOM19980223.0700.0240: 0.263849079274
VOM19980223.0900.0154: 0.263262095056
VOM19980223.0900.1740: 0.26119726243
VOM19980224.0900.0173: 0.26119726243
VOM19980223.0700.0197: 0.26119726243
VOM19980523.0700.0428: 0.261013872037
VOM19980502.0700.0348: 0.255871641707
