VOM19980227.0900.3069: 0.239968006399
VOM19980603.0900.0203: 0.229069377581
VOM19980404.0700.0406: 0.227982811558
VOM19980312.0900.2408: 0.227369418503
VOM19980624.0700.0288: 0.225017580185
VOM19980222.0700.0448: 0.223833894323
VOM19980614.0730.0196: 0.222989950236
VOM19980614.0700.0357: 0.222989950236
VOM19980223.0700.2728: 0.222488504777
VOM19980302.0700.0653: 0.216683480557
VOM19980222.0700.2148: 0.213802652468
VOM19980305.0900.1736: 0.21292365228
VOM19980316.0900.2774: 0.212310844678
