VOM19980508.0700.0362: 0.331688073239
VOM19980507.0700.0242: 0.324918216644
VOM19980510.0730.0001: 0.324617227032
VOM19980510.0700.0040: 0.31960997737
VOM19980427.0900.0219: 0.313023754638
VOM19980507.0730.0066: 0.306583309914
VOM19980515.0900.0229: 0.300715991472
VOM19980509.0730.0027: 0.300009600461
VOM19980508.0730.0003: 0.298413189424
VOM19980508.0900.0007: 0.296528650175
VOM19980527.0700.0388: 0.296528650175
VOM19980509.0700.0089: 0.296528650175
VOM19980507.0900.0040: 0.296528650175
