VOM19980220.0900.3559: 0.222374794998
VOM19980302.0700.0449: 0.215916758544
VOM19980627.0700.0572: 0.192232262733
VOM19980613.0700.0555: 0.188422287906
VOM19980325.0900.0356: 0.175763483059
VOM19980220.0700.2814: 0.17535093929
VOM19980317.0700.0669: 0.174765518411
VOM19980510.0700.0323: 0.17349447959
VOM19980616.0900.0005: 0.172733406835
VOM19980602.0700.0036: 0.171675400875
VOM19980507.0700.0546: 0.170935201677
VOM19980302.0900.0585: 0.169841555122
VOM19980618.0700.0315: 0.169675936794
