VOM19980223.0700.0240: 0.296927843424
VOM19980302.0900.0871: 0.264798066191
VOM19980220.0900.0190: 0.260165348524
VOM19980222.0700.0448: 0.259680750526
VOM19980220.0900.1815: 0.257147055496
VOM19980224.0700.0173: 0.256651331491
VOM19980319.0700.2536: 0.256600433854
VOM19980222.0700.1274: 0.255537901614
VOM19980223.0900.0886: 0.254953594702
VOM19980303.0700.0783: 0.254654900092
VOM19980312.0900.0825: 0.254530526507
VOM19980403.0700.2182: 0.253380374727
VOM19980227.0900.1346: 0.251591748923
