VOM19980507.0730.0066: 0.359784717718
VOM19980507.0900.0040: 0.359210604054
VOM19980507.0700.0242: 0.355334527259
VOM19980508.0700.0421: 0.353553390593
VOM19980510.0700.0040: 0.34768974373
VOM19980515.0900.0229: 0.347011046894
VOM19980508.0700.0362: 0.344601218802
VOM19980510.0730.0001: 0.330915711826
VOM19980506.0900.0006: 0.330718913883
VOM19980515.0700.0379: 0.320355803614
VOM19980509.0730.0027: 0.318907524102
VOM19980504.0700.0025: 0.317335470516
VOM19980509.0700.0089: 0.314309278547
