VOM19980623.0730.0140: 0.327634907738
VOM19980319.0700.0452: 0.310390965225
VOM19980223.0700.0562: 0.278976237816
VOM19980301.0700.0136: 0.278355600256
VOM19980618.0700.0315: 0.2759030802
VOM19980317.0900.0152: 0.2759030802
VOM19980317.0900.1955: 0.2759030802
VOM19980627.0700.0275: 0.274843256515
VOM19980403.0900.3300: 0.274515099339
VOM19980511.0900.0039: 0.270809304253
VOM19980614.0700.0302: 0.26989072012
VOM19980618.0700.0187: 0.26880646099
VOM19980526.0730.0177: 0.26880646099
