VOM19980505.0700.0384: 0.269923411732
VOM19980529.0700.0392: 0.261711961295
VOM19980625.0730.0090: 0.236727376027
VOM19980526.0730.0266: 0.226649206956
VOM19980602.0730.0163: 0.221077722482
VOM19980326.0700.2359: 0.217723337622
VOM19980326.0900.2164: 0.217723337622
VOM19980504.0700.0268: 0.217034701197
VOM19980302.0700.2840: 0.216809748088
VOM19980504.0730.0100: 0.215155577506
VOM19980403.0900.2970: 0.21392960982
VOM19980404.0700.0406: 0.211605327994
VOM19980403.0700.0185: 0.210674064953
