VOM19980605.0700.0097: 0.313947795646
VOM19980607.0700.0045: 0.312701063137
VOM19980605.0900.0007: 0.306277331142
VOM19980612.0700.0080: 0.2999433053
VOM19980623.0900.0051: 0.299916932021
VOM19980605.0730.0003: 0.291336973525
VOM19980531.0700.0120: 0.290380022542
VOM19980606.0700.0098: 0.288761037032
VOM19980314.0700.0818: 0.288185439357
VOM19980220.0900.2138: 0.281387128385
VOM19980530.0700.0107: 0.278111377645
VOM19980606.0730.0060: 0.277746029932
VOM19980613.0700.0112: 0.275424248176
