VOM19980319.0900.0364: 0.280597586327
VOM19980319.0700.0452: 0.268664197704
VOM19980505.0700.0384: 0.265788716977
VOM19980403.0900.0431: 0.264575131106
VOM19980319.0700.2278: 0.254295647518
VOM19980222.0700.0448: 0.251645637618
VOM19980225.0900.0714: 0.250728184073
VOM19980316.0900.2774: 0.250724618609
VOM19980404.0700.0676: 0.250148765262
VOM19980220.0700.1159: 0.25009650647
VOM19980511.0900.0039: 0.246123796243
VOM19980403.0700.0727: 0.244773245025
VOM19980327.0900.1545: 0.242642260385
