VOM19980220.0900.2583: 0.338915100546
VOM19980403.0700.0727: 0.309316706543
VOM19980627.0730.0001: 0.307210445187
VOM19980404.0700.0676: 0.300122523999
VOM19980222.0700.0448: 0.296665276164
VOM19980303.0700.1291: 0.296105960119
VOM19980319.0700.2278: 0.295824363435
VOM19980403.0900.0431: 0.29522002294
VOM19980623.0900.0051: 0.289726299237
VOM19980225.0900.0714: 0.288764026093
VOM19980314.0700.1261: 0.288431675224
VOM19980226.0900.2027: 0.287169050123
VOM19980327.0900.1545: 0.28654466168
