VOM19980326.0900.1939: 0.301754924538
VOM19980325.0900.0905: 0.300694437088
VOM19980316.0900.2774: 0.299817341471
VOM19980403.0900.0619: 0.287242494811
VOM19980220.0900.2583: 0.283866794717
VOM19980327.0900.1545: 0.282516840074
VOM19980222.0700.0448: 0.279141687978
VOM19980312.0900.2408: 0.271692921218
VOM19980319.0700.0722: 0.270573333273
VOM19980326.0700.2359: 0.269068839248
VOM19980326.0900.2164: 0.269068839248
VOM19980220.0700.2208: 0.267735810931
VOM19980403.0900.0431: 0.267529561594
