VOM19980223.0900.3362: 0.316983388996
VOM19980223.0700.0240: 0.292110824459
VOM19980223.0900.0154: 0.287153661503
VOM19980221.0700.0119: 0.285149073913
VOM19980223.0900.1740: 0.284901441149
VOM19980226.0900.0170: 0.274987145984
VOM19980326.0900.0118: 0.271811835433
VOM19980226.0900.1725: 0.270656369092
VOM19980223.0700.0197: 0.270656369092
VOM19980226.0900.3359: 0.268566327241
VOM19980326.0700.0452: 0.257703049779
VOM19980223.0900.0629: 0.256886978357
VOM19980223.0700.0882: 0.253258645837
