VOM19980228.0700.0156: 0.303583611884
VOM19980303.0700.0179: 0.276348684389
VOM19980228.0700.1784: 0.274670886942
VOM19980223.0900.3362: 0.269809071133
VOM19980317.0900.3421: 0.262612865719
VOM19980602.0700.0417: 0.260214524472
VOM19980228.0700.1816: 0.25663961785
VOM19980228.0700.0187: 0.25663961785
VOM19980616.0900.0137: 0.248023262068
VOM19980616.0730.0001: 0.245758162001
VOM19980509.0730.0027: 0.243554008401
VOM19980407.0900.0109: 0.243554008401
VOM19980605.0730.0230: 0.241749063454
