VOM19980501.0700.0297: 0.285896675957
VOM19980220.0900.3360: 0.256073759866
VOM19980303.0700.0179: 0.255715171638
VOM19980304.0700.0774: 0.254638471397
VOM19980627.0730.0001: 0.250019533539
VOM19980317.0700.3639: 0.245954929124
VOM19980303.0700.0783: 0.244786007668
VOM19980619.0700.0090: 0.2432668164
VOM19980427.0900.0190: 0.241924912867
VOM19980223.0700.1295: 0.241924912867
VOM19980614.0730.0072: 0.241847439873
VOM19980311.0700.0279: 0.239036262764
VOM19980325.0900.2995: 0.236261194689
