VOM19980222.0700.0448: 0.342889946398
VOM19980327.0900.1545: 0.327690984058
VOM19980404.0700.0676: 0.308773172805
VOM19980403.0900.0431: 0.302875391439
VOM19980223.0700.2728: 0.296345761003
VOM19980226.0900.2027: 0.290595551787
VOM19980316.0900.2774: 0.287421623201
VOM19980221.0700.2690: 0.285873967363
VOM19980325.0900.3063: 0.284697795353
VOM19980403.0700.1169: 0.284046692607
VOM19980325.0900.0905: 0.282861222738
VOM19980221.0700.2087: 0.282605774983
VOM19980326.0700.2359: 0.278490954312
