VOM19980220.0700.2814: 0.250002170167
VOM19980327.0900.0757: 0.249019103471
VOM19980223.0700.1511: 0.24846051824
VOM19980302.0900.0871: 0.247091125134
VOM19980303.0900.2177: 0.246572540668
VOM19980224.0900.3022: 0.24529407492
VOM19980226.0900.0622: 0.243259397535
VOM19980221.0700.3085: 0.243099698759
VOM19980314.0700.0818: 0.241902087414
VOM19980314.0700.3062: 0.241888239415
VOM19980316.0900.1667: 0.239646604573
VOM19980220.0900.2343: 0.239497912391
VOM19980305.0700.0763: 0.239012379831
