VOM19980319.0700.0722: 0.296888191149
VOM19980327.0900.1545: 0.287959705652
VOM19980222.0700.0448: 0.286043935319
VOM19980325.0900.0905: 0.276254135229
VOM19980302.0700.0653: 0.27551332229
VOM19980316.0900.2774: 0.275346236006
VOM19980319.0700.0452: 0.270261937161
VOM19980326.0900.1939: 0.270019886952
VOM19980317.0900.2819: 0.262174979214
VOM19980403.0900.0431: 0.260716949861
VOM19980505.0700.0384: 0.258149723053
VOM19980403.0900.3074: 0.256971016674
VOM19980404.0700.0406: 0.254414781118
