VOM19980410.0900.0241: 0.217322147198
VOM19980225.0900.0332: 0.204218712828
VOM19980305.0900.1736: 0.192814108796
VOM19980326.0700.2359: 0.192518851727
VOM19980326.0900.2164: 0.192518851727
VOM19980301.0700.0393: 0.184996897081
VOM19980526.0730.0229: 0.184440848642
VOM19980317.0900.2819: 0.179387853712
VOM19980302.0900.0402: 0.177442790147
VOM19980227.0900.3069: 0.177062732659
VOM19980223.0700.0664: 0.176014394655
VOM19980222.0700.2148: 0.174628710376
VOM19980404.0700.0406: 0.172842704337
