VOM19980220.0700.2814: 0.217280224994
VOM19980403.0700.3284: 0.19192210495
VOM19980225.0900.0714: 0.183051504783
VOM19980303.0900.2535: 0.182931824152
VOM19980630.0700.0071: 0.181649753638
VOM19980627.0700.0572: 0.180775381516
VOM19980316.0900.2774: 0.179641076413
VOM19980222.0700.1016: 0.179545337934
VOM19980327.0900.0757: 0.17902871851
VOM19980315.0700.1148: 0.178384893651
VOM19980403.0900.1941: 0.177892016741
VOM19980225.0900.1428: 0.177285998751
VOM19980222.0700.0909: 0.176914964145
