VOM19980225.0700.0187: 0.363730314384
VOM19980225.0900.0178: 0.355337328466
VOM19980302.0900.0724: 0.337284633963
VOM19980224.0900.3400: 0.328981732505
VOM19980304.0700.0408: 0.322692594026
VOM19980326.0700.0115: 0.319001260323
VOM19980304.0700.0774: 0.314772128789
VOM19980225.0900.1874: 0.314290442902
VOM19980226.0900.0170: 0.313088655378
VOM19980223.0700.0240: 0.311286403182
VOM19980326.0700.0717: 0.31120226035
VOM19980306.0700.0425: 0.31041492021
VOM19980304.0900.0353: 0.309634030775
