VOM19980223.0700.0240: 0.308232353766
VOM19980303.0700.0179: 0.300090901223
VOM19980304.0700.0774: 0.298827354974
VOM19980225.0900.0178: 0.28621828026
VOM19980303.0700.0783: 0.285541114527
VOM19980224.0700.1530: 0.275927968508
VOM19980225.0700.0187: 0.27403610244
VOM19980317.0700.0723: 0.273108735644
VOM19980223.0900.3362: 0.271113854908
VOM19980314.0700.0818: 0.261124962154
VOM19980223.0900.0154: 0.257880714778
VOM19980223.0900.1740: 0.255858089708
VOM19980226.0900.3359: 0.253882321995
