VOM19980223.0700.0240: 0.307719956553
VOM19980303.0700.0783: 0.300144187156
VOM19980319.0700.2536: 0.287355685349
VOM19980223.0900.0477: 0.284360202048
VOM19980224.0700.1530: 0.284263374284
VOM19980304.0700.0774: 0.282521231975
VOM19980501.0700.0297: 0.281467993798
VOM19980222.0700.0448: 0.281047252382
VOM19980303.0700.0179: 0.278461833394
VOM19980314.0700.0818: 0.278029565524
VOM19980220.0900.0190: 0.276731764207
VOM19980221.0700.0119: 0.273712562326
VOM19980220.0900.1815: 0.267949547166
