VOM19980327.0900.2123: 0.272882923779
VOM19980326.0700.0480: 0.264721023112
VOM19980319.0700.3392: 0.253823932581
VOM19980303.0900.3439: 0.250414544878
VOM19980529.0700.0168: 0.250382821969
VOM19980611.0700.0046: 0.244168880022
VOM19980520.0700.0074: 0.243609297992
VOM19980603.0700.0103: 0.240726246172
VOM19980316.0700.0601: 0.240452305004
VOM19980223.0700.1730: 0.239713015054
VOM19980613.0700.0112: 0.233749381579
VOM19980510.0700.0125: 0.232495277488
VOM19980407.0900.0109: 0.230671756961
