VOM19980221.0700.0119: 0.27505980211
VOM19980220.0700.0772: 0.272685542596
VOM19980326.0900.0118: 0.256494588021
VOM19980303.0700.0179: 0.253433161857
VOM19980526.0900.0223: 0.246783823698
VOM19980223.0700.0240: 0.243332131696
VOM19980223.0900.3362: 0.243094850185
VOM19980326.0700.0452: 0.242100062353
VOM19980223.0900.0477: 0.2411098739
VOM19980223.0900.0629: 0.237885781088
VOM19980220.0900.3360: 0.234989398178
VOM19980224.0900.3361: 0.234989398178
VOM19980301.0700.0250: 0.234146452895
