VOM19980304.0700.0692: 0.270084884813
VOM19980312.0900.3403: 0.269953795417
VOM19980312.0900.1827: 0.26776789875
VOM19980305.0700.0436: 0.262358585133
VOM19980303.0900.2177: 0.260365597938
VOM19980503.0700.0466: 0.258517772035
VOM19980305.0900.0332: 0.258216673877
VOM19980225.0900.2118: 0.256125816196
VOM19980225.0900.0421: 0.256125816196
VOM19980226.0900.1964: 0.250721973986
VOM19980413.0900.0068: 0.246986191212
VOM19980603.0700.0226: 0.242957793546
VOM19980612.0700.0531: 0.242786567292
