VOM19980523.0700.0312: 0.269289114769
VOM19980618.0730.0003: 0.268182305786
VOM19980528.0900.0006: 0.252589690316
VOM19980526.0700.0133: 0.245479726155
VOM19980619.0900.0007: 0.240204014946
VOM19980625.0700.0404: 0.238217293834
VOM19980406.0900.0112: 0.236000429092
VOM19980618.0700.0041: 0.232087912985
VOM19980530.0700.0037: 0.229755311944
VOM19980526.0730.0039: 0.22930401449
VOM19980317.0700.0156: 0.223944967294
VOM19980619.0700.0090: 0.223944967294
VOM19980407.0900.0109: 0.22325270917
