VOM19980520.0700.0074: 0.308940572131
VOM19980603.0700.0103: 0.27397312735
VOM19980319.0900.2169: 0.26940795304
VOM19980522.0700.0215: 0.263180677984
VOM19980529.0700.0168: 0.25646704202
VOM19980527.0700.0094: 0.254762332683
VOM19980520.0900.0081: 0.253012156852
VOM19980612.0700.0080: 0.251976315339
VOM19980515.0730.0097: 0.250742943688
VOM19980220.0900.2583: 0.250148765262
VOM19980327.0900.2123: 0.25
VOM19980319.0700.3392: 0.249379861487
VOM19980520.0730.0039: 0.248533711693
