VOM19980503.0730.0168: 0.293547632874
VOM19980503.0700.0300: 0.291790180496
VOM19980314.0700.3062: 0.286923803155
VOM19980510.0700.0214: 0.275691398354
VOM19980510.0730.0063: 0.269781871267
VOM19980224.0900.2212: 0.269319317422
VOM19980612.0700.0531: 0.269190951029
VOM19980223.0700.0882: 0.248464673299
VOM19980302.0700.2137: 0.243975018237
VOM19980223.0700.1511: 0.243354292083
VOM19980406.0900.0151: 0.243354292083
VOM19980223.0900.3535: 0.242271855926
VOM19980602.0730.0136: 0.242061459138
