VOM19980520.0900.0115: 0.330147822257
VOM19980520.0730.0078: 0.330147822257
VOM19980616.0900.0077: 0.326679303888
VOM19980616.0730.0252: 0.326679303888
VOM19980603.0700.0103: 0.32644197781
VOM19980520.0700.0129: 0.297939785766
VOM19980319.0700.0177: 0.277495345621
VOM19980430.0900.0074: 0.269190951029
VOM19980319.0900.2169: 0.262152060196
VOM19980616.0730.0180: 0.259725201897
VOM19980616.0900.0100: 0.257395780835
VOM19980520.0700.0074: 0.251067217467
VOM19980522.0700.0215: 0.246946341874
