VOM19980317.0900.2819: 0.265384676105
VOM19980316.0700.2333: 0.246707003829
VOM19980612.0700.0225: 0.242872246468
VOM19980319.0900.0364: 0.242226858998
VOM19980618.0700.0144: 0.238165255811
VOM19980618.0700.0315: 0.236066842609
VOM19980302.0700.0653: 0.236003477465
VOM19980223.0700.2728: 0.23519885301
VOM19980430.0900.0192: 0.231569600974
VOM19980326.0700.2359: 0.231553291915
VOM19980326.0900.2164: 0.231553291915
VOM19980326.0900.2483: 0.231386252092
VOM19980617.0900.0171: 0.230089496654
