VOM19980612.0700.0080: 0.319153451162
VOM19980520.0730.0078: 0.295540231645
VOM19980520.0700.0129: 0.293016357664
VOM19980520.0900.0115: 0.284985223372
VOM19980606.0730.0028: 0.28338912556
VOM19980625.0700.0404: 0.27609032553
VOM19980606.0700.0150: 0.274568801228
VOM19980319.0900.2169: 0.272985904623
VOM19980515.0700.0170: 0.271923950591
VOM19980529.0700.0100: 0.271529969417
VOM19980614.0730.0072: 0.271526534742
VOM19980613.0700.0112: 0.265316494873
VOM19980612.0730.0039: 0.262672800515
