VOM19980515.0700.0170: 0.323414760699
VOM19980630.0730.0091: 0.299456028564
VOM19980505.0730.0228: 0.288948371887
VOM19980505.0700.0481: 0.288948371887
VOM19980612.0700.0080: 0.287853866545
VOM19980522.0730.0122: 0.282038037409
VOM19980522.0900.0121: 0.282038037409
VOM19980527.0730.0043: 0.279883145725
VOM19980527.0900.0049: 0.279883145725
VOM19980625.0700.0404: 0.274774035193
VOM19980327.0900.2123: 0.266556410682
VOM19980526.0730.0039: 0.265542502272
VOM19980515.0730.0097: 0.261892463308
