VOM19980220.0700.2814: 0.340288971318
VOM19980221.0700.3085: 0.258097096371
VOM19980223.0700.1511: 0.253642920705
VOM19980220.0700.0707: 0.238745772745
VOM19980316.0900.1667: 0.238372212993
VOM19980403.0700.2289: 0.232543159462
VOM19980522.0700.0215: 0.230774393507
VOM19980317.0700.0255: 0.22546037396
VOM19980303.0900.2177: 0.223747167643
VOM19980325.0900.0356: 0.222276697037
VOM19980611.0700.0254: 0.221918016437
VOM19980220.0900.1880: 0.220686186676
VOM19980327.0900.2062: 0.21841298897
