VOM19980507.0700.0242: 0.279310193865
VOM19980311.0700.1006: 0.277239431048
VOM19980220.0700.0772: 0.274345166202
VOM19980224.0900.0173: 0.273699374347
VOM19980317.0700.0156: 0.272181262271
VOM19980501.0700.0297: 0.270864489244
VOM19980223.0700.0240: 0.267971100379
VOM19980224.0900.2029: 0.267383502322
VOM19980224.0700.1530: 0.266189631229
VOM19980304.0700.0774: 0.262479796106
VOM19980224.0900.3361: 0.258783610567
VOM19980607.0700.0270: 0.25787885892
VOM19980303.0700.0783: 0.257351263087
