VOM19980225.0900.0178: 0.364528950746
VOM19980225.0700.0187: 0.348568501159
VOM19980223.0700.0240: 0.344714555828
VOM19980224.0700.1530: 0.325660936975
VOM19980224.0700.0173: 0.324229856737
VOM19980221.0700.0119: 0.323197341788
VOM19980222.0700.1842: 0.322748612184
VOM19980501.0700.0297: 0.321633760451
VOM19980220.0900.3360: 0.320092199832
VOM19980225.0900.1874: 0.307728727448
VOM19980223.0900.3362: 0.304642442125
VOM19980223.0700.0882: 0.303045763366
VOM19980220.0900.1815: 0.295980010586
