VOM19980220.0900.3360: 0.267460319215
VOM19980224.0700.1724: 0.256549706661
VOM19980220.0700.0772: 0.252890269429
VOM19980613.0700.0179: 0.249675113573
VOM19980626.0700.0131: 0.247910603028
VOM19980228.0700.0156: 0.246462576577
VOM19980228.0700.1784: 0.246462576577
VOM19980501.0700.0297: 0.242620088081
VOM19980304.0700.0774: 0.239365088371
VOM19980302.0900.0871: 0.237487686143
VOM19980222.0700.1842: 0.235969951862
VOM19980221.0700.0119: 0.235935052808
VOM19980326.0700.0115: 0.232367145608
