VOM19980511.0900.0039: 0.311472190369
VOM19980403.0900.0431: 0.309066963715
VOM19980326.0700.0480: 0.303497733435
VOM19980515.0900.0164: 0.300142112751
VOM19980327.0900.1545: 0.295507311541
VOM19980620.0730.0003: 0.293894006608
VOM19980403.0700.1169: 0.290987811997
VOM19980404.0700.1061: 0.284739385866
VOM19980223.0700.0562: 0.283842482691
VOM19980515.0730.0248: 0.283578703558
VOM19980404.0700.0676: 0.282138246343
VOM19980225.0900.0714: 0.281282964779
VOM19980228.0700.0268: 0.281099059585
