VOM19980325.0900.0905: 0.265708552837
VOM19980403.0900.3074: 0.263117405792
VOM19980326.0700.2359: 0.239739464554
VOM19980326.0900.2164: 0.239739464554
VOM19980326.0900.2611: 0.239395571031
VOM19980505.0700.0384: 0.236423406307
VOM19980404.0700.0406: 0.234473368072
VOM19980326.0700.0480: 0.229667700705
VOM19980602.0730.0163: 0.228802157661
VOM19980403.0700.0259: 0.226144127772
VOM19980227.0900.2564: 0.225456966877
VOM19980305.0900.2335: 0.225331551719
VOM19980504.0700.0222: 0.222760527803
