VOM19980225.0900.1919: 0.272213177505
VOM19980225.0900.0216: 0.272213177505
VOM19980222.0700.0448: 0.249861091337
VOM19980623.0700.0472: 0.246462576577
VOM19980225.0900.0714: 0.243384185417
VOM19980316.0900.2774: 0.241001499365
VOM19980619.0700.0421: 0.240771706172
VOM19980302.0700.0484: 0.239043227429
VOM19980221.0700.2087: 0.237428070487
VOM19980403.0900.3074: 0.237158724886
VOM19980325.0900.0905: 0.236282358088
VOM19980225.0700.0221: 0.236188746487
VOM19980526.0900.0124: 0.235052046025
