VOM19980317.0900.2819: 0.285716020086
VOM19980326.0700.2359: 0.277621510573
VOM19980326.0900.2164: 0.277621510573
VOM19980414.0900.0040: 0.265948942704
VOM19980325.0900.0905: 0.259380584204
VOM19980312.0900.3403: 0.259326767955
VOM19980326.0900.1939: 0.257337464301
VOM19980312.0900.1827: 0.25722692151
VOM19980316.0900.2774: 0.25568508791
VOM19980613.0700.0112: 0.250872603002
VOM19980616.0700.0538: 0.246182981959
VOM19980222.0700.0448: 0.244156750119
VOM19980404.0700.0406: 0.24246530651
