VOM19980222.0700.0448: 0.296917987732
VOM19980404.0700.0406: 0.295548352085
VOM19980325.0900.0905: 0.26720447806
VOM19980220.0700.2208: 0.263897549815
VOM19980312.0900.2408: 0.263172475333
VOM19980317.0900.2819: 0.261941759329
VOM19980316.0900.2774: 0.25663505954
VOM19980326.0700.2359: 0.253680534451
VOM19980326.0900.2164: 0.250548676001
VOM19980305.0900.2335: 0.247118524376
VOM19980326.0900.1939: 0.244375861156
VOM19980404.0700.0676: 0.243569644814
VOM19980302.0900.2091: 0.239401747682
