VOM19980314.0700.2522: 0.217088820505
VOM19980325.0900.2250: 0.214198667795
VOM19980618.0700.0144: 0.210963253922
VOM19980326.0700.2359: 0.209767985074
VOM19980326.0900.2164: 0.209767985074
VOM19980226.0900.2027: 0.208734328092
VOM19980325.0900.3063: 0.208603871809
VOM19980226.0900.3196: 0.208335658284
VOM19980520.0700.0505: 0.208301279585
VOM19980222.0700.2819: 0.207958456994
VOM19980403.0900.2970: 0.206112875586
VOM19980227.0900.3069: 0.20578884518
VOM19980602.0900.0084: 0.204529521044
