VOM19980403.0700.2182: 0.273501644614
VOM19980220.0700.0772: 0.271373194794
VOM19980220.0900.3360: 0.270014220058
VOM19980628.0730.0026: 0.269575409471
VOM19980503.0700.0218: 0.269130224416
VOM19980220.0900.1815: 0.264906471413
VOM19980226.0900.1725: 0.263609809337
VOM19980220.0900.0190: 0.262189410138
VOM19980627.0700.0275: 0.261356734044
VOM19980302.0900.0871: 0.260657138715
VOM19980614.0730.0231: 0.258704730633
VOM19980223.0700.0882: 0.253995991071
VOM19980221.0700.0119: 0.253691284309
