VOM19980326.0700.2359: 0.295570761154
VOM19980327.0900.1545: 0.293699064586
VOM19980220.0700.2208: 0.293270906631
VOM19980326.0900.2164: 0.292491899059
VOM19980222.0700.0448: 0.291893631992
VOM19980404.0700.0406: 0.290547172902
VOM19980618.0700.0234: 0.280938026078
VOM19980303.0700.1291: 0.264133336607
VOM19980403.0700.1169: 0.260170350916
VOM19980326.0700.0480: 0.260048917393
VOM19980302.0700.2840: 0.260015539816
VOM19980221.0700.2087: 0.259358103771
VOM19980624.0700.0434: 0.259063880075
