VOM19980302.0900.1110: 0.296504239564
VOM19980502.0700.0095: 0.284018778722
VOM19980303.0700.0783: 0.283110429252
VOM19980501.0700.0297: 0.278543007266
VOM19980314.0700.0818: 0.275572630018
VOM19980227.0900.1346: 0.275255818768
VOM19980319.0700.1102: 0.274734627375
VOM19980223.0700.1993: 0.273263109974
VOM19980311.0700.1006: 0.264601377337
VOM19980319.0700.2536: 0.264601377337
VOM19980319.0900.2928: 0.263493019696
VOM19980625.0700.0404: 0.263076109801
VOM19980611.0700.0046: 0.262964497219
