VOM19980223.0900.1740: 0.327805034054
VOM19980223.0900.0154: 0.318596546432
VOM19980223.0700.0197: 0.316097711409
VOM19980326.0900.0118: 0.307159532747
VOM19980326.0700.0452: 0.296510809731
VOM19980223.0700.0882: 0.293289307636
VOM19980304.0700.0774: 0.291912713977
VOM19980225.0700.0187: 0.290190500044
VOM19980225.0900.0178: 0.280446099755
VOM19980224.0700.1530: 0.278096817696
VOM19980225.0900.1874: 0.276685785546
VOM19980317.0700.0723: 0.275436633408
VOM19980226.0900.0170: 0.27357698914
