VOM19980325.0900.3063: 0.293923773406
VOM19980317.0900.2819: 0.277555466595
VOM19980326.0700.2359: 0.27339671306
VOM19980326.0900.2164: 0.27339671306
VOM19980403.0900.3074: 0.267775472558
VOM19980403.0900.0619: 0.267367066998
VOM19980327.0900.1545: 0.264339974069
VOM19980222.0700.0448: 0.261813766039
VOM19980319.0700.0452: 0.259554273809
VOM19980404.0700.0406: 0.257142857143
VOM19980505.0700.0384: 0.256776295507
VOM19980223.0700.0562: 0.256613211149
VOM19980325.0900.0905: 0.248338002542
