VOM19980303.0700.0179: 0.310064402757
VOM19980303.0700.0783: 0.294301005843
VOM19980225.0700.0757: 0.276863617513
VOM19980223.0700.1993: 0.273111333422
VOM19980304.0700.0871: 0.272524111488
VOM19980314.0700.0818: 0.271699007717
VOM19980223.0900.0477: 0.270808103322
VOM19980404.0700.0676: 0.267683172792
VOM19980220.0700.0772: 0.267381227354
VOM19980404.0700.1061: 0.263709205325
VOM19980224.0900.0173: 0.262274874428
VOM19980222.0700.0758: 0.261943338371
VOM19980404.0700.1295: 0.261556629393
