VOM19980220.0700.0707: 0.337679062604
VOM19980220.0700.2814: 0.315137235034
VOM19980530.0700.0512: 0.262251885665
VOM19980530.0730.0266: 0.238730030747
VOM19980403.0700.2289: 0.236993789298
VOM19980605.0700.0406: 0.224000533159
VOM19980221.0700.3085: 0.222862841851
VOM19980317.0700.2928: 0.210713180414
VOM19980303.0900.2177: 0.19945287063
VOM19980226.0900.0873: 0.1958744639
VOM19980315.0700.3470: 0.195403760335
VOM19980316.0900.1667: 0.195403760335
VOM19980224.0700.0481: 0.195336346224
