VOM19980220.0700.2814: 0.346398379456
VOM19980220.0700.0707: 0.249975890834
VOM19980403.0700.2289: 0.249176993304
VOM19980220.0900.3559: 0.246956493654
VOM19980221.0700.3085: 0.235784109987
VOM19980508.0700.0362: 0.223317214035
VOM19980526.0900.0091: 0.211389100158
VOM19980223.0700.1511: 0.209016393443
VOM19980530.0700.0512: 0.205904915846
VOM19980508.0730.0003: 0.205134957914
VOM19980508.0900.0007: 0.203258750152
VOM19980618.0730.0234: 0.201369467616
VOM19980222.0700.1501: 0.197626749559
