VOM19980302.0900.0510: 0.368513865595
VOM19980624.0700.0158: 0.364153995733
VOM19980527.0900.0008: 0.361512836137
VOM19980315.0700.1857: 0.358936658844
VOM19980630.0730.0136: 0.357828133482
VOM19980301.0700.0136: 0.349189951078
VOM19980527.0730.0003: 0.34904687627
VOM19980403.0700.0259: 0.347676747683
VOM19980315.0700.0180: 0.338798178409
VOM19980511.0900.0039: 0.334496804003
VOM19980530.0730.0138: 0.333648840582
VOM19980326.0700.0480: 0.333477602257
VOM19980530.0700.0260: 0.332125912375
