VOM19980630.0700.0432: 0.305887645161
VOM19980630.0900.0205: 0.292937462574
VOM19980223.0700.0240: 0.292683066119
VOM19980223.0900.1740: 0.264906471413
VOM19980326.0900.0118: 0.256684513696
VOM19980222.0700.1842: 0.256494588021
VOM19980223.0900.0154: 0.250313087161
VOM19980223.0700.0197: 0.24834981695
VOM19980223.0900.3362: 0.245614035088
VOM19980428.0900.0156: 0.243512311011
VOM19980220.0900.1815: 0.243332131696
VOM19980604.0730.0002: 0.241113116432
VOM19980604.0900.0008: 0.241113116432
