VOM19980325.0900.0905: 0.343142185738
VOM19980403.0900.0619: 0.330781278378
VOM19980327.0900.1545: 0.317570799487
VOM19980222.0700.0448: 0.316891277834
VOM19980316.0900.2774: 0.314035074297
VOM19980326.0700.2359: 0.308998747552
VOM19980326.0900.2164: 0.308998747552
VOM19980220.0900.2583: 0.307350428199
VOM19980404.0700.0676: 0.305241216943
VOM19980319.0700.0722: 0.303276031614
VOM19980404.0700.0406: 0.303203558619
VOM19980221.0700.2690: 0.302492188974
VOM19980220.0700.2208: 0.302058988778
