VOM19980605.0700.0097: 0.337771517909
VOM19980607.0700.0045: 0.323236837612
VOM19980612.0700.0080: 0.304835117615
VOM19980605.0730.0003: 0.304649627867
VOM19980605.0900.0007: 0.297219149139
VOM19980613.0700.0112: 0.291447354091
VOM19980614.0730.0072: 0.281607092589
VOM19980606.0700.0098: 0.280220901139
VOM19980304.0700.0774: 0.272460347304
VOM19980319.0700.3392: 0.270964631872
VOM19980529.0700.0168: 0.265566684489
VOM19980319.0900.2169: 0.265053634349
VOM19980530.0700.0107: 0.264861729221
