VOM19980618.0700.0187: 0.285738383406
VOM19980223.0900.0886: 0.265380074383
VOM19980430.0900.0001: 0.252747939216
VOM19980523.0700.0428: 0.244599795235
VOM19980422.0900.0021: 0.244281926621
VOM19980406.0900.0247: 0.242630793031
VOM19980305.0900.2978: 0.241988757091
VOM19980626.0700.0131: 0.241877810901
VOM19980403.0900.0619: 0.240676179277
VOM19980317.0900.3350: 0.239958011022
VOM19980317.0900.2028: 0.239958011022
VOM19980523.0730.0220: 0.2389760597
VOM19980628.0700.0143: 0.238541405436
