VOM19980319.0700.2536: 0.27042622262
VOM19980220.0900.0190: 0.263067681251
VOM19980302.0900.0871: 0.257453923304
VOM19980225.0700.0757: 0.256512589536
VOM19980220.0900.1815: 0.254237589937
VOM19980302.0900.1110: 0.252490231843
VOM19980222.0700.0758: 0.251789873349
VOM19980403.0700.2182: 0.251183349178
VOM19980314.0700.0818: 0.250720697083
VOM19980223.0900.0629: 0.250130255831
VOM19980303.0700.0783: 0.249449017286
VOM19980326.0700.2359: 0.246737366097
VOM19980326.0900.2164: 0.246737366097
