VOM19980625.0700.0404: 0.28813559322
VOM19980301.0700.0136: 0.278355600256
VOM19980612.0700.0038: 0.267055260192
VOM19980522.0700.0215: 0.267055260192
VOM19980623.0730.0101: 0.264544131657
VOM19980528.0900.0006: 0.264544131657
VOM19980623.0700.0507: 0.264544131657
VOM19980223.0700.0562: 0.260377821962
VOM19980520.0700.0074: 0.257221610508
VOM19980515.0900.0229: 0.255559649521
VOM19980613.0700.0112: 0.255321460594
VOM19980526.0730.0177: 0.253872768713
VOM19980619.0700.0149: 0.25245965164
