VOM19980220.0900.2583: 0.269679944985
VOM19980326.0900.1939: 0.254383865286
VOM19980319.0900.0364: 0.253458285343
VOM19980404.0700.0676: 0.250844083703
VOM19980618.0700.0187: 0.249572429993
VOM19980316.0900.2774: 0.249229162942
VOM19980403.0900.0431: 0.24196606141
VOM19980326.0700.2359: 0.239842441005
VOM19980326.0900.2164: 0.239842441005
VOM19980222.0700.2148: 0.239681741799
VOM19980220.0700.1159: 0.23845766262
VOM19980226.0900.2027: 0.228504818799
VOM19980220.0700.2208: 0.227515719181
