VOM19980501.0700.0297: 0.28262396484
VOM19980302.0900.1110: 0.259979191799
VOM19980623.0900.0051: 0.257191071913
VOM19980602.0700.0417: 0.249780706774
VOM19980220.0900.2138: 0.249333767729
VOM19980225.0900.0714: 0.247452269152
VOM19980404.0700.0676: 0.247235134044
VOM19980616.0700.0045: 0.245124608545
VOM19980404.0700.1061: 0.244422356115
VOM19980302.0700.2191: 0.244275599959
VOM19980612.0900.0038: 0.24358064663
VOM19980222.0700.0448: 0.240696058672
VOM19980530.0700.0199: 0.240477581754
