VOM19980619.0700.0149: 0.314140431219
VOM19980606.0700.0150: 0.305910958879
VOM19980515.0900.0047: 0.282144046823
VOM19980612.0900.0038: 0.280610602653
VOM19980625.0700.0404: 0.280499109131
VOM19980612.0700.0080: 0.279858539275
VOM19980520.0700.0129: 0.278099229209
VOM19980614.0730.0231: 0.270327436782
VOM19980614.0700.0302: 0.268664197704
VOM19980619.0730.0035: 0.264906471413
VOM19980515.0700.0170: 0.264122633544
VOM19980527.0700.0094: 0.26157418189
VOM19980515.0900.0229: 0.260633506214
