VOM19980404.0700.0406: 0.342473786775
VOM19980326.0700.2359: 0.315225065632
VOM19980326.0900.2164: 0.315225065632
VOM19980317.0900.2819: 0.299424735808
VOM19980325.0900.0905: 0.292260171068
VOM19980327.0900.1545: 0.279787434938
VOM19980226.0900.2027: 0.273562475387
VOM19980222.0700.0448: 0.272355468851
VOM19980226.0900.3196: 0.270521832425
VOM19980327.0900.2652: 0.26911764368
VOM19980325.0900.3063: 0.268010412255
VOM19980305.0900.2335: 0.266505869354
VOM19980222.0700.2819: 0.264886612612
