VOM19980223.0700.0240: 0.325221817794
VOM19980221.0700.0119: 0.322581748544
VOM19980303.0700.0783: 0.309031485672
VOM19980224.0900.2029: 0.307988240274
VOM19980220.0900.0190: 0.304103517937
VOM19980224.0900.0173: 0.303137728628
VOM19980220.0700.0772: 0.301870714604
VOM19980303.0700.0179: 0.300231035845
VOM19980502.0700.0348: 0.299183036803
VOM19980220.0900.1815: 0.298720074625
VOM19980222.0700.0151: 0.29736296535
VOM19980501.0700.0297: 0.295860028559
VOM19980502.0730.0193: 0.291487624034
