VOM19980303.0700.0324: 0.290020946714
VOM19980303.0700.1291: 0.287476854165
VOM19980504.0700.0222: 0.284208314131
VOM19980404.0700.1788: 0.28169324533
VOM19980302.0900.0510: 0.279279430169
VOM19980630.0730.0136: 0.275353232041
VOM19980527.0700.0042: 0.271915881802
VOM19980316.0900.3433: 0.269638244409
VOM19980625.0700.0205: 0.269342852725
VOM19980314.0700.1946: 0.266571311773
VOM19980314.0700.0275: 0.266571311773
VOM19980530.0730.0138: 0.265119146788
VOM19980305.0700.0560: 0.260614691427
