VOM19980511.0730.0133: 0.238730030747
VOM19980410.0900.0241: 0.238047614285
VOM19980511.0730.0040: 0.226494127083
VOM19980511.0700.0080: 0.226494127083
VOM19980220.0900.2583: 0.218938744103
VOM19980314.0700.2522: 0.217230589043
VOM19980222.0700.1016: 0.207573511321
VOM19980222.0700.0448: 0.20410446018
VOM19980618.0730.0234: 0.204053501816
VOM19980225.0900.0253: 0.202113020864
VOM19980225.0900.1953: 0.200267201188
VOM19980304.0700.0512: 0.200040012004
VOM19980317.0900.0330: 0.199594983617
