VOM19980403.0900.3074: 0.306412938514
VOM19980222.0700.0448: 0.280660812732
VOM19980303.0700.0590: 0.280278494506
VOM19980625.0730.0124: 0.276699295265
VOM19980625.0700.0205: 0.275326089293
VOM19980504.0700.0222: 0.274675132787
VOM19980302.0900.0510: 0.272307242959
VOM19980303.0700.1291: 0.271659946694
VOM19980325.0900.0905: 0.271055249003
VOM19980327.0900.1545: 0.265604421942
VOM19980524.0700.0112: 0.265395521079
VOM19980403.0700.0259: 0.265197417653
VOM19980326.0700.2359: 0.264715229147
