VOM19980326.0700.0480: 0.317430157297
VOM19980511.0730.0066: 0.293987366104
VOM19980222.0700.0448: 0.287470597214
VOM19980404.0700.1061: 0.280634381551
VOM19980223.0700.2728: 0.279942629208
VOM19980403.0700.0129: 0.277143483846
VOM19980225.0900.2949: 0.276414469009
VOM19980327.0900.1545: 0.272118554058
VOM19980403.0700.1169: 0.264648654835
VOM19980404.0700.0676: 0.263416060318
VOM19980326.0700.3398: 0.260316549382
VOM19980403.0900.0431: 0.257499752328
VOM19980327.0900.0757: 0.256205046088
