VOM19980224.0700.1724: 0.303642193314
VOM19980403.0700.2182: 0.270719256442
VOM19980222.0700.0758: 0.267261241912
VOM19980503.0700.0031: 0.266993798256
VOM19980607.0700.0463: 0.266096871356
VOM19980220.0700.3434: 0.26331807081
VOM19980614.0700.0111: 0.256099676951
VOM19980626.0700.0365: 0.255982549263
VOM19980614.0730.0034: 0.254237589937
VOM19980327.0900.3348: 0.252755350636
VOM19980311.0700.0279: 0.251229717209
VOM19980326.0700.0717: 0.250778413923
VOM19980613.0730.0072: 0.249319197336
