VOM19980326.0700.2359: 0.33536032521
VOM19980326.0900.2164: 0.33536032521
VOM19980404.0700.0406: 0.317132244849
VOM19980325.0900.0905: 0.312052028826
VOM19980226.0900.2027: 0.31171460008
VOM19980326.0900.1939: 0.301655712
VOM19980327.0900.1545: 0.29455653221
VOM19980220.0700.2208: 0.289674299517
VOM19980316.0900.2774: 0.281702430188
VOM19980404.0700.0676: 0.277490714243
VOM19980325.0900.3063: 0.277000022769
VOM19980317.0900.2819: 0.2749882425
VOM19980222.0700.0448: 0.273175175382
