VOM19980603.0730.0115: 0.281976423419
VOM19980303.0900.1646: 0.277679530397
VOM19980612.0900.0038: 0.261970645469
VOM19980625.0700.0404: 0.261866558062
VOM19980613.0730.0031: 0.261368203954
VOM19980619.0730.0035: 0.259675167585
VOM19980627.0730.0001: 0.258633303526
VOM19980614.0730.0072: 0.257537887063
VOM19980506.0700.0316: 0.25385812414
VOM19980613.0700.0112: 0.253591005408
VOM19980529.0700.0168: 0.252856563847
VOM19980612.0700.0038: 0.251055201908
VOM19980520.0900.0115: 0.248850568624
