VOM19980316.0900.2774: 0.294539912666
VOM19980222.0700.0448: 0.282321044548
VOM19980223.0700.2728: 0.272517844958
VOM19980404.0700.0406: 0.27214937999
VOM19980225.0900.2949: 0.272139371046
VOM19980326.0700.2359: 0.262054451146
VOM19980326.0900.2164: 0.262054451146
VOM19980404.0700.0676: 0.260595868575
VOM19980621.0700.0052: 0.257179966918
VOM19980511.0730.0066: 0.255130691495
VOM19980302.0700.0653: 0.254826458568
VOM19980403.0900.2970: 0.252890269429
VOM19980326.0900.1939: 0.250693297491
