VOM19980326.0700.0480: 0.30049929057
VOM19980326.0900.1939: 0.279940495208
VOM19980223.0700.0562: 0.274928699614
VOM19980327.0900.1545: 0.264504605947
VOM19980325.0900.0905: 0.255420342726
VOM19980222.0700.0448: 0.253452181881
VOM19980302.0700.0484: 0.253021398124
VOM19980404.0700.0406: 0.252538136138
VOM19980326.0700.2359: 0.250600868206
VOM19980326.0900.2164: 0.250600868206
VOM19980306.0700.1638: 0.249956728689
VOM19980618.0700.0144: 0.24431363744
VOM19980305.0900.2335: 0.243231313162
