VOM19980220.0900.2583: 0.280202349316
VOM19980319.0700.0452: 0.274686839495
VOM19980221.0700.2690: 0.268846435184
VOM19980626.0700.0131: 0.267521246043
VOM19980226.0900.3196: 0.259614402002
VOM19980317.0900.2819: 0.259353547086
VOM19980404.0700.0676: 0.257673560841
VOM19980403.0900.0619: 0.25381787865
VOM19980222.0700.0448: 0.252984320147
VOM19980501.0700.0214: 0.251214549538
VOM19980314.0700.2300: 0.250152215636
VOM19980511.0730.0066: 0.249919331417
VOM19980414.0900.0040: 0.248629549027
