VOM19980223.0700.0882: 0.307696353693
VOM19980304.0700.0774: 0.288537554098
VOM19980222.0700.1842: 0.288377377801
VOM19980223.0700.0240: 0.287183263447
VOM19980223.0900.0629: 0.283807109791
VOM19980224.0700.0173: 0.283797880742
VOM19980226.0900.0170: 0.283688002226
VOM19980224.0900.2029: 0.283688002226
VOM19980224.0700.1530: 0.282032321213
VOM19980226.0900.1725: 0.279220195412
VOM19980226.0900.3359: 0.277064022639
VOM19980223.0900.0477: 0.27665607113
VOM19980326.0700.0717: 0.275421104165
