VOM19980224.0900.3022: 0.255376959228
VOM19980223.0700.1511: 0.245200978865
VOM19980220.0700.2814: 0.242926676626
VOM19980317.0700.2928: 0.22194585087
VOM19980225.0900.0714: 0.221712621042
VOM19980222.0700.2530: 0.217500992369
VOM19980303.0900.2535: 0.21730674684
VOM19980404.0700.0676: 0.216506350946
VOM19980327.0900.2652: 0.214738922597
VOM19980222.0700.1501: 0.213267813357
VOM19980221.0700.3085: 0.212597601381
VOM19980319.0900.2928: 0.212485086104
VOM19980305.0700.0436: 0.212367311882
