VOM19980509.0700.0043: 0.281271975232
VOM19980613.0700.0112: 0.274562589193
VOM19980225.0900.2949: 0.272727272727
VOM19980319.0900.0364: 0.270848257565
VOM19980611.0700.0383: 0.262612865719
VOM19980620.0700.0175: 0.258770217213
VOM19980305.0700.0436: 0.254399491202
VOM19980315.0700.2184: 0.249615088301
VOM19980404.0700.1061: 0.248888933779
VOM19980613.0730.0031: 0.248069469178
VOM19980222.0700.0448: 0.246217283755
VOM19980222.0700.0302: 0.24528894526
VOM19980620.0730.0003: 0.244948974278
