VOM19980312.0900.2408: 0.273017681198
VOM19980222.0700.0448: 0.266560618339
VOM19980223.0900.0886: 0.259783898152
VOM19980404.0700.0406: 0.250933209336
VOM19980314.0700.2522: 0.249976382788
VOM19980325.0900.3063: 0.249377334027
VOM19980326.0700.2359: 0.247425397026
VOM19980326.0900.2164: 0.247425397026
VOM19980319.0900.0364: 0.246505330369
VOM19980317.0900.2819: 0.244382392477
VOM19980319.0700.0722: 0.24351202039
VOM19980325.0900.0905: 0.241835350448
VOM19980226.0900.3196: 0.238627875488
