VOM19980522.0730.0122: 0.334366927545
VOM19980522.0900.0121: 0.334366927545
VOM19980505.0730.0228: 0.330147822257
VOM19980505.0700.0481: 0.330147822257
VOM19980625.0700.0404: 0.325755173879
VOM19980526.0900.0034: 0.325655805841
VOM19980506.0700.0316: 0.322371909341
VOM19980604.0700.0269: 0.317611701583
VOM19980604.0730.0143: 0.317611701583
VOM19980604.0900.0124: 0.317611701583
VOM19980526.0730.0039: 0.317195767565
VOM19980527.0730.0043: 0.307021652464
VOM19980527.0900.0049: 0.307021652464
