VOM19980222.0700.0448: 0.2710977239
VOM19980625.0700.0205: 0.270304523398
VOM19980613.0700.0112: 0.266377372427
VOM19980302.0700.1749: 0.262273415542
VOM19980619.0700.0149: 0.261411253341
VOM19980613.0730.0031: 0.259927986035
VOM19980527.0700.0094: 0.258766590358
VOM19980602.0730.0002: 0.257134461053
VOM19980604.0700.0269: 0.257009121313
VOM19980604.0730.0143: 0.257009121313
VOM19980604.0900.0124: 0.257009121313
VOM19980507.0900.0040: 0.256285159874
VOM19980507.0730.0066: 0.254783892232
