VOM19980404.0700.1788: 0.347073834339
VOM19980302.0700.0653: 0.336543144977
VOM19980403.0900.3074: 0.311676017087
VOM19980222.0700.0448: 0.309090301006
VOM19980326.0700.2359: 0.299024681968
VOM19980326.0900.2164: 0.299024681968
VOM19980325.0900.3063: 0.298125483316
VOM19980404.0700.0406: 0.29708319501
VOM19980403.0700.0259: 0.294888595051
VOM19980326.0900.1939: 0.29177520594
VOM19980505.0700.0384: 0.286918633022
VOM19980404.0700.1061: 0.286397246742
VOM19980312.0900.2408: 0.285228516895
