VOM19980529.0700.0334: 0.287880642403
VOM19980511.0700.0039: 0.265935941786
VOM19980511.0730.0003: 0.265935941786
VOM19980511.0900.0004: 0.264001836541
VOM19980530.0700.0385: 0.244557994022
VOM19980624.0730.0216: 0.244156750119
VOM19980529.0900.0148: 0.241209075662
VOM19980529.0730.0148: 0.232008084334
VOM19980627.0730.0279: 0.217934306113
VOM19980302.0700.3423: 0.21469164862
VOM19980507.0700.0521: 0.213746685793
VOM19980319.0700.0647: 0.210870583918
VOM19980524.0700.0409: 0.210266267396
