VOM19980403.0900.0431: 0.32994087393
VOM19980404.0700.0676: 0.326928314019
VOM19980316.0900.2774: 0.321847257827
VOM19980403.0700.1169: 0.309912506065
VOM19980403.0900.3300: 0.300010957503
VOM19980404.0700.1061: 0.299023174095
VOM19980225.0900.2949: 0.2971456593
VOM19980222.0700.0448: 0.295712200422
VOM19980327.0900.1545: 0.29150602432
VOM19980325.0900.3063: 0.289956920754
VOM19980403.0700.0129: 0.289932299539
VOM19980403.0700.0727: 0.288808873372
VOM19980403.0900.2034: 0.285054267505
