VOM19980224.0700.1530: 0.300496831488
VOM19980319.0700.2536: 0.283514686441
VOM19980223.0700.0240: 0.282844887376
VOM19980222.0700.0758: 0.274409700208
VOM19980501.0700.0297: 0.269081293498
VOM19980223.0900.0629: 0.265906187897
VOM19980225.0700.0757: 0.265341940131
VOM19980224.0700.0173: 0.259561259136
VOM19980304.0700.0774: 0.258834507085
VOM19980403.0700.2182: 0.256117416808
VOM19980223.0900.2288: 0.253854431945
VOM19980220.0900.0190: 0.253530431262
VOM19980222.0700.0448: 0.251496104214
