VOM19980220.0700.0707: 0.300744175045
VOM19980530.0700.0512: 0.258910182802
VOM19980223.0900.0886: 0.257549681741
VOM19980220.0700.2814: 0.253506528843
VOM19980316.0900.1667: 0.248528665272
VOM19980223.0900.3535: 0.247655674947
VOM19980223.0700.1730: 0.244007833909
VOM19980510.0700.0480: 0.237170824513
VOM19980224.0700.0648: 0.236939551104
VOM19980221.0700.3085: 0.235302425908
VOM19980303.0900.3207: 0.233927111492
VOM19980220.0900.2343: 0.23239715751
VOM19980224.0900.3022: 0.231504217885
