VOM19980220.0700.2814: 0.251500908976
VOM19980220.0900.3559: 0.192785077085
VOM19980627.0700.0572: 0.187485054402
VOM19980606.0700.0562: 0.187408514266
VOM19980220.0700.0707: 0.186333651162
VOM19980325.0900.0356: 0.171422974035
VOM19980520.0700.0476: 0.154604136505
VOM19980511.0700.0345: 0.152637293704
VOM19980221.0700.3085: 0.152603604142
VOM19980406.0900.0220: 0.142897652469
VOM19980507.0700.0546: 0.142897652469
VOM19980618.0700.0542: 0.141264482804
VOM19980624.0700.0546: 0.141264482804
