VOM19980602.0730.0163: 0.316227766017
VOM19980602.0900.0084: 0.2905073267
VOM19980625.0730.0124: 0.276699295265
VOM19980327.0900.3386: 0.259081623569
VOM19980327.0900.1892: 0.259081623569
VOM19980403.0900.2970: 0.247716847153
VOM19980526.0730.0266: 0.244948974278
VOM19980403.0900.3074: 0.243559002409
VOM19980505.0700.0384: 0.243097632848
VOM19980625.0700.0205: 0.241238097286
VOM19980326.0700.2359: 0.240904864621
VOM19980326.0900.2164: 0.240904864621
VOM19980325.0900.0905: 0.238994950734
