VOM19980613.0700.0179: 0.335453832896
VOM19980614.0700.0111: 0.334395775906
VOM19980614.0730.0034: 0.328192079404
VOM19980224.0700.1724: 0.327852865556
VOM19980625.0700.0328: 0.326655394985
VOM19980613.0730.0072: 0.317403775155
VOM19980626.0700.0365: 0.31607746764
VOM19980624.0900.0040: 0.313876225595
VOM19980624.0700.0122: 0.307288511839
VOM19980624.0730.0041: 0.304260964982
VOM19980502.0730.0193: 0.303890978438
VOM19980502.0700.0348: 0.303666123817
VOM19980304.0700.0774: 0.298778336368
