VOM19980304.0700.0774: 0.380043120066
VOM19980304.0700.0871: 0.357727379395
VOM19980303.0700.0783: 0.332125912375
VOM19980303.0700.0179: 0.326137336721
VOM19980319.0700.2536: 0.321130814467
VOM19980223.0700.0240: 0.319801074533
VOM19980224.0900.2029: 0.31590882719
VOM19980228.0700.1784: 0.31508230592
VOM19980224.0900.0173: 0.310933574096
VOM19980224.0700.1530: 0.310455152964
VOM19980224.0900.3361: 0.308836574593
VOM19980228.0700.0156: 0.304918360568
VOM19980225.0700.0757: 0.300546946671
