VOM19980606.0700.0354: 0.34020690872
VOM19980603.0900.0074: 0.338061701891
VOM19980605.0730.0276: 0.331701736002
VOM19980603.0730.0280: 0.317490637465
VOM19980604.0900.0213: 0.313360883174
VOM19980606.0730.0134: 0.310352208226
VOM19980605.0700.0440: 0.291666666667
VOM19980604.0730.0250: 0.289662061011
VOM19980509.0730.0100: 0.278685200857
VOM19980628.0700.0527: 0.258092700604
VOM19980502.0700.0438: 0.256873417665
VOM19980224.0900.2258: 0.237563817035
VOM19980326.0900.3077: 0.229166666667
