VOM19980625.0700.0404: 0.321281599121
VOM19980522.0730.0122: 0.291724116423
VOM19980522.0900.0121: 0.291724116423
VOM19980515.0730.0097: 0.291724116423
VOM19980319.0900.2169: 0.285426987756
VOM19980522.0700.0258: 0.281295787546
VOM19980612.0900.0038: 0.281233140103
VOM19980612.0700.0080: 0.279616394701
VOM19980526.0730.0039: 0.273576451553
VOM19980515.0900.0047: 0.272882923779
VOM19980606.0700.0150: 0.272524111488
VOM19980529.0700.0168: 0.269842700706
VOM19980603.0700.0103: 0.267671662129
