VOM19980222.0700.0448: 0.328903973785
VOM19980403.0900.3074: 0.304097326719
VOM19980326.0700.2359: 0.299586976958
VOM19980326.0900.2164: 0.299586976958
VOM19980404.0700.0406: 0.294299450357
VOM19980220.0700.2208: 0.292682704747
VOM19980319.0700.2536: 0.284147274122
VOM19980404.0700.0676: 0.282167425143
VOM19980303.0700.1291: 0.280249349189
VOM19980317.0900.2819: 0.277239064801
VOM19980221.0700.2690: 0.275664784315
VOM19980312.0900.2408: 0.268528258006
VOM19980305.0900.2335: 0.26830773989
