VOM19980220.0700.2814: 0.323509717052
VOM19980220.0900.3559: 0.275309614172
VOM19980220.0700.0707: 0.27236819491
VOM19980224.0900.3022: 0.25854793559
VOM19980221.0700.3085: 0.243383821369
VOM19980315.0700.3470: 0.216574328954
VOM19980403.0700.2289: 0.211278311684
VOM19980223.0700.1511: 0.20729242192
VOM19980222.0700.2530: 0.202690506734
VOM19980326.0700.1085: 0.201012850707
VOM19980223.0900.0886: 0.199132589399
VOM19980530.0700.0512: 0.198372133345
VOM19980319.0900.0364: 0.196302363258
