VOM19980304.0900.0509: 0.31762555702
VOM19980304.0900.0903: 0.298201569849
VOM19980222.0700.2148: 0.284273693761
VOM19980319.0700.0722: 0.282616489031
VOM19980305.0700.0436: 0.281876309064
VOM19980326.0700.0480: 0.267376914388
VOM19980319.0900.0364: 0.260498793269
VOM19980305.0900.0332: 0.25793764523
VOM19980403.0700.0129: 0.257654307004
VOM19980319.0700.0452: 0.25616126158
VOM19980317.0700.0723: 0.254754715167
VOM19980225.0900.1428: 0.254118688156
VOM19980325.0900.0905: 0.25400403689
