VOM19980403.0900.1941: 0.218556394416
VOM19980224.0900.3022: 0.216318792691
VOM19980606.0700.0562: 0.213682889719
VOM19980220.0700.2814: 0.206467874041
VOM19980221.0700.3085: 0.204417684939
VOM19980627.0700.0572: 0.199888981396
VOM19980327.0900.2062: 0.192757094636
VOM19980220.0700.0707: 0.189631338115
VOM19980315.0700.1260: 0.18234298606
VOM19980220.0900.3559: 0.179847194799
VOM19980222.0700.1016: 0.178166947016
VOM19980404.0700.1295: 0.175767522689
VOM19980612.0700.0531: 0.175393615695
