VOM19980304.0700.0774: 0.326760035214
VOM19980303.0700.0179: 0.300796549693
VOM19980304.0700.0871: 0.300738066365
VOM19980430.0900.0074: 0.295204961847
VOM19980326.0900.0118: 0.295204961847
VOM19980224.0900.2345: 0.291462647753
VOM19980224.0700.0299: 0.2883483941
VOM19980326.0700.0452: 0.283613681163
VOM19980223.0700.0240: 0.280056016806
VOM19980223.0900.3362: 0.275411316378
VOM19980618.0900.0057: 0.274443102474
VOM19980303.0700.0783: 0.274430215098
VOM19980326.0900.0433: 0.274194704209
