VOM19980226.0900.1725: 0.332278508714
VOM19980225.0700.0187: 0.332105582078
VOM19980304.0700.0774: 0.330146240009
VOM19980225.0900.0178: 0.3237446035
VOM19980224.0900.3400: 0.32040345042
VOM19980225.0900.1874: 0.316650248191
VOM19980226.0900.0170: 0.315814960355
VOM19980226.0900.3359: 0.308440831613
VOM19980326.0700.0115: 0.302507347328
VOM19980304.0700.0871: 0.301141618694
VOM19980220.0900.3360: 0.296434940686
VOM19980224.0900.3361: 0.296434940686
VOM19980224.0700.1530: 0.29567853491
