VOM19980222.0700.0448: 0.351206666429
VOM19980404.0700.0406: 0.333405694852
VOM19980220.0700.2208: 0.315969904057
VOM19980326.0900.1939: 0.31330989993
VOM19980326.0700.2359: 0.310170071758
VOM19980326.0900.2164: 0.310170071758
VOM19980403.0900.3074: 0.306258593743
VOM19980327.0900.1545: 0.298278466202
VOM19980316.0900.2774: 0.293179221835
VOM19980404.0700.0676: 0.279574567038
VOM19980403.0700.1169: 0.278592966346
VOM19980221.0700.2690: 0.276196270549
VOM19980303.0700.1291: 0.275458225023
