VOM19980326.0700.2359: 0.356537016406
VOM19980326.0900.2164: 0.356537016406
VOM19980325.0900.0905: 0.330776701567
VOM19980222.0700.0448: 0.329694965827
VOM19980404.0700.0406: 0.32276507853
VOM19980317.0900.2819: 0.321587940413
VOM19980316.0900.2774: 0.317563558277
VOM19980327.0900.1545: 0.307326580148
VOM19980226.0900.2027: 0.302884106634
VOM19980305.0900.2335: 0.298666591157
VOM19980220.0700.2208: 0.293895232324
VOM19980226.0900.3196: 0.293744143366
VOM19980312.0900.2408: 0.29294300271
