VOM19980221.0700.3085: 0.247194912209
VOM19980223.0700.1511: 0.239248143071
VOM19980220.0700.2814: 0.231103328544
VOM19980627.0700.0572: 0.217912903518
VOM19980224.0900.3022: 0.202456375351
VOM19980316.0700.0601: 0.2018232431
VOM19980317.0900.3492: 0.20090577018
VOM19980530.0700.0512: 0.200333632979
VOM19980507.0900.0040: 0.199341138578
VOM19980316.0900.1194: 0.198710012774
VOM19980612.0700.0531: 0.197957344788
VOM19980403.0700.2289: 0.19741125452
VOM19980507.0730.0066: 0.196286071647
