VOM19980223.0700.0240: 0.305609269497
VOM19980225.0700.0757: 0.285137362427
VOM19980303.0700.0783: 0.284722129464
VOM19980223.0700.1993: 0.278481644435
VOM19980223.0900.2288: 0.271999844118
VOM19980223.0700.1295: 0.265132173011
VOM19980225.0900.0178: 0.264366655244
VOM19980403.0700.2182: 0.262980082628
VOM19980303.0700.0179: 0.262720098417
VOM19980223.0900.0629: 0.262273415542
VOM19980222.0700.1842: 0.262154343085
VOM19980225.0700.0187: 0.262154343085
VOM19980326.0700.0115: 0.261640288841
