VOM19980220.0900.2583: 0.264981092147
VOM19980404.0700.0676: 0.241355396013
VOM19980404.0700.0406: 0.241355396013
VOM19980303.0900.2868: 0.235616215688
VOM19980305.0700.1106: 0.227326906521
VOM19980319.0700.3392: 0.224572832794
VOM19980225.0900.0714: 0.221017365495
VOM19980305.0700.0436: 0.219333858652
VOM19980623.0900.0051: 0.216883513997
VOM19980619.0700.0040: 0.216307878128
VOM19980225.0700.0187: 0.216249286809
VOM19980224.0700.0588: 0.215587570173
VOM19980504.0730.0002: 0.215587570173
