VOM19980501.0700.0297: 0.376924854818
VOM19980225.0700.0187: 0.332105582078
VOM19980311.0700.0234: 0.327968024676
VOM19980225.0900.1874: 0.327205256464
VOM19980225.0900.0178: 0.3237446035
VOM19980224.0700.1530: 0.320318412819
VOM19980510.0700.0040: 0.313215126024
VOM19980319.0700.2536: 0.304430116904
VOM19980220.0700.0772: 0.301992169445
VOM19980303.0700.0179: 0.299966764527
VOM19980510.0730.0001: 0.29889502387
VOM19980304.0700.0774: 0.298703740961
VOM19980221.0700.0119: 0.295019397689
