VOM19980220.0900.3360: 0.268646852852
VOM19980223.0700.0882: 0.256571180246
VOM19980501.0700.0297: 0.248629549027
VOM19980220.0700.0772: 0.243073843049
VOM19980221.0700.0119: 0.241778932006
VOM19980220.0900.1815: 0.2366882791
VOM19980220.0900.0190: 0.234260642833
VOM19980520.0700.0074: 0.230307260044
VOM19980520.0900.0115: 0.223151849572
VOM19980623.0700.0425: 0.222609032301
VOM19980623.0730.0177: 0.22086305215
VOM19980508.0700.0421: 0.22086305215
VOM19980616.0900.0077: 0.216426326419
