VOM19980223.0700.1511: 0.24894937453
VOM19980220.0700.2956: 0.247884154998
VOM19980220.0700.2814: 0.230847466802
VOM19980326.0700.1085: 0.222276697037
VOM19980503.0700.0300: 0.219946541034
VOM19980227.0900.0753: 0.218632398576
VOM19980226.0900.0622: 0.217235312305
VOM19980221.0700.3085: 0.212056147633
VOM19980504.0700.0025: 0.210579469671
VOM19980326.0900.3400: 0.206718548127
VOM19980501.0700.0297: 0.204369535998
VOM19980312.0900.2127: 0.204201193566
VOM19980223.0700.0664: 0.203784786485
