VOM19980220.0700.2814: 0.244779518032
VOM19980630.0700.0366: 0.22188007849
VOM19980430.0900.0192: 0.221564683763
VOM19980317.0700.0255: 0.217662695886
VOM19980427.0900.0010: 0.216506350946
VOM19980220.0900.3559: 0.216024689947
VOM19980403.0700.2289: 0.215464894526
VOM19980611.0700.0254: 0.210042012604
VOM19980316.0700.1957: 0.208814759066
VOM19980630.0730.0268: 0.207880460155
VOM19980305.0900.0369: 0.207688055406
VOM19980619.0700.0464: 0.206155281281
VOM19980522.0700.0215: 0.205129037627
