VOM19980220.0700.2208: 0.308102506713
VOM19980326.0700.0480: 0.296956935458
VOM19980302.0700.0653: 0.290112607008
VOM19980404.0700.1788: 0.289641818371
VOM19980327.0900.1545: 0.278812335466
VOM19980325.0900.3063: 0.277759411698
VOM19980222.0700.0448: 0.275293076704
VOM19980325.0900.0905: 0.269236681251
VOM19980403.0900.3074: 0.26762943486
VOM19980319.0700.2536: 0.267129228448
VOM19980314.0700.2300: 0.265832998069
VOM19980312.0900.2408: 0.264555274072
VOM19980326.0700.2359: 0.262000129383
