VOM19980511.0730.0066: 0.306569669742
VOM19980225.0900.2949: 0.29494803842
VOM19980327.0900.1545: 0.287368262792
VOM19980326.0700.0480: 0.284961414088
VOM19980404.0700.0676: 0.281463125876
VOM19980511.0900.0039: 0.281200794166
VOM19980403.0900.0431: 0.279826553614
VOM19980404.0700.1061: 0.267348744665
VOM19980325.0900.3063: 0.265913691532
VOM19980222.0700.0448: 0.264729989259
VOM19980524.0700.0112: 0.264726446607
VOM19980613.0700.0112: 0.262467464728
VOM19980511.0700.0105: 0.262467464728
