VOM19980404.0700.1061: 0.296702006456
VOM19980220.0900.2583: 0.291342134819
VOM19980403.0700.0129: 0.287329580238
VOM19980403.0900.0431: 0.276851416082
VOM19980403.0900.2034: 0.273587827582
VOM19980404.0700.0676: 0.27247411018
VOM19980403.0700.1169: 0.260656741976
VOM19980524.0700.0112: 0.259773798624
VOM19980403.0900.3300: 0.259148590019
VOM19980527.0700.0094: 0.257990676796
VOM19980403.0900.0124: 0.253593644816
VOM19980511.0730.0066: 0.253480664915
VOM19980223.0700.2728: 0.250654567983
