VOM19980302.0900.0871: 0.267538086417
VOM19980311.0700.1006: 0.263718557832
VOM19980303.0700.0976: 0.261074176768
VOM19980222.0700.0448: 0.258888776033
VOM19980404.0700.0676: 0.255745066561
VOM19980303.0700.0783: 0.2555032272
VOM19980326.0700.1085: 0.255456581243
VOM19980314.0700.2134: 0.251854784099
VOM19980223.0700.1993: 0.248534957368
VOM19980303.0700.1291: 0.248379872111
VOM19980223.0900.2288: 0.247935765899
VOM19980305.0900.2335: 0.247224112553
VOM19980303.0900.2332: 0.245776655044
