VOM19980404.0700.1061: 0.299942324329
VOM19980222.0700.0448: 0.28968942236
VOM19980316.0900.2774: 0.286859709765
VOM19980223.0700.2728: 0.277756611338
VOM19980414.0900.0040: 0.270226409467
VOM19980511.0730.0066: 0.270084884813
VOM19980220.0700.1159: 0.267844840356
VOM19980225.0900.2949: 0.265043267948
VOM19980626.0700.0131: 0.264590787829
VOM19980312.0900.0825: 0.264072613785
VOM19980509.0700.0043: 0.260483827279
VOM19980319.0700.2278: 0.258008189116
VOM19980604.0700.0126: 0.257247877714
