VOM19980221.0700.3085: 0.326825598372
VOM19980220.0900.3559: 0.280571270973
VOM19980530.0700.0512: 0.194943257291
VOM19980630.0700.0507: 0.194311217677
VOM19980220.0700.2814: 0.193515200385
VOM19980224.0900.3022: 0.190346746907
VOM19980316.0900.1667: 0.17460978976
VOM19980303.0900.3207: 0.170276489394
VOM19980225.0900.2668: 0.169805376283
VOM19980325.0900.2250: 0.169773785662
VOM19980319.0900.0647: 0.166670858432
VOM19980225.0900.0714: 0.165890426209
VOM19980515.0900.0229: 0.164316767252
