VOM19980531.0700.0120: 0.324654734856
VOM19980520.0700.0074: 0.312914479386
VOM19980612.0700.0080: 0.301326119152
VOM19980603.0700.0103: 0.289885517826
VOM19980529.0700.0168: 0.289453522202
VOM19980613.0700.0112: 0.288278330099
VOM19980605.0700.0097: 0.286534127531
VOM19980529.0700.0100: 0.284847553984
VOM19980605.0900.0007: 0.278397126992
VOM19980605.0730.0003: 0.278397126992
VOM19980613.0730.0031: 0.276247310055
VOM19980528.0900.0006: 0.271537693321
VOM19980319.0900.2169: 0.267899097812
