VOM19980222.0700.0448: 0.331272135073
VOM19980521.0700.0039: 0.316571454593
VOM19980404.0700.1061: 0.315659627939
VOM19980404.0700.0676: 0.308357530135
VOM19980223.0700.2728: 0.282256204656
VOM19980404.0700.0406: 0.277428051429
VOM19980319.0900.0364: 0.27520273725
VOM19980303.0700.1291: 0.271865782409
VOM19980521.0730.0004: 0.271346366271
VOM19980521.0900.0039: 0.271346366271
VOM19980326.0900.1939: 0.270570831347
VOM19980326.0700.2359: 0.26990925551
VOM19980326.0900.2164: 0.26990925551
