VOM19980220.0900.3360: 0.319570142372
VOM19980223.0700.0240: 0.319504825211
VOM19980311.0700.0279: 0.311842851309
VOM19980303.0700.0179: 0.308998747552
VOM19980607.0700.0270: 0.306284587606
VOM19980220.0900.1815: 0.298659556794
VOM19980223.0900.3362: 0.296393746158
VOM19980220.0900.0190: 0.295596300876
VOM19980223.0700.0882: 0.286902292027
VOM19980319.0900.2169: 0.285589094721
VOM19980304.0700.0774: 0.284028640999
VOM19980303.0700.0783: 0.281357406643
VOM19980222.0700.0448: 0.280904082963
