VOM19980223.0900.0629: 0.298819504586
VOM19980223.0700.0240: 0.292925049707
VOM19980221.0700.0119: 0.28792961557
VOM19980501.0700.0297: 0.28621828026
VOM19980220.0900.3360: 0.282882004371
VOM19980223.0900.3362: 0.280446099755
VOM19980223.0700.1295: 0.275603543601
VOM19980530.0700.0107: 0.273451408812
VOM19980220.0900.1815: 0.272471685151
VOM19980304.0700.0774: 0.270044597962
VOM19980220.0900.0190: 0.269677029889
VOM19980303.0700.0783: 0.261689557326
VOM19980220.0700.0772: 0.259366642134
