VOM19980326.0900.0118: 0.299847055815
VOM19980220.0900.3360: 0.282065304878
VOM19980326.0700.0452: 0.274355716573
VOM19980319.0900.3353: 0.273721660452
VOM19980223.0700.0882: 0.270914184591
VOM19980326.0700.0717: 0.267691641218
VOM19980326.0700.0115: 0.264842943687
VOM19980403.0700.2182: 0.263479350615
VOM19980311.0700.0279: 0.260285929309
VOM19980221.0700.0119: 0.259636762621
VOM19980626.0700.0365: 0.2536792158
VOM19980306.0700.0284: 0.252409388673
VOM19980614.0730.0034: 0.251429399871
