VOM19980605.0730.0042: 0.307717597818
VOM19980605.0900.0045: 0.307717597818
VOM19980531.0700.0040: 0.270481373037
VOM19980605.0700.0040: 0.269492862101
VOM19980526.0730.0229: 0.255322760929
VOM19980531.0730.0006: 0.250459024807
VOM19980317.0700.0383: 0.246041130618
VOM19980520.0730.0150: 0.244080612277
VOM19980304.0900.0276: 0.241746889208
VOM19980628.0700.0527: 0.24032900666
VOM19980403.0700.2289: 0.229703420652
VOM19980220.0900.3537: 0.228598483247
VOM19980225.0700.0701: 0.227921152919
