VOM19980225.0700.0187: 0.328360339902
VOM19980224.0900.3400: 0.327713975448
VOM19980225.0900.0178: 0.319713039522
VOM19980220.0900.1815: 0.313300257392
VOM19980220.0900.0190: 0.310086836473
VOM19980223.0700.0240: 0.310086836473
VOM19980303.0700.0179: 0.306810993379
VOM19980225.0900.1874: 0.302283461961
VOM19980226.0900.0170: 0.300743495564
VOM19980523.0700.0189: 0.296948038639
VOM19980226.0900.1725: 0.296007081516
VOM19980226.0900.3359: 0.293721278339
VOM19980326.0700.0115: 0.292684703502
