VOM19980224.0700.0719: 0.283887486979
VOM19980304.0700.0774: 0.271324430855
VOM19980223.0700.0240: 0.261611840727
VOM19980326.0900.0118: 0.258646763266
VOM19980603.0730.0115: 0.254237589937
VOM19980501.0700.0297: 0.251670662981
VOM19980222.0700.1842: 0.25034698143
VOM19980220.0900.3360: 0.248286477407
VOM19980223.0700.0882: 0.247435829653
VOM19980527.0700.0388: 0.246276027498
VOM19980326.0700.0452: 0.246182981959
VOM19980222.0700.0151: 0.24585377554
VOM19980413.0900.0068: 0.245523187912
