VOM19980502.0700.0095: 0.308290615245
VOM19980501.0700.0297: 0.302666836034
VOM19980303.0700.0783: 0.284612026403
VOM19980403.0700.0727: 0.283605488522
VOM19980403.0700.2182: 0.279637483023
VOM19980222.0700.0448: 0.278187625539
VOM19980326.0700.0452: 0.277132653863
VOM19980220.0900.2583: 0.274647109001
VOM19980326.0900.0118: 0.27403610244
VOM19980223.0900.0629: 0.272308553696
VOM19980623.0900.0051: 0.271680839372
VOM19980305.0900.2166: 0.269933920818
VOM19980312.0900.0306: 0.2690235991
