VOM19980625.0730.0090: 0.290084787862
VOM19980602.0700.0036: 0.27920353228
VOM19980526.0730.0266: 0.277735039447
VOM19980529.0700.0392: 0.270063831222
VOM19980403.0900.3074: 0.261624336497
VOM19980504.0730.0100: 0.252747939216
VOM19980505.0700.0384: 0.249259257631
VOM19980403.0900.3340: 0.247564749491
VOM19980222.0700.0448: 0.246369178619
VOM19980326.0900.1939: 0.245301661227
VOM19980609.0700.0520: 0.244458856131
VOM19980618.0730.0044: 0.240608869756
VOM19980618.0700.0076: 0.240608869756
