VOM19980325.0900.3063: 0.253357459742
VOM19980613.0700.0112: 0.251210660834
VOM19980625.0730.0124: 0.246332319541
VOM19980222.0700.0448: 0.242605098474
VOM19980404.0700.1788: 0.239259099412
VOM19980403.0900.3074: 0.235014746261
VOM19980403.0900.0431: 0.232916400312
VOM19980404.0700.1061: 0.231981469492
VOM19980327.0900.1545: 0.228716547801
VOM19980618.0700.0234: 0.227552049595
VOM19980403.0700.1169: 0.227413661181
VOM19980302.0700.0653: 0.226467355406
VOM19980619.0700.0421: 0.225377440872
