VOM19980509.0700.0089: 0.282420570605
VOM19980523.0730.0220: 0.282313869296
VOM19980628.0730.0167: 0.273306245729
VOM19980427.0900.0219: 0.271979048347
VOM19980523.0700.0428: 0.270897616437
VOM19980526.0900.0186: 0.265884780013
VOM19980509.0730.0027: 0.265884780013
VOM19980526.0730.0131: 0.265884780013
VOM19980526.0700.0342: 0.265884780013
VOM19980501.0700.0297: 0.263510690102
VOM19980520.0700.0129: 0.262075198057
VOM19980515.0730.0199: 0.260091438214
VOM19980625.0700.0404: 0.259036811388
