VOM19980326.0700.0602: 0.237117902315
VOM19980223.0700.1040: 0.233624884156
VOM19980510.0700.0125: 0.233249052478
VOM19980515.0900.0007: 0.231479485184
VOM19980220.0900.3396: 0.221803487684
VOM19980326.0900.3077: 0.219528519979
VOM19980228.0700.1896: 0.218019715021
VOM19980305.0700.0276: 0.217596579916
VOM19980312.0900.2408: 0.212607819554
VOM19980515.0730.0053: 0.212281347189
VOM19980314.0700.2522: 0.209577015785
VOM19980524.0700.0492: 0.205807987481
VOM19980223.0700.0882: 0.203847911409
