VOM19980326.0900.0118: 0.287137014431
VOM19980220.0900.3360: 0.277448922309
VOM19980304.0700.0774: 0.275893826468
VOM19980407.0900.0109: 0.273483017137
VOM19980326.0700.0452: 0.27223275324
VOM19980501.0700.0297: 0.271041082432
VOM19980303.0700.0179: 0.265977985692
VOM19980304.0700.0408: 0.264734510037
VOM19980228.0700.0156: 0.259725201897
VOM19980228.0700.1784: 0.259725201897
VOM19980626.0700.0365: 0.246376811594
VOM19980220.0900.1815: 0.245736593591
VOM19980223.0900.0199: 0.243492376779
