VOM19980612.0700.0080: 0.375373870354
VOM19980612.0730.0039: 0.339343393076
VOM19980607.0700.0045: 0.334395775906
VOM19980531.0700.0120: 0.329934019793
VOM19980607.0730.0002: 0.325204085032
VOM19980520.0700.0074: 0.318002853343
VOM19980619.0700.0149: 0.304928774269
VOM19980603.0700.0103: 0.304419392988
VOM19980319.0900.2169: 0.300419824936
VOM19980626.0730.0153: 0.287578246498
VOM19980520.0900.0115: 0.287489605419
VOM19980520.0730.0078: 0.287489605419
VOM19980613.0700.0112: 0.284088329691
