VOM19980326.0700.2359: 0.321537467535
VOM19980326.0900.2164: 0.321537467535
VOM19980404.0700.0406: 0.32075014955
VOM19980317.0900.2819: 0.277350098113
VOM19980403.0700.0185: 0.267129228448
VOM19980305.0900.2335: 0.26630124088
VOM19980222.0700.0448: 0.265426686003
VOM19980327.0900.1545: 0.263959796705
VOM19980222.0700.2819: 0.263532930924
VOM19980319.0900.0364: 0.260849760024
VOM19980325.0900.0905: 0.260687295669
VOM19980404.0700.0676: 0.260609496509
VOM19980403.0700.1459: 0.259937622455
