VOM19980228.0700.0156: 0.218102522588
VOM19980228.0700.1784: 0.218102522588
VOM19980605.0900.0089: 0.210579469671
VOM19980306.0700.0354: 0.208095962072
VOM19980619.0700.0246: 0.201215137406
VOM19980604.0700.0342: 0.199382868185
VOM19980303.0700.0783: 0.199246878944
VOM19980303.0700.0179: 0.198536227977
VOM19980223.0700.1295: 0.198101453923
VOM19980605.0730.0082: 0.194896116236
VOM19980221.0700.0119: 0.191119843926
VOM19980224.0700.1724: 0.190704311925
VOM19980606.0700.0150: 0.190530203292
