VOM19980609.0700.0520: 0.254000254
VOM19980616.0700.0538: 0.249310343514
VOM19980506.0700.0472: 0.248542466418
VOM19980424.0900.0246: 0.233766233766
VOM19980610.0730.0140: 0.226922807547
VOM19980618.0900.0204: 0.221154610793
VOM19980315.0700.2184: 0.218518259119
VOM19980611.0700.0548: 0.218181818182
VOM19980520.0900.0248: 0.217615908702
VOM19980314.0700.1946: 0.214865071952
VOM19980504.0730.0100: 0.214865071952
VOM19980314.0700.0275: 0.214865071952
VOM19980624.0700.0434: 0.213442852398
