VOM19980619.0700.0149: 0.373195245626
VOM19980613.0700.0112: 0.339683110243
VOM19980619.0730.0035: 0.32298759675
VOM19980613.0730.0031: 0.322251693318
VOM19980612.0900.0038: 0.318009985897
VOM19980605.0900.0007: 0.312731395811
VOM19980605.0730.0003: 0.312731395811
VOM19980504.0700.0222: 0.308606699924
VOM19980619.0900.0007: 0.300910189743
VOM19980404.0700.1788: 0.299078482182
VOM19980529.0700.0168: 0.29310519088
VOM19980527.0700.0094: 0.292504900487
VOM19980605.0700.0097: 0.288859414942
