VOM19980317.0900.2819: 0.299653386919
VOM19980602.0730.0163: 0.284267621807
VOM19980319.0700.0452: 0.268271684994
VOM19980222.0700.0448: 0.262468506378
VOM19980526.0730.0266: 0.261478894218
VOM19980625.0730.0090: 0.258731808559
VOM19980505.0700.0384: 0.257019339854
VOM19980410.0900.0241: 0.256284642891
VOM19980511.0730.0066: 0.255177271941
VOM19980618.0700.0114: 0.251477845385
VOM19980319.0900.0364: 0.25147034653
VOM19980302.0900.0368: 0.249807321744
VOM19980305.0700.0436: 0.248591538088
