VOM19980510.0700.0040: 0.337308597257
VOM19980504.0700.0025: 0.331542213424
VOM19980508.0700.0362: 0.310851776526
VOM19980302.0900.1110: 0.301308811241
VOM19980506.0700.0042: 0.294915839503
VOM19980507.0700.0242: 0.293016357664
VOM19980223.0700.1993: 0.290071394904
VOM19980501.0700.0297: 0.281927533685
VOM19980510.0730.0001: 0.280444713754
VOM19980507.0730.0066: 0.277732698618
VOM19980515.0900.0229: 0.277241312033
VOM19980404.0700.0676: 0.277138766631
VOM19980226.0900.1367: 0.276321769494
