VOM19980612.0900.0168: 0.321069391249
VOM19980612.0730.0117: 0.317635395285
VOM19980312.0900.1968: 0.307658812935
VOM19980403.0900.3074: 0.301430282244
VOM19980602.0730.0163: 0.299563822922
VOM19980612.0700.0257: 0.297731611099
VOM19980317.0900.2819: 0.291486907464
VOM19980504.0700.0222: 0.290993847624
VOM19980222.0700.0448: 0.290940838452
VOM19980505.0700.0384: 0.28262539188
VOM19980316.0700.0219: 0.277218496635
VOM19980530.0700.0318: 0.274695214477
VOM19980530.0730.0166: 0.274695214477
