VOM19980223.0900.3362: 0.248533711693
VOM19980222.0700.1842: 0.242240697562
VOM19980220.0900.3360: 0.24024691306
VOM19980326.0900.0118: 0.236682315602
VOM19980223.0900.0154: 0.236402714422
VOM19980223.0900.1740: 0.234548546858
VOM19980223.0700.0197: 0.234548546858
VOM19980228.0700.0156: 0.233549683248
VOM19980228.0700.1784: 0.233549683248
VOM19980223.0700.0240: 0.229639663386
VOM19980630.0700.0432: 0.229166666667
VOM19980326.0700.0452: 0.217597069945
VOM19980501.0700.0297: 0.216644561207
