VOM19980603.0700.0103: 0.298366713446
VOM19980529.0700.0168: 0.288311689261
VOM19980406.0900.0112: 0.275197592838
VOM19980515.0730.0097: 0.260871602998
VOM19980520.0700.0074: 0.253240079568
VOM19980522.0700.0215: 0.252809148346
VOM19980520.0900.0081: 0.251267367374
VOM19980319.0900.2169: 0.248439375793
VOM19980520.0730.0039: 0.246819805885
VOM19980611.0700.0046: 0.246011882912
VOM19980619.0700.0149: 0.244526700151
VOM19980520.0900.0115: 0.2433498718
VOM19980223.0700.0562: 0.240853909699
