VOM19980510.0700.0040: 0.393291701633
VOM19980510.0730.0001: 0.377123616633
VOM19980507.0730.0066: 0.371584058651
VOM19980507.0900.0040: 0.370991116608
VOM19980507.0700.0242: 0.366987921709
VOM19980509.0730.0027: 0.353763776444
VOM19980509.0700.0089: 0.34780417182
VOM19980508.0700.0421: 0.342326598441
VOM19980508.0700.0362: 0.327805034054
VOM19980508.0900.0007: 0.324617227032
VOM19980508.0730.0003: 0.314179757763
VOM19980501.0700.0297: 0.303397113416
VOM19980515.0900.0229: 0.295145914949
