VOM19980502.0730.0193: 0.228812308375
VOM19980224.0900.2029: 0.225091535066
VOM19980225.0700.0547: 0.225091535066
VOM19980625.0700.0328: 0.208979329716
VOM19980224.0900.0173: 0.208514414057
VOM19980428.0900.0156: 0.206418738617
VOM19980224.0700.1620: 0.205677351057
VOM19980430.0900.0001: 0.205344629323
VOM19980225.0900.0178: 0.203596983674
VOM19980403.0700.0372: 0.203549072864
VOM19980614.0700.0111: 0.203234711174
VOM19980624.0900.0040: 0.202410226188
VOM19980326.0900.0118: 0.202042708452
