VOM19980326.0700.0115: 0.312317055307
VOM19980403.0700.2182: 0.30228982045
VOM19980222.0700.0758: 0.291365143978
VOM19980224.0700.1530: 0.288646716933
VOM19980326.0700.0717: 0.28540859747
VOM19980223.0900.2288: 0.278299833721
VOM19980223.0700.1993: 0.27375796915
VOM19980626.0700.0365: 0.268149141677
VOM19980302.0900.0724: 0.266650492024
VOM19980221.0700.0119: 0.266374552327
VOM19980220.0700.3434: 0.265158649343
VOM19980220.0700.2656: 0.264047401129
VOM19980403.0700.0372: 0.26291435601
