VOM19980326.0700.2359: 0.313185845001
VOM19980326.0900.2164: 0.313185845001
VOM19980325.0900.3063: 0.30303030303
VOM19980403.0700.1459: 0.298928265823
VOM19980404.0700.0406: 0.295548352085
VOM19980220.0700.2208: 0.283976711214
VOM19980325.0900.0905: 0.28349743404
VOM19980327.0900.1545: 0.280757238314
VOM19980317.0900.2819: 0.273498013417
VOM19980403.0900.3074: 0.272307242959
VOM19980226.0900.3196: 0.267217964244
VOM19980222.0700.0448: 0.266551375351
VOM19980316.0900.2774: 0.264073756917
