VOM19980616.0700.0538: 0.348155311911
VOM19980403.0700.0323: 0.307859647993
VOM19980404.0700.0406: 0.304797977663
VOM19980403.0900.2970: 0.297422865946
VOM19980326.0900.0371: 0.295468420143
VOM19980609.0700.0520: 0.293571839409
VOM19980220.0900.3504: 0.291232584286
VOM19980422.0900.0246: 0.290381603456
VOM19980506.0700.0472: 0.287858513059
VOM19980424.0900.0246: 0.287153661503
VOM19980325.0900.0356: 0.286824803339
VOM19980303.0700.0696: 0.284495309166
VOM19980527.0730.0233: 0.284462793558
