VOM19980220.0700.2814: 0.294295062502
VOM19980403.0700.2289: 0.237154431719
VOM19980221.0700.3085: 0.226037823205
VOM19980220.0700.0707: 0.219544715171
VOM19980222.0700.0448: 0.218553830057
VOM19980220.0900.3559: 0.214166235205
VOM19980404.0700.0676: 0.212486474092
VOM19980319.0700.2737: 0.209048382701
VOM19980326.0700.2359: 0.20593851536
VOM19980326.0900.2164: 0.20593851536
VOM19980404.0700.0406: 0.20574087174
VOM19980325.0900.0905: 0.204677688411
VOM19980223.0700.1511: 0.203625508646
