VOM19980312.0900.3403: 0.237656333362
VOM19980312.0900.1827: 0.23573195891
VOM19980220.0700.0221: 0.21875
VOM19980510.0730.0063: 0.213281296157
VOM19980224.0900.3022: 0.21281413269
VOM19980306.0700.0726: 0.211163256625
VOM19980304.0900.0509: 0.209990975788
VOM19980626.0700.0131: 0.209795339574
VOM19980510.0700.0040: 0.206958180791
VOM19980315.0700.3008: 0.205782689959
VOM19980223.0700.0882: 0.205357142857
VOM19980315.0700.0844: 0.204217930739
VOM19980427.0900.0010: 0.204124145232
