VOM19980306.0700.0425: 0.281646330928
VOM19980311.0700.0279: 0.27572339729
VOM19980326.0700.0115: 0.258969864559
VOM19980305.0700.0395: 0.254216148858
VOM19980224.0700.1724: 0.252399212949
VOM19980506.0700.0506: 0.251728770024
VOM19980326.0900.0118: 0.251312344975
VOM19980501.0700.0297: 0.251031347137
VOM19980302.0900.0724: 0.246667361293
VOM19980326.0700.0717: 0.246358014318
VOM19980430.0900.0149: 0.243955262375
VOM19980225.0900.0178: 0.2438661737
VOM19980222.0700.0758: 0.24298525749
