VOM19980526.0730.0266: 0.291397118554
VOM19980223.0900.1900: 0.290190500044
VOM19980223.0900.3502: 0.290190500044
VOM19980617.0900.0206: 0.284343214847
VOM19980624.0700.0546: 0.2784097012
VOM19980602.0700.0547: 0.269871683328
VOM19980306.0700.0593: 0.267142008696
VOM19980507.0700.0546: 0.265982394205
VOM19980618.0700.0542: 0.262942495578
VOM19980611.0900.0253: 0.262860830981
VOM19980604.0700.0534: 0.262851496269
VOM19980618.0730.0119: 0.26117145004
VOM19980520.0700.0476: 0.26117145004
