VOM19980222.0700.0448: 0.305886166811
VOM19980403.0900.2034: 0.28616784156
VOM19980403.0900.3300: 0.27708832354
VOM19980403.0900.0124: 0.272832987806
VOM19980630.0730.0136: 0.265121976651
VOM19980524.0700.0112: 0.262661333679
VOM19980317.0700.3639: 0.261075424654
VOM19980315.0700.2184: 0.260406688246
VOM19980317.0900.0152: 0.25729991053
VOM19980317.0900.1955: 0.25729991053
VOM19980430.0900.0001: 0.255072163746
VOM19980303.0700.0324: 0.252534324213
VOM19980403.0700.0129: 0.250451218657
