VOM19980220.0700.2814: 0.269203115827
VOM19980223.0700.1511: 0.242062768778
VOM19980221.0700.3085: 0.224374725521
VOM19980220.0900.3559: 0.214952600501
VOM19980626.0700.0131: 0.212560539581
VOM19980630.0900.0169: 0.207268493086
VOM19980222.0700.0909: 0.200403998601
VOM19980515.0900.0164: 0.199451156403
VOM19980225.0900.1428: 0.198732375799
VOM19980317.0900.3350: 0.197693843237
VOM19980317.0900.2028: 0.197693843237
VOM19980627.0700.0155: 0.196640230501
VOM19980515.0730.0248: 0.195982176014
