VOM19980220.0700.2814: 0.281191563265
VOM19980220.0900.3559: 0.274928699614
VOM19980223.0700.1511: 0.233831852867
VOM19980403.0700.2289: 0.22291128503
VOM19980522.0700.0215: 0.213200716356
VOM19980220.0700.0707: 0.212582713073
VOM19980221.0700.3085: 0.207582045953
VOM19980618.0700.0315: 0.200597825531
VOM19980611.0700.0254: 0.199594983617
VOM19980430.0900.0149: 0.19889806324
VOM19980317.0900.3492: 0.197202659437
VOM19980626.0730.0227: 0.196767092567
VOM19980325.0900.0356: 0.195571549616
