VOM19980603.0730.0115: 0.295545651646
VOM19980612.0700.0080: 0.295342875875
VOM19980319.0900.2169: 0.290713121795
VOM19980605.0900.0007: 0.290020946714
VOM19980625.0700.0404: 0.289474252643
VOM19980607.0700.0045: 0.28763670588
VOM19980520.0700.0074: 0.286505411378
VOM19980612.0900.0038: 0.286441603698
VOM19980614.0730.0072: 0.284689224682
VOM19980613.0700.0112: 0.284388935893
VOM19980603.0700.0103: 0.283114695364
VOM19980605.0730.0003: 0.277936740601
VOM19980613.0730.0031: 0.275790478824
