VOM19980221.0700.0119: 0.352141481777
VOM19980223.0700.0882: 0.341191390023
VOM19980223.0900.0199: 0.320037876546
VOM19980223.0900.3403: 0.320037876546
VOM19980225.0700.0187: 0.318198051534
VOM19980225.0900.0178: 0.308998747552
VOM19980220.0900.3360: 0.303890978438
VOM19980501.0700.0297: 0.303397113416
VOM19980223.0900.1787: 0.300941917545
VOM19980303.0700.0179: 0.294128032386
VOM19980224.0700.0588: 0.29294300271
VOM19980223.0900.3362: 0.290190500044
VOM19980220.0700.0772: 0.289345693302
