VOM19980327.0900.1545: 0.325092979937
VOM19980222.0700.0448: 0.278616609358
VOM19980223.0700.2728: 0.273632890601
VOM19980403.0900.0619: 0.270799166746
VOM19980404.0700.0406: 0.270478729785
VOM19980220.0700.2208: 0.270174018908
VOM19980316.0900.2774: 0.268737402225
VOM19980221.0700.2690: 0.264472533798
VOM19980220.0900.2583: 0.263527490469
VOM19980225.0900.2949: 0.262644227348
VOM19980303.0700.0590: 0.259559123916
VOM19980403.0900.0431: 0.257436294633
VOM19980325.0900.0905: 0.256467835852
