VOM19980317.0900.2819: 0.309082577925
VOM19980325.0900.3063: 0.280551545386
VOM19980316.0900.2774: 0.275475821946
VOM19980222.0700.0448: 0.26239752098
VOM19980325.0900.0905: 0.261461999592
VOM19980319.0700.2536: 0.253546276419
VOM19980225.0900.0714: 0.252635078072
VOM19980222.0700.2148: 0.251574118251
VOM19980319.0700.0452: 0.25049843564
VOM19980404.0700.0676: 0.248701433446
VOM19980303.0700.0590: 0.248329577193
VOM19980319.0900.0364: 0.247855212716
VOM19980302.0700.0653: 0.247679205589
