VOM19980326.0700.0480: 0.325316620833
VOM19980627.0700.0466: 0.290418856559
VOM19980319.0700.0352: 0.271428571429
VOM19980625.0700.0205: 0.271387624396
VOM19980624.0700.0434: 0.271052370872
VOM19980228.0700.0268: 0.262959424748
VOM19980527.0700.0042: 0.261397393372
VOM19980222.0700.0448: 0.260285248986
VOM19980504.0700.0222: 0.256475892399
VOM19980315.0700.2184: 0.252149316606
VOM19980527.0730.0003: 0.250588005516
VOM19980527.0900.0008: 0.250588005516
VOM19980624.0700.0158: 0.240192230708
