VOM19980220.0700.2814: 0.293982325298
VOM19980220.0700.0707: 0.238341609227
VOM19980403.0700.2289: 0.223220669336
VOM19980223.0700.1511: 0.216421827675
VOM19980221.0700.3085: 0.209634756743
VOM19980530.0700.0512: 0.208403108184
VOM19980228.0700.1784: 0.205129037627
VOM19980522.0700.0215: 0.202259958739
VOM19980303.0900.2177: 0.202143343607
VOM19980623.0730.0228: 0.201498148278
VOM19980611.0700.0254: 0.201186954041
VOM19980316.0700.0601: 0.199683293546
VOM19980222.0700.1016: 0.199324426137
