VOM19980223.0700.1993: 0.277866240294
VOM19980303.0700.0783: 0.272417882642
VOM19980302.0900.0871: 0.267289314098
VOM19980304.0700.0871: 0.266813711986
VOM19980501.0700.0297: 0.260280077949
VOM19980223.0900.2288: 0.248782200168
VOM19980225.0700.0757: 0.24701404661
VOM19980223.0900.2779: 0.244332079311
VOM19980404.0700.0406: 0.242190246516
VOM19980222.0700.0151: 0.24183775442
VOM19980224.0900.3400: 0.238717136527
VOM19980403.0700.1612: 0.237932103278
VOM19980515.0900.0229: 0.23606755634
