VOM19980223.0700.0882: 0.310850794601
VOM19980223.0700.0240: 0.304963468946
VOM19980221.0700.0119: 0.301383075228
VOM19980304.0700.0774: 0.299189014665
VOM19980220.0900.3360: 0.298487515424
VOM19980220.0900.1815: 0.295037457705
VOM19980220.0900.0190: 0.292011352504
VOM19980326.0900.0118: 0.29192017968
VOM19980501.0700.0297: 0.289927527176
VOM19980228.0700.0156: 0.289199522192
VOM19980224.0700.1530: 0.285816837257
VOM19980223.0900.3362: 0.284080542076
VOM19980303.0700.0179: 0.283285284986
