VOM19980228.0700.1784: 0.277498374038
VOM19980614.0700.0111: 0.272728445443
VOM19980228.0700.0156: 0.265935941786
VOM19980224.0700.1530: 0.262825364364
VOM19980304.0700.0774: 0.25940061715
VOM19980501.0700.0297: 0.257412095974
VOM19980220.0700.3434: 0.257087248365
VOM19980225.0700.0187: 0.254614279593
VOM19980603.0700.0103: 0.251122049484
VOM19980223.0900.3362: 0.249870967733
VOM19980504.0700.0268: 0.249870967733
VOM19980225.0700.0757: 0.248654602223
VOM19980222.0700.0758: 0.247890257638
