VOM19980404.0700.0676: 0.291328915959
VOM19980222.0700.0448: 0.291286542767
VOM19980220.0900.2583: 0.287122840141
VOM19980326.0900.1939: 0.286893976405
VOM19980326.0700.2359: 0.282393082357
VOM19980326.0900.2164: 0.282393082357
VOM19980403.0700.1169: 0.282066335611
VOM19980316.0900.2774: 0.28185001468
VOM19980403.0700.0727: 0.280236794507
VOM19980312.0900.2408: 0.279371030297
VOM19980305.0900.2335: 0.279257578742
VOM19980226.0900.2027: 0.277630555454
VOM19980404.0700.0406: 0.273610184154
