VOM19980326.0900.0118: 0.293333333333
VOM19980220.0900.3360: 0.274847200471
VOM19980326.0700.0452: 0.269679944985
VOM19980223.0900.0477: 0.250671824576
VOM19980317.0700.3608: 0.246632492196
VOM19980311.0700.0279: 0.2430574481
VOM19980221.0700.0119: 0.242451250142
VOM19980223.0900.0629: 0.241943351564
VOM19980501.0700.0297: 0.239731650743
VOM19980317.0900.0376: 0.236939551104
VOM19980223.0900.3362: 0.236939551104
VOM19980222.0700.0151: 0.23597502098
VOM19980503.0700.0096: 0.235702260396
