VOM19980304.0900.0509: 0.28231292517
VOM19980227.0900.2564: 0.267729332018
VOM19980317.0700.0156: 0.262703468746
VOM19980220.0700.1448: 0.260037347284
VOM19980625.0700.0037: 0.258466038178
VOM19980505.0700.0384: 0.257539376819
VOM19980225.0700.0999: 0.257368035072
VOM19980223.0900.2779: 0.257247877714
VOM19980326.0700.2112: 0.256520032651
VOM19980223.0700.1993: 0.255177271941
VOM19980623.0900.0051: 0.255130691495
VOM19980305.0900.2594: 0.254235046174
VOM19980222.0700.0448: 0.252492132287
