VOM19980220.0700.2814: 0.280823106395
VOM19980524.0730.0122: 0.216098233051
VOM19980221.0700.3085: 0.214689265537
VOM19980316.0900.1667: 0.214210248521
VOM19980220.0700.0707: 0.211971392064
VOM19980524.0700.0409: 0.210387487197
VOM19980530.0700.0512: 0.20952077338
VOM19980403.0700.2289: 0.208972041476
VOM19980220.0700.2956: 0.208722360047
VOM19980326.0700.1668: 0.207333019767
VOM19980306.0700.1077: 0.202004870026
VOM19980302.0700.1749: 0.201277441647
VOM19980305.0900.2594: 0.200604754549
