VOM19980404.0700.0406: 0.326876901347
VOM19980325.0900.0905: 0.325598327932
VOM19980317.0900.2819: 0.314581877443
VOM19980222.0700.0448: 0.314444872711
VOM19980312.0900.2408: 0.296674911156
VOM19980403.0700.1169: 0.29664390354
VOM19980326.0700.2359: 0.28886325787
VOM19980326.0900.2164: 0.28886325787
VOM19980221.0700.2690: 0.287589885886
VOM19980312.0900.2795: 0.287274685238
VOM19980403.0900.0619: 0.286209510492
VOM19980404.0700.0676: 0.286017288679
VOM19980306.0700.1638: 0.282513155803
