VOM19980520.0900.0115: 0.326637289959
VOM19980520.0730.0078: 0.314074317269
VOM19980520.0700.0129: 0.2974711032
VOM19980603.0700.0103: 0.292661278419
VOM19980319.0900.2169: 0.288816192573
VOM19980520.0700.0074: 0.286612576301
VOM19980612.0700.0080: 0.275404726444
VOM19980515.0700.0170: 0.273861278753
VOM19980520.0900.0081: 0.269935202917
VOM19980530.0730.0037: 0.269679944985
VOM19980531.0700.0120: 0.269131256838
VOM19980520.0730.0039: 0.265157211149
VOM19980605.0900.0007: 0.261116483934
