VOM19980527.0730.0003: 0.311265878127
VOM19980527.0900.0008: 0.311265878127
VOM19980303.0700.0324: 0.30550504633
VOM19980302.0900.0510: 0.303080403106
VOM19980511.0900.0039: 0.302613766334
VOM19980303.0700.1291: 0.295615003681
VOM19980302.0700.2840: 0.287626547277
VOM19980315.0700.1857: 0.284758058432
VOM19980527.0700.0042: 0.282341454281
VOM19980301.0700.0136: 0.277025625672
VOM19980326.0700.0480: 0.2768465115
VOM19980315.0700.2184: 0.272352389701
VOM19980630.0730.0136: 0.271925839103
