VOM19980627.0700.0275: 0.284004289077
VOM19980625.0700.0404: 0.273345045911
VOM19980531.0700.0120: 0.262105297527
VOM19980612.0900.0038: 0.260078243305
VOM19980603.0730.0115: 0.258405697061
VOM19980522.0700.0100: 0.256891545196
VOM19980317.0700.0723: 0.255039300981
VOM19980501.0700.0297: 0.254462095123
VOM19980604.0730.0143: 0.253916687539
VOM19980604.0900.0124: 0.253916687539
VOM19980305.0900.1967: 0.253184841771
VOM19980607.0700.0045: 0.252878169127
VOM19980602.0700.0245: 0.252412601136
