VOM19980311.0700.0279: 0.307323150622
VOM19980222.0700.0151: 0.301611222933
VOM19980223.0700.0240: 0.292383070153
VOM19980221.0700.0119: 0.291818369175
VOM19980224.0900.0173: 0.286263763767
VOM19980222.0700.1842: 0.284701871921
VOM19980220.0900.0190: 0.28274406784
VOM19980223.0700.0882: 0.28274406784
VOM19980303.0700.0783: 0.277279547366
VOM19980220.0900.1815: 0.277017344426
VOM19980304.0700.0871: 0.273722203535
VOM19980501.0700.0297: 0.272806195026
VOM19980220.0900.3360: 0.271498660375
