VOM19980612.0700.0038: 0.35377680508
VOM19980530.0730.0003: 0.333511294169
VOM19980605.0900.0007: 0.329252303934
VOM19980530.0730.0037: 0.327905663101
VOM19980612.0730.0003: 0.322573508342
VOM19980605.0730.0003: 0.317493293079
VOM19980530.0700.0107: 0.316693835195
VOM19980605.0700.0097: 0.292482004085
VOM19980311.0700.0196: 0.279327046345
VOM19980612.0900.0038: 0.278733240366
VOM19980602.0900.0005: 0.272595284905
VOM19980604.0700.0269: 0.261663198119
VOM19980604.0730.0143: 0.261663198119
