VOM19980618.0900.0204: 0.220643506318
VOM19980327.0900.2062: 0.213746685793
VOM19980414.0900.0040: 0.210115159746
VOM19980505.0700.0384: 0.206455909637
VOM19980609.0700.0520: 0.203224254831
VOM19980317.0900.2819: 0.201168562327
VOM19980403.0700.0323: 0.197502132137
VOM19980305.0700.1106: 0.195852664537
VOM19980222.0700.2148: 0.195831578785
VOM19980624.0700.0434: 0.192668658897
VOM19980326.0700.2359: 0.189724929062
VOM19980326.0900.2164: 0.189724929062
VOM19980502.0700.0528: 0.187591619844
