VOM19980220.0900.3559: 0.255159300234
VOM19980223.0700.1511: 0.230972189375
VOM19980221.0700.3085: 0.225988700565
VOM19980403.0700.2289: 0.224644944587
VOM19980220.0700.2814: 0.222721774037
VOM19980317.0700.2928: 0.208326913101
VOM19980224.0900.3022: 0.203596983674
VOM19980506.0900.0152: 0.193815920737
VOM19980301.0700.0168: 0.190912461263
VOM19980303.0900.3207: 0.190802453262
VOM19980410.0900.0146: 0.188074837329
VOM19980316.0900.1667: 0.187433967456
VOM19980220.0700.2656: 0.186022901208
