VOM19980220.0700.2814: 0.253882553487
VOM19980220.0900.3559: 0.228059412655
VOM19980403.0700.2289: 0.20545535709
VOM19980221.0700.3085: 0.199967086316
VOM19980624.0900.0001: 0.186209730681
VOM19980624.0730.0001: 0.184749239656
VOM19980325.0900.0356: 0.183861696409
VOM19980618.0700.0315: 0.182714071581
VOM19980224.0900.2290: 0.182041639676
VOM19980220.0700.0707: 0.181685741702
VOM19980520.0700.0476: 0.181150583716
VOM19980530.0700.0512: 0.179585257911
VOM19980224.0900.3022: 0.177929558583
