VOM19980326.0700.0115: 0.334946157449
VOM19980403.0700.0372: 0.324282873721
VOM19980403.0700.2182: 0.305091041663
VOM19980222.0700.0758: 0.299179305945
VOM19980327.0900.1850: 0.282503910941
VOM19980404.0700.1859: 0.280467086171
VOM19980404.0700.0133: 0.280467086171
VOM19980501.0700.0297: 0.280467086171
VOM19980327.0900.0179: 0.277527845962
VOM19980326.0700.0717: 0.276474537731
VOM19980302.0900.0724: 0.274398346477
VOM19980304.0700.0774: 0.274069050461
VOM19980221.0700.0119: 0.272739233219
