VOM19980302.0700.1577: 0.28742114188
VOM19980303.0900.1646: 0.270390790082
VOM19980319.0700.2737: 0.267133600209
VOM19980227.0900.2564: 0.259179416788
VOM19980403.0700.1169: 0.257422160842
VOM19980326.0700.2112: 0.256689484524
VOM19980220.0900.3154: 0.256090159607
VOM19980327.0900.2123: 0.25587824605
VOM19980221.0700.2087: 0.254036818512
VOM19980306.0700.1916: 0.253214759304
VOM19980316.0900.1667: 0.252610190521
VOM19980302.0700.1749: 0.248291237829
VOM19980302.0900.1291: 0.247376589865
