VOM19980225.0900.0178: 0.286321500098
VOM19980225.0700.0187: 0.283925462158
VOM19980303.0700.0783: 0.275816158087
VOM19980225.0900.1874: 0.270712306301
VOM19980502.0700.0348: 0.24588666301
VOM19980302.0900.1110: 0.244774977384
VOM19980326.0700.0717: 0.244583988854
VOM19980302.0900.0871: 0.243169043783
VOM19980224.0900.3400: 0.241695012192
VOM19980224.0700.1620: 0.239266945618
VOM19980524.0700.0492: 0.234412043795
VOM19980326.0700.1085: 0.233655620161
VOM19980304.0700.0871: 0.233304522112
