VOM19980220.0700.2814: 0.342662714891
VOM19980221.0700.3085: 0.302444818466
VOM19980220.0700.0707: 0.251507085295
VOM19980530.0700.0512: 0.233975897611
VOM19980220.0900.3559: 0.220991423595
VOM19980223.0700.1511: 0.218301068394
VOM19980303.0900.3207: 0.215090522448
VOM19980611.0700.0254: 0.210096280016
VOM19980314.0700.3062: 0.210026254923
VOM19980508.0700.0362: 0.209913428562
VOM19980316.0900.1667: 0.208937364622
VOM19980612.0700.0531: 0.205256175892
VOM19980403.0700.2289: 0.203828098455
