VOM19980618.0700.0315: 0.29740593874
VOM19980624.0700.0434: 0.285272165367
VOM19980302.0900.0510: 0.260825296685
VOM19980319.0700.0352: 0.259807621135
VOM19980504.0700.0222: 0.259133744655
VOM19980612.0700.0225: 0.25034698143
VOM19980326.0700.0480: 0.249005960278
VOM19980403.0700.0259: 0.246077283194
VOM19980303.0700.1291: 0.242800257548
VOM19980511.0900.0039: 0.240608869756
VOM19980222.0700.0448: 0.239606348384
VOM19980224.0700.0588: 0.23819653367
VOM19980623.0700.0472: 0.237170824513
