VOM19980220.0900.2583: 0.307976661551
VOM19980404.0700.0406: 0.293645148854
VOM19980317.0900.2819: 0.290422931399
VOM19980326.0700.2359: 0.286495187598
VOM19980326.0900.2164: 0.286495187598
VOM19980327.0900.1545: 0.285849386381
VOM19980222.0700.0448: 0.28490950382
VOM19980316.0900.2774: 0.284154345205
VOM19980404.0700.0676: 0.284144864626
VOM19980220.0700.2208: 0.282583903633
VOM19980403.0900.0431: 0.280043984065
VOM19980325.0900.3063: 0.274158921791
VOM19980325.0900.0905: 0.268607135877
