VOM19980220.0900.3360: 0.318941081077
VOM19980501.0700.0297: 0.291342816292
VOM19980223.0700.0240: 0.290232278772
VOM19980602.0700.0095: 0.276411516409
VOM19980228.0700.0156: 0.274817167449
VOM19980228.0700.1784: 0.274817167449
VOM19980222.0700.0151: 0.27275027507
VOM19980220.0900.1815: 0.265793844025
VOM19980223.0900.0629: 0.265444353127
VOM19980220.0900.0190: 0.263067681251
VOM19980515.0900.0229: 0.261488180184
VOM19980220.0700.0772: 0.25919772864
VOM19980618.0900.0008: 0.255315467062
