VOM19980220.0900.3360: 0.32626156768
VOM19980221.0700.0119: 0.308516026586
VOM19980220.0900.1815: 0.302020224846
VOM19980220.0900.0190: 0.298922499627
VOM19980304.0700.0871: 0.29647716526
VOM19980223.0700.0882: 0.29061909686
VOM19980326.0700.0115: 0.289984325595
VOM19980626.0730.0227: 0.286664911292
VOM19980501.0700.0297: 0.282006744008
VOM19980223.0700.0240: 0.276088142017
VOM19980403.0700.2182: 0.269878946325
VOM19980311.0700.1006: 0.265297724986
VOM19980220.0700.0221: 0.261557187174
