VOM19980614.0730.0034: 0.360997436191
VOM19980326.0900.0118: 0.353636963078
VOM19980613.0730.0072: 0.347692031185
VOM19980326.0700.0452: 0.342083727464
VOM19980614.0700.0111: 0.328046919868
VOM19980613.0700.0179: 0.320523887269
VOM19980222.0700.1842: 0.306258593743
VOM19980326.0700.0115: 0.304860687339
VOM19980530.0700.0199: 0.30171428688
VOM19980427.0900.0190: 0.294753172373
VOM19980626.0700.0131: 0.293777236064
VOM19980223.0700.0882: 0.291729982996
VOM19980501.0700.0297: 0.287507908171
