VOM19980502.0700.0348: 0.282267243491
VOM19980312.0900.3403: 0.277072720207
VOM19980312.0900.1827: 0.274829179476
VOM19980502.0730.0193: 0.267731613378
VOM19980515.0700.0170: 0.257912479354
VOM19980428.0900.0156: 0.255030685225
VOM19980312.0900.0230: 0.250801027365
VOM19980521.0700.0467: 0.248629549027
VOM19980515.0900.0047: 0.247959149534
VOM19980311.0700.3445: 0.242662352708
VOM19980619.0700.0149: 0.239268306496
VOM19980521.0730.0148: 0.2388581213
VOM19980626.0700.0365: 0.238806189976
