VOM19980326.0700.0115: 0.340278523689
VOM19980613.0700.0179: 0.339310446269
VOM19980613.0730.0072: 0.339045945426
VOM19980614.0700.0111: 0.316227766017
VOM19980614.0730.0034: 0.314304003441
VOM19980326.0700.0717: 0.306693929561
VOM19980306.0700.0354: 0.304359333274
VOM19980403.0700.0372: 0.299121520808
VOM19980326.0900.0118: 0.290190500044
VOM19980403.0700.2182: 0.287896468014
VOM19980319.0900.3353: 0.286982010697
VOM19980524.0700.0492: 0.286769667338
VOM19980326.0700.0452: 0.281241693126
