VOM19980221.0700.3085: 0.248896263702
VOM19980224.0900.3022: 0.245590482948
VOM19980312.0900.2795: 0.227814695187
VOM19980327.0900.1545: 0.227556966606
VOM19980224.0900.1247: 0.223248718962
VOM19980225.0900.0714: 0.222486489437
VOM19980403.0700.0727: 0.217697879341
VOM19980319.0900.0647: 0.217496684729
VOM19980404.0700.0676: 0.217262047313
VOM19980225.0900.2203: 0.215595791611
VOM19980317.0900.1561: 0.215584322999
VOM19980315.0700.0844: 0.215280772601
VOM19980222.0700.1501: 0.214012205894
