VOM19980326.0700.0115: 0.372440088479
VOM19980614.0730.0034: 0.325515383508
VOM19980614.0700.0111: 0.317273149913
VOM19980222.0700.0758: 0.307642270875
VOM19980319.0900.3353: 0.299004972383
VOM19980326.0900.0118: 0.291149810099
VOM19980326.0700.0717: 0.287639896781
VOM19980311.0700.0279: 0.285644534581
VOM19980613.0730.0072: 0.285301154828
VOM19980225.0700.0187: 0.283661023334
VOM19980502.0730.0193: 0.283661023334
VOM19980403.0700.0372: 0.282456804686
VOM19980624.0900.0040: 0.282130386104
