VOM19980326.0900.0118: 0.336476409677
VOM19980326.0700.0452: 0.324811318067
VOM19980225.0700.0187: 0.278151794984
VOM19980225.0900.0178: 0.267142008696
VOM19980225.0900.1874: 0.265207330648
VOM19980317.0700.0723: 0.264010000242
VOM19980226.0900.0170: 0.260598762029
VOM19980223.0700.0882: 0.259098660754
VOM19980226.0900.1725: 0.256494588021
VOM19980305.0900.1967: 0.256099676951
VOM19980303.0700.0179: 0.25501219995
VOM19980226.0900.3359: 0.25451390519
VOM19980224.0900.3361: 0.249589827451
