VOM19980619.0730.0035: 0.390360029179
VOM19980619.0700.0149: 0.334323924918
VOM19980603.0700.0103: 0.314302690315
VOM19980319.0900.2169: 0.300480357307
VOM19980317.0700.0156: 0.288973815621
VOM19980317.0900.0152: 0.283688165449
VOM19980317.0900.1955: 0.283688165449
VOM19980529.0700.0168: 0.281427504033
VOM19980317.0700.3639: 0.278886675511
VOM19980531.0700.0120: 0.278261290377
VOM19980527.0730.0043: 0.274229220481
VOM19980527.0900.0049: 0.274229220481
VOM19980529.0700.0100: 0.272888411455
