VOM19980224.0900.3022: 0.243703836094
VOM19980316.0900.1194: 0.235272991604
VOM19980220.0700.2814: 0.235147973095
VOM19980304.0900.1406: 0.233129914034
VOM19980303.0900.2535: 0.23037088296
VOM19980223.0700.1511: 0.229448867281
VOM19980403.0700.0727: 0.228066271724
VOM19980630.0700.0507: 0.22528051965
VOM19980222.0700.1016: 0.221757995339
VOM19980221.0700.3085: 0.219509395977
VOM19980325.0900.2250: 0.217992786149
VOM19980327.0900.0757: 0.217940412198
VOM19980316.0900.1667: 0.217526308615
