VOM19980326.0900.0118: 0.296486694569
VOM19980223.0900.1740: 0.278445049462
VOM19980326.0700.0452: 0.275849978407
VOM19980223.0900.0154: 0.270623150696
VOM19980223.0700.0197: 0.268500583409
VOM19980326.0900.0433: 0.26314587092
VOM19980626.0700.0131: 0.245479726155
VOM19980223.0900.3362: 0.242360513902
VOM19980506.0700.0316: 0.237207433423
VOM19980613.0730.0072: 0.236000429092
VOM19980602.0700.0245: 0.2351455735
VOM19980303.0700.0179: 0.234358349727
VOM19980223.0700.0882: 0.233053922335
