VOM19980625.0700.0205: 0.285848252669
VOM19980625.0730.0124: 0.282144046823
VOM19980403.0700.0259: 0.279634562817
VOM19980404.0700.1788: 0.27902511517
VOM19980602.0900.0084: 0.271883719536
VOM19980326.0700.0480: 0.270338134134
VOM19980315.0700.1857: 0.267765033579
VOM19980225.0900.0332: 0.26723960045
VOM19980223.0700.2728: 0.265865535993
VOM19980527.0700.0042: 0.265492641025
VOM19980222.0700.0448: 0.264363072951
VOM19980315.0700.0180: 0.262851496269
VOM19980317.0900.3162: 0.252357307258
