VOM19980501.0700.0297: 0.336144628095
VOM19980221.0700.0119: 0.302964419715
VOM19980222.0700.0151: 0.298245614035
VOM19980223.0900.3362: 0.29373961064
VOM19980220.0900.3360: 0.293736747723
VOM19980220.0900.1815: 0.288780625238
VOM19980303.0700.0179: 0.288632212115
VOM19980220.0900.0190: 0.285818694373
VOM19980223.0900.0477: 0.285759850548
VOM19980627.0730.0001: 0.283924153106
VOM19980223.0700.0240: 0.283887486979
VOM19980602.0700.0417: 0.2784097012
VOM19980403.0700.2182: 0.27821717791
