VOM19980220.0700.2814: 0.338758813678
VOM19980403.0700.2289: 0.271672026068
VOM19980220.0700.0707: 0.246665221367
VOM19980220.0900.3559: 0.230283093236
VOM19980221.0700.3085: 0.229693775983
VOM19980223.0900.3535: 0.222441701014
VOM19980503.0700.0218: 0.221933434287
VOM19980223.0700.1511: 0.213830843753
VOM19980626.0700.0409: 0.213709549338
VOM19980220.0700.2956: 0.211783360161
VOM19980623.0730.0265: 0.211018054983
VOM19980220.0900.1880: 0.209564871154
VOM19980314.0700.3062: 0.20843513316
