VOM19980621.0730.0001: 0.27460851419
VOM19980621.0700.0052: 0.272384926872
VOM19980404.0700.0406: 0.266485445669
VOM19980225.0900.2949: 0.262796809595
VOM19980620.0700.0175: 0.262287469327
VOM19980325.0900.0905: 0.257838168639
VOM19980316.0900.2774: 0.253094480804
VOM19980220.0700.1159: 0.252949696118
VOM19980527.0700.0163: 0.247026558327
VOM19980618.0700.0187: 0.246020966158
VOM19980222.0700.0448: 0.245617321972
VOM19980303.0900.1646: 0.24519089925
VOM19980319.0900.0364: 0.244419970145
