VOM19980225.0900.0178: 0.304923282536
VOM19980501.0700.0297: 0.303419663278
VOM19980225.0700.0187: 0.302371578407
VOM19980223.0900.3362: 0.297300581493
VOM19980223.0700.0882: 0.295742382575
VOM19980225.0900.1874: 0.288299988063
VOM19980220.0900.3360: 0.287387761073
VOM19980503.0700.0160: 0.28507865804
VOM19980502.0700.0095: 0.283683257307
VOM19980614.0730.0034: 0.280571270973
VOM19980224.0700.1530: 0.280422822486
VOM19980303.0700.0179: 0.278500539396
VOM19980224.0900.0215: 0.277963273633
