VOM19980224.0900.3361: 0.327205359829
VOM19980224.0900.2029: 0.324555880112
VOM19980224.0900.0173: 0.319444444444
VOM19980304.0700.0871: 0.305839798631
VOM19980311.0700.0279: 0.301940542439
VOM19980226.0900.0170: 0.296333629667
VOM19980311.0700.0234: 0.292166993393
VOM19980223.0700.0882: 0.291821846204
VOM19980226.0900.1725: 0.291666666667
VOM19980226.0900.3359: 0.289414380708
VOM19980224.0700.1530: 0.287347885566
VOM19980501.0700.0297: 0.285896675957
VOM19980305.0700.0395: 0.285714285714
