VOM19980531.0700.0120: 0.321255348581
VOM19980612.0700.0080: 0.317407840343
VOM19980603.0700.0103: 0.305674736017
VOM19980529.0700.0168: 0.295373429857
VOM19980520.0700.0074: 0.279399934519
VOM19980613.0700.0112: 0.276345463149
VOM19980611.0700.0383: 0.274549814161
VOM19980529.0700.0100: 0.271920146741
VOM19980611.0900.0185: 0.26732619786
VOM19980528.0900.0006: 0.265545720091
VOM19980611.0730.0005: 0.264743275471
VOM19980319.0900.2169: 0.263951340477
VOM19980607.0700.0045: 0.261158125985
