VOM19980222.0700.0448: 0.319158530756
VOM19980620.0730.0003: 0.312884068194
VOM19980225.0900.2949: 0.304028951691
VOM19980220.0700.1159: 0.297809725127
VOM19980404.0700.0676: 0.287995562769
VOM19980316.0900.2774: 0.281455346608
VOM19980404.0700.1061: 0.281204006036
VOM19980620.0700.0040: 0.27798341652
VOM19980305.0700.0436: 0.273258141689
VOM19980327.0900.1545: 0.272382352706
VOM19980225.0900.0714: 0.272234690538
VOM19980403.0900.0431: 0.271527100885
VOM19980325.0900.0905: 0.265853023738
