VOM19980326.0700.2359: 0.29692487533
VOM19980326.0900.2164: 0.29692487533
VOM19980404.0700.0406: 0.293235845603
VOM19980317.0900.2819: 0.292166401868
VOM19980403.0900.3074: 0.279583655681
VOM19980319.0900.0364: 0.278916699411
VOM19980222.0700.0448: 0.278759764617
VOM19980505.0700.0384: 0.276085385193
VOM19980325.0900.0905: 0.27363269446
VOM19980326.0900.1939: 0.266761825031
VOM19980220.0900.0330: 0.263254944303
VOM19980316.0900.2774: 0.261948946824
VOM19980302.0700.3552: 0.261737890424
