VOM19980302.0700.3507: 0.224456351723
VOM19980529.0700.0486: 0.218867349679
VOM19980529.0730.0174: 0.218867349679
VOM19980225.0700.0302: 0.210544542387
VOM19980430.0900.0192: 0.210413659039
VOM19980505.0700.0438: 0.208837504569
VOM19980614.0700.0043: 0.207393427663
VOM19980223.0700.0882: 0.207211619321
VOM19980314.0700.2134: 0.204464699238
VOM19980311.0700.0234: 0.204313411981
VOM19980220.0900.3360: 0.204276193033
VOM19980224.0700.0435: 0.204276193033
VOM19980326.0900.2483: 0.20203050891
