VOM19980220.0700.2814: 0.245229595908
VOM19980625.0730.0035: 0.227510994122
VOM19980625.0700.0151: 0.225903122425
VOM19980530.0700.0512: 0.212948795298
VOM19980221.0700.3085: 0.211502670833
VOM19980303.0700.0628: 0.207440512939
VOM19980224.0900.3022: 0.204245683882
VOM19980317.0700.0255: 0.201331744002
VOM19980611.0700.0254: 0.19700960735
VOM19980626.0700.0131: 0.196437497761
VOM19980427.0900.0010: 0.191127393027
VOM19980223.0900.0441: 0.189710403932
VOM19980326.0700.1085: 0.188810611734
