VOM19980612.0700.0225: 0.278099229209
VOM19980613.0700.0112: 0.266335404909
VOM19980303.0700.0324: 0.262244027243
VOM19980222.0700.0448: 0.257417988314
VOM19980630.0730.0136: 0.255650258377
VOM19980623.0700.0472: 0.253916687539
VOM19980315.0700.1964: 0.253628636751
VOM19980319.0700.0352: 0.251661147842
VOM19980312.0900.2408: 0.250977930529
VOM19980504.0700.0222: 0.250313087161
VOM19980319.0700.0452: 0.248107642522
VOM19980625.0730.0124: 0.24585377554
VOM19980520.0900.0042: 0.2438661737
