VOM19980220.0700.2814: 0.292243536344
VOM19980223.0700.1511: 0.231445491217
VOM19980303.0900.3207: 0.229023158541
VOM19980602.0900.0084: 0.225423772346
VOM19980314.0700.3062: 0.223504074756
VOM19980403.0700.2289: 0.221717923648
VOM19980326.0700.1085: 0.220125253074
VOM19980221.0700.3085: 0.218459374249
VOM19980305.0900.2335: 0.215838054202
VOM19980530.0700.0199: 0.215339490076
VOM19980312.0900.2127: 0.214078953525
VOM19980510.0700.0480: 0.213033250525
VOM19980619.0700.0501: 0.20883225733
