VOM19980620.0730.0003: 0.314957019351
VOM19980620.0700.0040: 0.292603734832
VOM19980326.0700.0480: 0.288175628045
VOM19980222.0700.0448: 0.287899429031
VOM19980404.0700.1788: 0.279061382814
VOM19980511.0900.0039: 0.276686844637
VOM19980404.0700.1061: 0.273794180558
VOM19980223.0700.0562: 0.27362978896
VOM19980220.0900.2583: 0.271860438959
VOM19980225.0900.2949: 0.268447406594
VOM19980228.0700.0268: 0.268350497501
VOM19980223.0700.2728: 0.264258734557
VOM19980404.0700.0676: 0.256581364903
