VOM19980326.0700.0115: 0.32666594484
VOM19980303.0700.0783: 0.31532969087
VOM19980222.0700.0758: 0.303918778479
VOM19980403.0700.2182: 0.294049550637
VOM19980223.0700.1993: 0.289783994394
VOM19980304.0700.0774: 0.288326735754
VOM19980403.0900.2349: 0.282668487057
VOM19980502.0700.0348: 0.282577702108
VOM19980326.0700.0717: 0.281623794812
VOM19980404.0700.0676: 0.280886477887
VOM19980223.0900.0477: 0.279839084136
VOM19980314.0700.0818: 0.279136556641
VOM19980302.0700.1233: 0.278975868564
