VOM19980226.0900.2027: 0.297670456478
VOM19980325.0900.0905: 0.293521477245
VOM19980404.0700.0406: 0.289585224887
VOM19980326.0700.2359: 0.285139270945
VOM19980326.0900.2164: 0.285139270945
VOM19980222.0700.0448: 0.284315243688
VOM19980319.0900.0364: 0.279243576311
VOM19980222.0700.2148: 0.268451961709
VOM19980319.0700.0722: 0.265844464194
VOM19980317.0900.2819: 0.26489955716
VOM19980302.0900.2091: 0.262536426458
VOM19980326.0900.1939: 0.257889356632
VOM19980316.0900.2774: 0.255771588214
