VOM19980326.0700.2359: 0.333377013854
VOM19980326.0900.2164: 0.330261340828
VOM19980404.0700.0406: 0.311115202068
VOM19980325.0900.0905: 0.298241075306
VOM19980221.0700.2690: 0.294549287117
VOM19980220.0700.2208: 0.293923631446
VOM19980326.0900.1939: 0.293912644727
VOM19980327.0900.1545: 0.290048836293
VOM19980316.0900.2774: 0.288609915364
VOM19980314.0700.0818: 0.285570718529
VOM19980306.0700.1638: 0.284514868746
VOM19980302.0700.1749: 0.284053107159
VOM19980317.0900.2819: 0.283581108974
