VOM19980223.0700.0240: 0.29801978034
VOM19980502.0700.0095: 0.282726388097
VOM19980225.0900.0178: 0.280446099755
VOM19980303.0700.0783: 0.279553072341
VOM19980225.0700.0187: 0.278099229209
VOM19980303.0700.0179: 0.2759030802
VOM19980223.0700.0882: 0.274367416821
VOM19980304.0700.0871: 0.266690373531
VOM19980304.0700.0774: 0.266155709803
VOM19980223.0900.0199: 0.265207330648
VOM19980223.0900.3403: 0.265207330648
VOM19980224.0900.3361: 0.26381855523
VOM19980224.0900.0173: 0.257561098185
