VOM19980326.0700.2359: 0.305752904919
VOM19980326.0900.2164: 0.305752904919
VOM19980316.0900.2774: 0.301302067157
VOM19980404.0700.0406: 0.296243477079
VOM19980317.0900.2819: 0.296052109757
VOM19980404.0700.0676: 0.284197432078
VOM19980325.0900.3063: 0.279315499009
VOM19980403.0700.1169: 0.278676705554
VOM19980226.0900.3196: 0.277527653846
VOM19980222.0700.0448: 0.276835346905
VOM19980319.0700.3392: 0.274465865431
VOM19980221.0700.2690: 0.273711135496
VOM19980403.0900.0619: 0.270715910119
