VOM19980509.0700.0089: 0.376363286761
VOM19980506.0900.0006: 0.372011904571
VOM19980504.0700.0025: 0.363748181029
VOM19980508.0700.0362: 0.359328746008
VOM19980509.0730.0027: 0.348011136535
VOM19980506.0700.0042: 0.344999253676
VOM19980507.0700.0242: 0.34296922868
VOM19980510.0700.0040: 0.336431555126
VOM19980605.0700.0290: 0.324918216644
VOM19980507.0900.0040: 0.307933598259
VOM19980507.0730.0066: 0.306583309914
VOM19980511.0700.0278: 0.302912978265
VOM19980515.0900.0229: 0.300715991472
