VOM19980302.0700.1749: 0.252024324545
VOM19980326.0700.2112: 0.235779781286
VOM19980222.0700.0448: 0.235392939711
VOM19980225.0900.0714: 0.234534740503
VOM19980316.0900.0805: 0.233975480654
VOM19980314.0700.0818: 0.233408266534
VOM19980225.0900.1428: 0.23268787336
VOM19980220.0700.2814: 0.229162737298
VOM19980303.0700.1180: 0.227938822648
VOM19980319.0700.0722: 0.225279272794
VOM19980613.0700.0112: 0.224812956443
VOM19980403.0700.0259: 0.223760321144
VOM19980225.0900.2949: 0.222796835148
