VOM19980623.0900.0051: 0.265057212823
VOM19980220.0900.2583: 0.264867599292
VOM19980430.0900.0001: 0.26352949282
VOM19980627.0730.0001: 0.263436814957
VOM19980404.0700.0676: 0.260313207887
VOM19980225.0900.0714: 0.260185897398
VOM19980603.0730.0115: 0.255651558188
VOM19980326.0700.0452: 0.25213645283
VOM19980306.0700.0671: 0.249319197336
VOM19980326.0900.0118: 0.249319197336
VOM19980403.0700.0727: 0.246297034771
VOM19980222.0700.0448: 0.244203698827
VOM19980223.0700.0562: 0.238926288573
