VOM19980220.0700.2814: 0.275132885609
VOM19980220.0900.3559: 0.248979039259
VOM19980606.0700.0562: 0.246781078896
VOM19980223.0900.3535: 0.239956909567
VOM19980223.0700.1511: 0.230901733845
VOM19980612.0700.0038: 0.227149843929
VOM19980220.0700.0707: 0.226491406417
VOM19980403.0900.1941: 0.224256097189
VOM19980530.0700.0512: 0.223872920653
VOM19980614.0700.0540: 0.223374237315
VOM19980316.0900.1667: 0.22316153366
VOM19980403.0700.2289: 0.217704435665
VOM19980221.0700.3085: 0.214029251236
