VOM19980515.0900.0007: 0.232008084334
VOM19980515.0730.0053: 0.230496614926
VOM19980621.0700.0250: 0.228924479059
VOM19980414.0900.0260: 0.226576473615
VOM19980220.0900.1880: 0.218691762434
VOM19980326.0700.0657: 0.214153218714
VOM19980515.0700.0102: 0.213756168577
VOM19980526.0730.0229: 0.207695100814
VOM19980508.0730.0044: 0.207173872418
VOM19980623.0700.0558: 0.205971460218
VOM19980227.0900.0325: 0.205688337802
VOM19980227.0900.2130: 0.205688337802
VOM19980312.0900.0439: 0.203772769337
