VOM19980319.0900.0364: 0.284811934489
VOM19980319.0700.0722: 0.28249591479
VOM19980325.0900.3063: 0.268028133709
VOM19980317.0900.2819: 0.257703781162
VOM19980222.0700.2148: 0.251705943251
VOM19980325.0900.0905: 0.251537505623
VOM19980226.0900.2027: 0.249520613173
VOM19980305.0700.0436: 0.249110518899
VOM19980316.0900.2774: 0.248823765895
VOM19980225.0900.2949: 0.248104814262
VOM19980505.0700.0384: 0.246357831988
VOM19980223.0700.2728: 0.245560910571
VOM19980225.0900.0332: 0.244479273033
