VOM19980303.0900.2177: 0.234491243956
VOM19980223.0700.1511: 0.228961828219
VOM19980404.0700.0676: 0.217734095821
VOM19980227.0900.0753: 0.216817900848
VOM19980220.0900.2343: 0.216015462
VOM19980503.0700.0300: 0.215469208117
VOM19980304.0900.1823: 0.214722338318
VOM19980226.0900.0622: 0.214515675769
VOM19980404.0700.2088: 0.214168281735
VOM19980630.0700.0507: 0.21297062702
VOM19980223.0700.1730: 0.212493877157
VOM19980316.0700.0601: 0.211782880418
VOM19980223.0900.3535: 0.21150304665
