VOM19980327.0900.1545: 0.299430874517
VOM19980325.0900.0905: 0.289770249902
VOM19980326.0900.1939: 0.285981751595
VOM19980325.0900.3063: 0.278886675511
VOM19980304.0900.0509: 0.2768465115
VOM19980220.0700.2208: 0.274276436063
VOM19980316.0900.2774: 0.273841072807
VOM19980225.0900.0714: 0.273151029803
VOM19980317.0900.1247: 0.272614645313
VOM19980227.0900.0912: 0.263868659804
VOM19980404.0700.0406: 0.262882117845
VOM19980303.0700.2491: 0.262806887881
VOM19980319.0700.0722: 0.262446951233
