VOM19980220.0900.1815: 0.338593173737
VOM19980221.0700.0119: 0.337831962346
VOM19980220.0900.3360: 0.33586083137
VOM19980220.0900.0190: 0.335120331434
VOM19980223.0700.0240: 0.313688217214
VOM19980223.0900.3362: 0.306569669742
VOM19980222.0700.0151: 0.300896738297
VOM19980224.0700.0173: 0.293277862721
VOM19980303.0700.0179: 0.291197882235
VOM19980222.0700.1842: 0.288846913922
VOM19980223.0900.0477: 0.282293738311
VOM19980223.0700.0882: 0.280565858875
VOM19980224.0900.3400: 0.279542623126
