VOM19980501.0700.0297: 0.305636402699
VOM19980326.0900.0118: 0.292166993393
VOM19980503.0730.0027: 0.282851763876
VOM19980326.0700.0452: 0.282038037409
VOM19980223.0700.0882: 0.278973777697
VOM19980503.0700.0096: 0.272327482079
VOM19980510.0730.0001: 0.264525131081
VOM19980223.0700.0240: 0.259850575194
VOM19980502.0730.0115: 0.252262489555
VOM19980502.0700.0197: 0.252262489555
VOM19980603.0730.0115: 0.252178138612
VOM19980530.0700.0199: 0.250576991385
VOM19980605.0900.0123: 0.249493729522
