VOM19980501.0700.0297: 0.32784817481
VOM19980508.0700.0421: 0.283953818415
VOM19980220.0700.3434: 0.281593617227
VOM19980616.0900.0202: 0.281388989672
VOM19980616.0730.0217: 0.281388989672
VOM19980220.0900.1815: 0.276433345315
VOM19980220.0900.0190: 0.273598056567
VOM19980221.0700.0119: 0.273269834151
VOM19980228.0700.0156: 0.270963531224
VOM19980228.0700.1784: 0.270963531224
VOM19980222.0700.1842: 0.270707300877
VOM19980630.0730.0043: 0.268863837523
VOM19980223.0900.0629: 0.267849421976
