VOM19980520.0700.0074: 0.329292779969
VOM19980319.0900.2169: 0.301658674831
VOM19980529.0700.0168: 0.286143010174
VOM19980603.0700.0103: 0.285953785306
VOM19980529.0700.0100: 0.281296703525
VOM19980531.0700.0120: 0.281098430009
VOM19980612.0700.0080: 0.2777318603
VOM19980520.0900.0081: 0.257421765668
VOM19980530.0700.0037: 0.253167033173
VOM19980520.0730.0039: 0.252865268167
VOM19980607.0700.0045: 0.251831050057
VOM19980527.0700.0094: 0.249602353812
VOM19980612.0900.0038: 0.24864125773
