VOM19980224.0900.3022: 0.359663843601
VOM19980325.0900.0905: 0.24687183766
VOM19980302.0700.1749: 0.245218111227
VOM19980220.0700.2814: 0.243324723053
VOM19980221.0700.3085: 0.242629327396
VOM19980303.0900.2177: 0.24127004876
VOM19980226.0900.2027: 0.236487766013
VOM19980222.0700.0448: 0.235957290352
VOM19980224.0900.0912: 0.23334843013
VOM19980501.0700.0090: 0.232302626615
VOM19980316.0900.0475: 0.23198762524
VOM19980314.0700.1606: 0.230005994747
VOM19980223.0900.0886: 0.229958592785
