VOM19980603.0700.0103: 0.324694250933
VOM19980625.0700.0404: 0.320949845067
VOM19980531.0700.0120: 0.320857472824
VOM19980626.0730.0153: 0.311936174226
VOM19980603.0730.0115: 0.309043445687
VOM19980612.0700.0080: 0.307408222776
VOM19980606.0730.0028: 0.305903523468
VOM19980529.0700.0168: 0.303947233451
VOM19980626.0900.0156: 0.303452841422
VOM19980529.0700.0100: 0.281515889032
VOM19980520.0700.0074: 0.280261922351
VOM19980611.0700.0046: 0.278968416515
VOM19980619.0700.0149: 0.278567997442
