VOM19980404.0700.1295: 0.292755511249
VOM19980223.0700.2728: 0.28891881031
VOM19980319.0700.0722: 0.27697942447
VOM19980223.0700.0562: 0.276080682892
VOM19980220.0900.2583: 0.270963960767
VOM19980222.0700.2530: 0.262765753898
VOM19980327.0900.2652: 0.262665942056
VOM19980317.0900.2819: 0.262389555419
VOM19980317.0700.0924: 0.261385927758
VOM19980319.0900.0364: 0.259767644347
VOM19980222.0700.1016: 0.258082538421
VOM19980222.0700.2148: 0.257073655933
VOM19980602.0700.0245: 0.255133138051
