VOM19980319.0900.3353: 0.313625024094
VOM19980326.0700.0115: 0.292988100143
VOM19980403.0700.0372: 0.263863440324
VOM19980305.0700.0395: 0.256073759866
VOM19980306.0700.0425: 0.252259313305
VOM19980222.0700.1842: 0.24794235184
VOM19980311.0700.0279: 0.246454471742
VOM19980327.0900.1850: 0.241966959248
VOM19980223.0900.3362: 0.237424586516
VOM19980327.0900.3348: 0.233365747494
VOM19980306.0700.0354: 0.233358904626
VOM19980224.0700.1530: 0.233010469247
VOM19980220.0900.3360: 0.229508196721
