VOM19980618.0700.0114: 0.287417284888
VOM19980325.0900.3063: 0.270404784132
VOM19980526.0730.0266: 0.264906471413
VOM19980325.0900.2134: 0.262726134159
VOM19980317.0900.2819: 0.26157418189
VOM19980220.0700.0620: 0.261278115942
VOM19980403.0900.3074: 0.260004498387
VOM19980403.0900.3340: 0.256369438178
VOM19980325.0900.0905: 0.255315296313
VOM19980625.0700.0205: 0.255221654169
VOM19980306.0700.0593: 0.253784908261
VOM19980326.0700.2359: 0.250838617231
VOM19980326.0900.2164: 0.250838617231
