VOM19980222.0700.0448: 0.311955167085
VOM19980226.0900.2027: 0.292937715317
VOM19980404.0700.0676: 0.292351232086
VOM19980403.0700.0727: 0.292248429362
VOM19980325.0900.0905: 0.2888547018
VOM19980326.0700.2359: 0.286576101867
VOM19980326.0900.2164: 0.286576101867
VOM19980317.0900.2819: 0.286389468111
VOM19980326.0900.1939: 0.28160161041
VOM19980226.0900.3196: 0.278959274655
VOM19980403.0900.0619: 0.274263478793
VOM19980306.0700.1456: 0.27388901776
VOM19980221.0700.2690: 0.272907907287
