VOM19980220.0700.2814: 0.338747242086
VOM19980220.0700.0707: 0.321996522456
VOM19980220.0900.3559: 0.274844625826
VOM19980303.0700.0628: 0.225105542966
VOM19980315.0700.3470: 0.223594548567
VOM19980221.0700.3085: 0.223138243996
VOM19980611.0700.0254: 0.21378637183
VOM19980530.0700.0512: 0.209151416187
VOM19980316.0900.1667: 0.205465260845
VOM19980325.0900.0356: 0.204821826435
VOM19980303.0900.3207: 0.202260437078
VOM19980530.0730.0266: 0.201909351173
VOM19980403.0700.2289: 0.20044090004
