VOM19980325.0900.0905: 0.349123598493
VOM19980326.0700.2359: 0.317505442565
VOM19980326.0900.2164: 0.317505442565
VOM19980404.0700.0406: 0.304850697511
VOM19980403.0700.1459: 0.28947579974
VOM19980505.0700.0384: 0.284648846507
VOM19980317.0900.2819: 0.284015589112
VOM19980325.0900.3063: 0.283645440436
VOM19980327.0900.1545: 0.281975677476
VOM19980226.0900.2027: 0.281871834465
VOM19980222.0700.0448: 0.275980604846
VOM19980305.0900.2335: 0.272990075626
VOM19980319.0900.0364: 0.266899032215
