VOM19980504.0700.0025: 0.376341748567
VOM19980507.0900.0040: 0.358714113693
VOM19980508.0700.0362: 0.343171666477
VOM19980507.0730.0066: 0.341597560182
VOM19980501.0900.0148: 0.338524783382
VOM19980507.0700.0242: 0.336167426178
VOM19980501.0730.0112: 0.335988981509
VOM19980506.0700.0042: 0.334507240862
VOM19980510.0700.0040: 0.334156200579
VOM19980501.0700.0297: 0.326726938218
VOM19980505.0700.0033: 0.326207206856
VOM19980616.0730.0217: 0.322654196765
VOM19980605.0700.0290: 0.313756264432
