VOM19980403.0900.0619: 0.30006881065
VOM19980326.0900.1939: 0.290151857257
VOM19980325.0900.0905: 0.281440947638
VOM19980316.0900.2774: 0.278968163422
VOM19980326.0700.2359: 0.277613473571
VOM19980326.0900.2164: 0.277613473571
VOM19980404.0700.1061: 0.274777562484
VOM19980327.0900.1545: 0.274065881903
VOM19980404.0700.0676: 0.273383275907
VOM19980404.0700.0406: 0.273383275907
VOM19980222.0700.0448: 0.272242545945
VOM19980226.0900.2027: 0.271272176546
VOM19980403.0700.1459: 0.270784869448
