VOM19980220.0700.0707: 0.305517155851
VOM19980220.0700.2814: 0.269033896478
VOM19980611.0700.0254: 0.258413727302
VOM19980317.0900.3350: 0.244434915004
VOM19980317.0900.2028: 0.244434915004
VOM19980605.0700.0406: 0.240149472856
VOM19980530.0700.0512: 0.239505382027
VOM19980325.0900.0356: 0.234547442624
VOM19980223.0900.3535: 0.23385815426
VOM19980614.0700.0540: 0.228581795328
VOM19980221.0700.3085: 0.226319579754
VOM19980527.0700.0388: 0.222036170171
VOM19980225.0900.0714: 0.217867313189
