VOM19980623.0900.0051: 0.351338160378
VOM19980317.0700.0723: 0.322720830939
VOM19980222.0700.0448: 0.319888254479
VOM19980317.0900.0152: 0.317127570668
VOM19980317.0900.1955: 0.317127570668
VOM19980317.0700.0156: 0.316183976255
VOM19980627.0730.0001: 0.314271264161
VOM19980403.0700.0727: 0.313412354768
VOM19980626.0700.0131: 0.312561109123
VOM19980430.0900.0001: 0.303902431544
VOM19980422.0900.0021: 0.301319237935
VOM19980220.0900.2583: 0.300477327271
VOM19980511.0900.0039: 0.298821792208
