VOM19980221.0700.0119: 0.312771621086
VOM19980220.0900.3360: 0.307288511839
VOM19980223.0900.3362: 0.291397118554
VOM19980223.0900.0629: 0.279517586747
VOM19980501.0700.0297: 0.278749259058
VOM19980220.0900.1815: 0.275567596063
VOM19980220.0900.0190: 0.272741187029
VOM19980326.0700.0452: 0.27136021012
VOM19980222.0700.1842: 0.271108834235
VOM19980326.0900.0118: 0.2683281573
VOM19980403.0700.2182: 0.266206952825
VOM19980508.0700.0421: 0.2625
VOM19980611.0900.0142: 0.2625
