VOM19980326.0700.0115: 0.296121432268
VOM19980223.0900.3362: 0.282079778154
VOM19980223.0700.0882: 0.277873285133
VOM19980501.0700.0297: 0.275890350618
VOM19980221.0700.0119: 0.2682886028
VOM19980223.0700.0240: 0.266668717184
VOM19980618.0730.0152: 0.265148471683
VOM19980224.0700.1530: 0.263479350615
VOM19980222.0700.0758: 0.263100962496
VOM19980220.0900.3360: 0.261313025364
VOM19980224.0700.0173: 0.257944631793
VOM19980220.0700.0772: 0.257820368173
VOM19980304.0700.0871: 0.252672457799
