VOM19980403.0700.0129: 0.393999633637
VOM19980403.0900.2034: 0.383766450401
VOM19980403.0900.0124: 0.373799448097
VOM19980403.0900.3300: 0.372833105943
VOM19980404.0700.0676: 0.37069974461
VOM19980404.0700.1061: 0.353844996584
VOM19980223.0700.2728: 0.320043936839
VOM19980225.0900.2949: 0.307419197442
VOM19980222.0700.0448: 0.304788738085
VOM19980225.0900.0714: 0.303590396145
VOM19980403.0900.0431: 0.300060018006
VOM19980312.0900.2408: 0.287141576715
VOM19980305.0700.0436: 0.278794496803
