VOM19980222.0700.0448: 0.336028543064
VOM19980404.0700.0406: 0.323029141235
VOM19980403.0900.3074: 0.299798644182
VOM19980326.0700.2359: 0.297888252463
VOM19980326.0900.2164: 0.297888252463
VOM19980223.0700.2728: 0.294272119302
VOM19980319.0700.2536: 0.276658372497
VOM19980303.0700.0696: 0.276242505712
VOM19980220.0700.2208: 0.276043997365
VOM19980316.0900.2774: 0.274690194451
VOM19980317.0900.2819: 0.271561815059
VOM19980302.0700.2840: 0.26777980723
VOM19980312.0900.2408: 0.267005643326
