VOM19980224.0700.1530: 0.279608821284
VOM19980304.0700.0774: 0.277160032464
VOM19980223.0700.0240: 0.27645366779
VOM19980223.0900.3362: 0.276184088333
VOM19980220.0700.0772: 0.275380057258
VOM19980223.0700.0882: 0.273820775716
VOM19980317.0700.0156: 0.271739130435
VOM19980221.0700.0119: 0.271739130435
VOM19980223.0700.1295: 0.269564568074
VOM19980220.0900.3360: 0.266975349969
VOM19980501.0700.0297: 0.257083554556
VOM19980220.0900.1815: 0.255376959228
VOM19980312.0900.3403: 0.253626582471
