VOM19980625.0730.0124: 0.325515383508
VOM19980625.0700.0205: 0.323899912576
VOM19980326.0700.0480: 0.293845200023
VOM19980504.0700.0222: 0.293617054096
VOM19980506.0700.0472: 0.286054829684
VOM19980404.0700.1788: 0.284551640983
VOM19980312.0900.1968: 0.280078872791
VOM19980303.0700.1291: 0.279638606204
VOM19980627.0700.0466: 0.274653604835
VOM19980403.0700.0259: 0.272986272521
VOM19980624.0700.0546: 0.269903097647
VOM19980520.0900.0248: 0.266572042499
VOM19980222.0700.0448: 0.260945392947
