VOM19980316.0900.0805: 0.21363390759
VOM19980505.0700.0384: 0.21310917854
VOM19980609.0900.0043: 0.195622106303
VOM19980603.0700.0226: 0.195217202361
VOM19980609.0700.0178: 0.19398507245
VOM19980609.0730.0080: 0.19398507245
VOM19980220.0700.2814: 0.193582195437
VOM19980220.0700.3153: 0.191604797367
VOM19980223.0900.3535: 0.191532719421
VOM19980220.0900.3559: 0.190940653956
VOM19980510.0700.0214: 0.189524510895
VOM19980223.0900.0886: 0.189405489524
VOM19980223.0700.0562: 0.189403602104
