VOM19980613.0730.0072: 0.281211586156
VOM19980613.0700.0179: 0.275506106026
VOM19980611.0700.0350: 0.257221610508
VOM19980614.0700.0111: 0.247754660081
VOM19980614.0730.0034: 0.233249052478
VOM19980428.0900.0156: 0.232845157712
VOM19980326.0700.0115: 0.23024345418
VOM19980527.0700.0426: 0.228641431563
VOM19980311.0700.0279: 0.223710391361
VOM19980603.0700.0103: 0.214300900545
VOM19980624.0900.0040: 0.213101897942
VOM19980326.0900.0118: 0.212714967259
VOM19980224.0700.1724: 0.212607819554
