VOM19980602.0900.0005: 0.299572344758
VOM19980507.0730.0066: 0.297350516725
VOM19980612.0900.0038: 0.296780370103
VOM19980603.0730.0115: 0.294871794872
VOM19980603.0700.0103: 0.294750450473
VOM19980614.0730.0072: 0.289946437343
VOM19980507.0900.0040: 0.287598654272
VOM19980630.0730.0091: 0.286251287038
VOM19980605.0900.0007: 0.283069258536
VOM19980605.0730.0003: 0.283069258536
VOM19980625.0700.0404: 0.280078836607
VOM19980607.0700.0045: 0.278806014143
VOM19980603.0730.0070: 0.278747336669
