VOM19980224.0900.3361: 0.313876225595
VOM19980303.0700.0179: 0.306917211487
VOM19980224.0900.0173: 0.306431461153
VOM19980224.0900.2029: 0.286427901797
VOM19980502.0730.0193: 0.278503325948
VOM19980428.0900.0156: 0.277350098113
VOM19980223.0900.0154: 0.271791416109
VOM19980223.0900.1740: 0.269659685815
VOM19980223.0700.0197: 0.269659685815
VOM19980223.0700.0240: 0.268682907547
VOM19980224.0900.3400: 0.266469355011
VOM19980502.0700.0348: 0.263117405792
VOM19980304.0700.0774: 0.26068008117
