VOM19980220.0700.2814: 0.28526936312
VOM19980221.0700.3085: 0.252338309401
VOM19980303.0900.2177: 0.229569349917
VOM19980220.0700.0707: 0.224677974169
VOM19980224.0900.3022: 0.223573727159
VOM19980316.0900.1667: 0.218830224963
VOM19980326.0700.1085: 0.217276885894
VOM19980403.0700.2289: 0.213479042963
VOM19980222.0700.2530: 0.211663492571
VOM19980226.0900.2338: 0.20935894734
VOM19980223.0900.3535: 0.206375748147
VOM19980222.0700.1016: 0.205895417225
VOM19980521.0700.0180: 0.20483547667
