VOM19980223.0700.0240: 0.30709613432
VOM19980221.0700.0119: 0.297215046707
VOM19980303.0700.0179: 0.295240698783
VOM19980223.0900.3362: 0.294996802252
VOM19980224.0700.1530: 0.290121821528
VOM19980220.0900.3360: 0.285160796179
VOM19980220.0900.1815: 0.281864774888
VOM19980223.0900.0629: 0.281144904082
VOM19980220.0900.0190: 0.278973777697
VOM19980303.0700.0783: 0.278570298012
VOM19980223.0900.0199: 0.27628748856
VOM19980223.0900.3403: 0.27628748856
VOM19980501.0700.0297: 0.267431852362
