VOM19980503.0700.0096: 0.277171054568
VOM19980303.0700.0179: 0.274774035193
VOM19980220.0900.3360: 0.272975545216
VOM19980630.0730.0043: 0.271179671892
VOM19980223.0700.0240: 0.270103912851
VOM19980220.0900.1815: 0.268369719598
VOM19980221.0700.0119: 0.266732534685
VOM19980501.0700.0297: 0.266671020515
VOM19980220.0900.0190: 0.26561713689
VOM19980630.0700.0071: 0.262431940541
VOM19980302.0900.0871: 0.258543844998
VOM19980303.0700.0783: 0.257575757576
VOM19980502.0700.0095: 0.254256690465
