VOM19980511.0730.0066: 0.246270451488
VOM19980223.0700.0562: 0.244338888713
VOM19980225.0900.2949: 0.244338888713
VOM19980511.0900.0039: 0.23718595165
VOM19980302.0700.0653: 0.228794582208
VOM19980302.0700.3389: 0.226544334932
VOM19980302.0700.2066: 0.226544334932
VOM19980302.0700.0209: 0.2245828752
VOM19980630.0730.0091: 0.220612091698
VOM19980220.0900.2583: 0.219030622622
VOM19980302.0700.3552: 0.218543345883
VOM19980621.0700.0052: 0.217217489283
VOM19980317.0900.2819: 0.215634593332
