VOM19980619.0700.0149: 0.253129635569
VOM19980529.0700.0168: 0.25182146332
VOM19980509.0700.0043: 0.242642696909
VOM19980620.0700.0175: 0.242642696909
VOM19980430.0900.0149: 0.240750169278
VOM19980611.0700.0383: 0.24070532551
VOM19980625.0700.0404: 0.238656732294
VOM19980603.0700.0103: 0.233922128589
VOM19980527.0700.0094: 0.232625213941
VOM19980515.0730.0097: 0.230556167082
VOM19980316.0900.1667: 0.230483009483
VOM19980520.0700.0074: 0.224887506513
VOM19980317.0700.0156: 0.224846875207
