VOM19980625.0700.0404: 0.322096393306
VOM19980520.0700.0129: 0.310382956391
VOM19980612.0700.0080: 0.304774463269
VOM19980520.0900.0115: 0.29950419043
VOM19980319.0900.2169: 0.297927917061
VOM19980520.0730.0078: 0.28798479849
VOM19980606.0700.0150: 0.282028648295
VOM19980303.0700.0179: 0.279185440913
VOM19980529.0700.0168: 0.267410371004
VOM19980404.0700.1788: 0.263557972657
VOM19980611.0700.0046: 0.260773843353
VOM19980606.0730.0028: 0.255957230276
VOM19980319.0700.0177: 0.254044107215
