VOM19980304.0700.0774: 0.285830975238
VOM19980226.0900.1725: 0.267261241912
VOM19980223.0700.0240: 0.259850575194
VOM19980317.0700.3608: 0.257349548993
VOM19980326.0700.0115: 0.254823595719
VOM19980502.0730.0193: 0.253024038426
VOM19980221.0700.0119: 0.250775195659
VOM19980223.0900.0477: 0.249675113573
VOM19980226.0900.0170: 0.248909552211
VOM19980224.0900.2029: 0.248909552211
VOM19980223.0900.3362: 0.247797313892
VOM19980220.0700.3434: 0.247062283066
VOM19980303.0700.0179: 0.246033915653
