VOM19980223.0900.0477: 0.303747312954
VOM19980223.0900.0629: 0.301547041179
VOM19980303.0700.0179: 0.301455522352
VOM19980303.0700.0783: 0.297087955511
VOM19980223.0900.3362: 0.295310534933
VOM19980223.0900.1740: 0.287402368395
VOM19980501.0700.0297: 0.283850955262
VOM19980225.0900.0178: 0.281191428363
VOM19980223.0900.0154: 0.280896348347
VOM19980225.0700.0187: 0.278838320647
VOM19980220.0900.3360: 0.276543316018
VOM19980220.0700.0772: 0.276047646255
VOM19980304.0700.0774: 0.274638466023
