VOM19980223.0700.1511: 0.201502720305
VOM19980521.0900.0142: 0.189953873945
VOM19980319.0900.0162: 0.188545049501
VOM19980314.0700.3062: 0.186121982331
VOM19980503.0730.0235: 0.18200245705
VOM19980319.0900.1922: 0.181479891973
VOM19980618.0730.0044: 0.177685578898
VOM19980618.0700.0076: 0.177685578898
VOM19980228.0700.0268: 0.176207606757
VOM19980623.0730.0228: 0.174831650414
VOM19980603.0730.0280: 0.174427473251
VOM19980326.0900.2611: 0.173518168077
VOM19980220.0900.3559: 0.172338446116
