VOM19980224.0900.2290: 0.257801354654
VOM19980510.0700.0400: 0.250030523167
VOM19980510.0730.0225: 0.250030523167
VOM19980413.0900.0234: 0.233882138482
VOM19980302.0700.3469: 0.232047740446
VOM19980410.0900.0146: 0.219835755048
VOM19980316.0900.2076: 0.215916758544
VOM19980503.0700.0178: 0.213746685793
VOM19980312.0900.0230: 0.213574425172
VOM19980503.0730.0098: 0.212145564479
VOM19980509.0700.0402: 0.210662522117
VOM19980624.0730.0175: 0.20992331126
VOM19980528.0900.0044: 0.208066316661
