VOM19980223.0700.0562: 0.304572451937
VOM19980403.0900.2034: 0.301511344578
VOM19980403.0900.3300: 0.290887236941
VOM19980314.0700.1946: 0.279946255478
VOM19980314.0700.0275: 0.279946255478
VOM19980224.0700.0588: 0.279886686107
VOM19980403.0700.0129: 0.274874685708
VOM19980403.0900.0124: 0.274485820678
VOM19980305.0700.0495: 0.271190768823
VOM19980611.0900.0142: 0.266500895445
VOM19980506.0700.0208: 0.265948942704
VOM19980625.0700.0404: 0.263685506285
VOM19980404.0700.1061: 0.258145778795
