VOM19980509.0700.0089: 0.381661266807
VOM19980508.0700.0362: 0.380875031308
VOM19980507.0700.0242: 0.373101253622
VOM19980510.0700.0040: 0.364246398193
VOM19980506.0700.0042: 0.358969618139
VOM19980605.0730.0230: 0.356652077276
VOM19980509.0730.0027: 0.354341693446
VOM19980501.0700.0297: 0.350620345155
VOM19980605.0700.0290: 0.346451164078
VOM19980504.0700.0025: 0.341745891325
VOM19980507.0900.0040: 0.3367599413
VOM19980506.0900.0006: 0.330718913883
VOM19980515.0700.0379: 0.329778033132
