VOM19980222.0700.0758: 0.301993019493
VOM19980224.0700.1724: 0.274481468838
VOM19980326.0900.0149: 0.273356175955
VOM19980303.0700.0783: 0.257363812161
VOM19980607.0730.0033: 0.253550804152
VOM19980623.0900.0178: 0.253550804152
VOM19980404.0700.1859: 0.252367721276
VOM19980404.0700.0133: 0.252367721276
VOM19980311.0700.0279: 0.246027710431
VOM19980302.0700.0284: 0.245404019871
VOM19980506.0700.0506: 0.243335439345
VOM19980623.0730.0031: 0.243270071873
VOM19980614.0700.0111: 0.241508060377
