VOM19980326.0900.1939: 0.317599491619
VOM19980226.0900.2027: 0.284394404858
VOM19980404.0700.0676: 0.283069258536
VOM19980222.0700.0448: 0.281888112457
VOM19980327.0900.1545: 0.279540585873
VOM19980316.0900.2774: 0.271345835922
VOM19980404.0700.0406: 0.270937718885
VOM19980325.0900.0905: 0.268406170757
VOM19980225.0900.0714: 0.265905621295
VOM19980304.0900.0903: 0.265753250323
VOM19980220.0900.2583: 0.265197417653
VOM19980326.0700.2359: 0.261652597357
VOM19980326.0900.2164: 0.261652597357
