VOM19980605.0900.0007: 0.337009300787
VOM19980531.0700.0120: 0.332085258533
VOM19980605.0730.0003: 0.324047404603
VOM19980614.0730.0072: 0.318643343123
VOM19980625.0700.0404: 0.310499107316
VOM19980529.0700.0168: 0.305330828735
VOM19980605.0700.0097: 0.300166805684
VOM19980607.0700.0045: 0.297889197466
VOM19980606.0700.0098: 0.293294230043
VOM19980529.0700.0100: 0.288774182508
VOM19980619.0700.0149: 0.28575028575
VOM19980613.0700.0112: 0.284708142174
VOM19980603.0700.0103: 0.281183007342
