VOM19980315.0700.2184: 0.304393862667
VOM19980224.0700.0588: 0.301880131231
VOM19980223.0700.0562: 0.295655130063
VOM19980404.0700.1788: 0.292386841563
VOM19980222.0700.0448: 0.290873809237
VOM19980630.0730.0136: 0.29027187074
VOM19980223.0700.2728: 0.277629736229
VOM19980326.0700.0480: 0.275414869224
VOM19980618.0700.0315: 0.274123350411
VOM19980624.0700.0434: 0.273457055243
VOM19980302.0900.0510: 0.271763806422
VOM19980430.0900.0001: 0.271749943397
VOM19980626.0700.0131: 0.267943265299
