VOM19980222.0700.0448: 0.323597463176
VOM19980319.0700.0722: 0.306852855297
VOM19980226.0900.2027: 0.301921518368
VOM19980325.0900.3063: 0.299960007998
VOM19980317.0900.2819: 0.298265672753
VOM19980325.0900.0905: 0.298186510694
VOM19980227.0900.0912: 0.29538054759
VOM19980404.0700.0406: 0.293309817119
VOM19980404.0700.0676: 0.291041957709
VOM19980312.0900.2408: 0.29022300164
VOM19980314.0700.0818: 0.285740320093
VOM19980316.0900.2774: 0.278170195049
VOM19980222.0700.2148: 0.276150676947
