VOM19980621.0700.0209: 0.300019134484
VOM19980528.0900.0044: 0.289825139685
VOM19980612.0900.0125: 0.276810264695
VOM19980501.0700.0148: 0.273179182354
VOM19980612.0730.0071: 0.268455266808
VOM19980319.0900.3468: 0.265837131287
VOM19980301.0700.0136: 0.26551033051
VOM19980614.0700.0224: 0.259160527674
VOM19980527.0900.0008: 0.257159258129
VOM19980524.0730.0003: 0.254740901056
VOM19980610.0700.0039: 0.252352119151
VOM19980524.0700.0112: 0.249724052768
VOM19980526.0900.0004: 0.249549259131
