VOM19980306.0700.0671: 0.292770021885
VOM19980603.0730.0115: 0.284145571387
VOM19980220.0900.3360: 0.265429409208
VOM19980630.0700.0032: 0.262445329584
VOM19980630.0900.0005: 0.261182264633
VOM19980630.0730.0002: 0.249423297963
VOM19980326.0700.0452: 0.24673188561
VOM19980501.0700.0297: 0.24565184222
VOM19980326.0900.0118: 0.243975018237
VOM19980528.0900.0169: 0.235378270881
VOM19980416.0900.0132: 0.233689394672
VOM19980620.0700.0175: 0.233238592667
VOM19980315.0700.2184: 0.232003887523
