VOM19980326.0700.0115: 0.340278523689
VOM19980403.0700.2182: 0.323883526516
VOM19980327.0900.3348: 0.316791452322
VOM19980311.0700.0279: 0.312255302308
VOM19980403.0700.0372: 0.307919212597
VOM19980327.0900.1850: 0.306569669742
VOM19980327.0900.0179: 0.290784544678
VOM19980305.0700.0395: 0.289681109162
VOM19980326.0700.0717: 0.286692151546
VOM19980306.0700.0354: 0.26087942852
VOM19980222.0700.0758: 0.258530012756
VOM19980326.0700.0452: 0.256785893723
VOM19980326.0900.0118: 0.253916687539
