VOM19980305.0900.2335: 0.300516374063
VOM19980226.0900.2027: 0.294985422324
VOM19980326.0700.2359: 0.290665159681
VOM19980326.0900.2164: 0.290665159681
VOM19980221.0700.2690: 0.285554568697
VOM19980325.0900.0905: 0.282703611873
VOM19980317.0900.2819: 0.279789459927
VOM19980316.0900.2774: 0.277652533876
VOM19980404.0700.0406: 0.277346764638
VOM19980403.0900.0619: 0.27661166249
VOM19980325.0900.3063: 0.275125975664
VOM19980314.0700.0818: 0.274953726422
VOM19980403.0700.1169: 0.270684308582
