VOM19980326.0700.0717: 0.312932410941
VOM19980317.0700.0723: 0.304233975316
VOM19980626.0700.0365: 0.298896122755
VOM19980224.0700.1724: 0.292727353368
VOM19980303.0700.0179: 0.289511730375
VOM19980317.0700.0156: 0.284736798938
VOM19980326.0700.0115: 0.284072851232
VOM19980319.0700.3392: 0.27989525729
VOM19980508.0700.0421: 0.279316987403
VOM19980422.0900.0021: 0.278985888135
VOM19980623.0900.0051: 0.276893214786
VOM19980221.0700.0119: 0.276108411091
VOM19980306.0700.0425: 0.274619945202
