VOM19980220.0900.3559: 0.25434234204
VOM19980220.0700.0707: 0.253280365201
VOM19980223.0900.3535: 0.24804403007
VOM19980407.0900.0140: 0.235973276077
VOM19980627.0700.0572: 0.235571423716
VOM19980220.0700.2814: 0.221204293684
VOM19980427.0900.0010: 0.218089186072
VOM19980505.0700.0384: 0.215989494526
VOM19980325.0900.0356: 0.21108192915
VOM19980312.0900.3403: 0.211046616406
VOM19980312.0900.1827: 0.209337708796
VOM19980302.0700.0449: 0.203738641309
VOM19980515.0900.0164: 0.201911352009
