VOM19980220.0900.3360: 0.312696862768
VOM19980304.0700.0774: 0.293359772118
VOM19980302.0900.1110: 0.290227500991
VOM19980223.0900.3362: 0.290018941944
VOM19980221.0700.0119: 0.289741343708
VOM19980225.0900.0178: 0.285060987859
VOM19980508.0700.0421: 0.28422627336
VOM19980220.0900.1815: 0.283640842721
VOM19980220.0900.0190: 0.280731628968
VOM19980223.0700.0882: 0.280731628968
VOM19980504.0700.0025: 0.279094925861
VOM19980503.0730.0027: 0.278078842415
VOM19980304.0700.0408: 0.277790127103
