VOM19980222.0700.0448: 0.298923067624
VOM19980623.0900.0051: 0.285090984487
VOM19980220.0900.2583: 0.28038940038
VOM19980403.0900.0431: 0.278639801581
VOM19980404.0700.0676: 0.276522515541
VOM19980403.0700.0727: 0.275725629036
VOM19980404.0700.1061: 0.275599110462
VOM19980303.0900.1646: 0.267314285724
VOM19980225.0900.2949: 0.264327440182
VOM19980225.0900.0714: 0.262983356897
VOM19980327.0900.1073: 0.261579554876
VOM19980403.0900.0619: 0.25814864944
VOM19980319.0700.2278: 0.258057913002
