VOM19980326.0700.0115: 0.333985206432
VOM19980222.0700.0151: 0.323405096904
VOM19980311.0700.0279: 0.319231953077
VOM19980403.0700.2182: 0.303247931578
VOM19980302.0900.0724: 0.300014722158
VOM19980225.0700.0187: 0.297802168204
VOM19980224.0700.1724: 0.294994566517
VOM19980223.0900.3362: 0.29422233416
VOM19980404.0700.1859: 0.293109617303
VOM19980404.0700.0133: 0.293109617303
VOM19980303.0700.0179: 0.291004990491
VOM19980614.0700.0111: 0.289262312379
VOM19980611.0700.0350: 0.28919252192
