VOM19980325.0900.0905: 0.311263179013
VOM19980327.0900.1545: 0.306852292207
VOM19980326.0700.2359: 0.305591064121
VOM19980326.0900.2164: 0.305591064121
VOM19980326.0900.1939: 0.295954885896
VOM19980404.0700.0406: 0.292969968014
VOM19980317.0900.2819: 0.28882421916
VOM19980222.0700.0448: 0.284172867211
VOM19980220.0700.2208: 0.276942944003
VOM19980303.0700.1291: 0.271963015545
VOM19980316.0900.2774: 0.271231524167
VOM19980222.0700.2148: 0.267932568497
VOM19980221.0700.2690: 0.267344800221
