VOM19980317.0700.0255: 0.25296972079
VOM19980305.0900.0369: 0.241377095756
VOM19980303.0900.0347: 0.239525252383
VOM19980612.0700.0531: 0.237853153389
VOM19980220.0900.3559: 0.237117902315
VOM19980403.0700.2289: 0.236503447014
VOM19980625.0700.0151: 0.234479178866
VOM19980428.0900.0031: 0.234479178866
VOM19980527.0730.0189: 0.232618102409
VOM19980317.0900.0152: 0.232618102409
VOM19980617.0700.0428: 0.232618102409
VOM19980317.0900.1955: 0.232618102409
VOM19980527.0900.0116: 0.232618102409
