VOM19980403.0700.3400: 0.227542453581
VOM19980303.0700.0783: 0.212121212121
VOM19980223.0900.3362: 0.211793435522
VOM19980520.0700.0074: 0.21061636974
VOM19980523.0730.0220: 0.208917912623
VOM19980617.0700.0361: 0.204731658912
VOM19980526.0900.0223: 0.203858876575
VOM19980304.0700.0871: 0.202361164629
VOM19980223.0900.0154: 0.201455741006
VOM19980223.0900.1740: 0.199875671583
VOM19980223.0700.0197: 0.199875671583
VOM19980319.0900.2169: 0.198970959728
VOM19980523.0700.0428: 0.197385508488
