VOM19980220.0700.0772: 0.290367376154
VOM19980223.0700.0882: 0.287713710287
VOM19980304.0700.0774: 0.281708774839
VOM19980501.0700.0297: 0.281253811661
VOM19980326.0900.0118: 0.279333967981
VOM19980223.0700.0240: 0.278249443502
VOM19980303.0700.0179: 0.27599993928
VOM19980626.0700.0131: 0.275754442828
VOM19980221.0700.0119: 0.273504281659
VOM19980223.0700.1295: 0.270295610435
VOM19980220.0900.3360: 0.268709556836
VOM19980303.0700.0783: 0.266334488375
VOM19980403.0700.2182: 0.266040729298
