VOM19980222.0700.0758: 0.318737206164
VOM19980311.0700.0279: 0.31703756956
VOM19980326.0700.0115: 0.314642654451
VOM19980305.0700.0395: 0.3
VOM19980428.0900.0156: 0.296984848098
VOM19980225.0700.0187: 0.296928723209
VOM19980224.0700.1724: 0.294753172373
VOM19980306.0700.0425: 0.290346474525
VOM19980225.0900.0178: 0.286415604158
VOM19980319.0900.3353: 0.285773803325
VOM19980304.0700.0871: 0.284747398726
VOM19980319.0900.3468: 0.283110429252
VOM19980625.0700.0328: 0.280624304008
