VOM19980404.0700.0676: 0.355023473402
VOM19980403.0700.0129: 0.345733878718
VOM19980403.0900.0431: 0.343451865148
VOM19980403.0900.0124: 0.340507276691
VOM19980222.0700.0448: 0.336792975278
VOM19980403.0900.2034: 0.335410196625
VOM19980403.0700.1169: 0.33533768334
VOM19980404.0700.1061: 0.331839791253
VOM19980403.0900.3300: 0.321630461627
VOM19980312.0900.2408: 0.308829866633
VOM19980326.0700.2359: 0.299170227227
VOM19980326.0900.2164: 0.299170227227
VOM19980613.0700.0112: 0.297683363014
