VOM19980220.0900.3360: 0.30418650723
VOM19980317.0700.0156: 0.290396828603
VOM19980225.0900.0178: 0.287968261247
VOM19980624.0730.0001: 0.286731172182
VOM19980225.0700.0187: 0.285558442637
VOM19980223.0700.0240: 0.282401167602
VOM19980221.0700.0119: 0.281855745408
VOM19980501.0700.0297: 0.281058819497
VOM19980504.0700.0025: 0.279040721515
VOM19980624.0900.0001: 0.278676505
VOM19980304.0700.0774: 0.277865807995
VOM19980222.0700.0448: 0.276763591533
VOM19980220.0900.1815: 0.275921275612
