VOM19980506.0700.0506: 0.276651269699
VOM19980225.0900.0178: 0.252695363605
VOM19980225.0700.0187: 0.250580720875
VOM19980304.0700.0774: 0.247125352815
VOM19980304.0700.0871: 0.245640813337
VOM19980303.0700.0783: 0.245226927932
VOM19980311.0700.0279: 0.244193145253
VOM19980226.0900.2783: 0.244189422768
VOM19980224.0900.0173: 0.242623739708
VOM19980502.0700.0348: 0.241121411085
VOM19980302.0900.0724: 0.240967781626
VOM19980306.0700.0425: 0.234816491534
VOM19980224.0900.3361: 0.234711721203
