VOM19980327.0900.1545: 0.26368374047
VOM19980325.0900.0905: 0.261448053418
VOM19980326.0900.1939: 0.254472698373
VOM19980326.0700.2359: 0.25127984645
VOM19980326.0900.2164: 0.25127984645
VOM19980222.0700.0448: 0.25109626492
VOM19980403.0900.0619: 0.247987296178
VOM19980317.0900.2819: 0.246357029621
VOM19980226.0900.2027: 0.246340741015
VOM19980319.0900.0364: 0.239460862142
VOM19980223.0900.0886: 0.238594874764
VOM19980316.0900.2774: 0.23786800329
VOM19980226.0900.3196: 0.236740620273
