VOM19980625.0700.0404: 0.341790030284
VOM19980612.0900.0038: 0.31731758349
VOM19980606.0730.0028: 0.308301360283
VOM19980606.0700.0150: 0.3074911174
VOM19980612.0700.0080: 0.303808456201
VOM19980520.0700.0129: 0.300023440247
VOM19980529.0700.0168: 0.298873433924
VOM19980520.0900.0115: 0.298554887914
VOM19980319.0900.2169: 0.296983610669
VOM19980614.0730.0072: 0.295395950174
VOM19980527.0700.0094: 0.280838915736
VOM19980529.0700.0100: 0.278988593075
VOM19980520.0730.0078: 0.275589127305
