VOM19980603.0730.0280: 0.293340724223
VOM19980603.0900.0074: 0.267261241912
VOM19980605.0700.0440: 0.252982212813
VOM19980605.0730.0276: 0.232379000772
VOM19980617.0700.0522: 0.231260635391
VOM19980604.0730.0250: 0.219838047488
VOM19980606.0730.0134: 0.219838047488
VOM19980606.0700.0354: 0.215165741456
VOM19980325.0900.2040: 0.206135400353
VOM19980225.0700.1964: 0.20115793827
VOM19980315.0700.1310: 0.200173837495
VOM19980604.0900.0213: 0.199654874635
VOM19980302.0700.1749: 0.199593081979
