VOM19980623.0900.0051: 0.322594346926
VOM19980220.0900.2583: 0.31593367978
VOM19980403.0700.0727: 0.31089582483
VOM19980223.0700.1993: 0.305768533396
VOM19980222.0700.0448: 0.299711666215
VOM19980404.0700.0676: 0.299161690219
VOM19980319.0700.0722: 0.298307924391
VOM19980403.0900.1729: 0.297938119897
VOM19980327.0900.1545: 0.297350805503
VOM19980404.0700.1295: 0.295305870353
VOM19980314.0700.0818: 0.293618484864
VOM19980403.0700.1169: 0.284057498847
VOM19980224.0700.2219: 0.283809698928
