VOM19980222.0700.0448: 0.273299511435
VOM19980617.0900.0206: 0.270748077143
VOM19980326.0900.1939: 0.268083967089
VOM19980404.0700.0406: 0.268055482124
VOM19980403.0900.0431: 0.265405446478
VOM19980220.0700.2208: 0.258160646558
VOM19980422.0900.0246: 0.255376959228
VOM19980505.0700.0384: 0.250171644373
VOM19980325.0900.0905: 0.249282226483
VOM19980603.0900.0243: 0.248362172355
VOM19980618.0700.0144: 0.248039185412
VOM19980404.0700.0676: 0.243569644814
VOM19980326.0900.3077: 0.243055555556
