VOM19980225.0900.2949: 0.342099004094
VOM19980505.0700.0384: 0.298050738433
VOM19980225.0900.0714: 0.290440071514
VOM19980223.0700.0562: 0.286711546288
VOM19980414.0900.0040: 0.285490283888
VOM19980430.0900.0001: 0.285490283888
VOM19980220.0900.2583: 0.279860104913
VOM19980626.0700.0131: 0.277882270201
VOM19980317.0900.0330: 0.273927134538
VOM19980319.0700.2278: 0.273028035467
VOM19980602.0700.0199: 0.272845272634
VOM19980327.0900.1545: 0.270732537531
VOM19980319.0900.0364: 0.270332373503
