VOM19980501.0700.0297: 0.307989990488
VOM19980223.0700.0240: 0.290190500044
VOM19980224.0700.1530: 0.284985619772
VOM19980220.0900.1815: 0.282726388097
VOM19980304.0700.0774: 0.282153844002
VOM19980220.0900.0190: 0.279826553614
VOM19980223.0900.0477: 0.279553072341
VOM19980221.0700.0119: 0.278110657396
VOM19980220.0900.3360: 0.275862440867
VOM19980223.0700.1295: 0.27225504039
VOM19980605.0730.0003: 0.269319317422
VOM19980501.0700.0090: 0.268664197704
VOM19980223.0900.0629: 0.268277122511
