VOM19980220.0900.3360: 0.318120204791
VOM19980223.0700.0882: 0.295800593851
VOM19980223.0700.0240: 0.290198309876
VOM19980220.0900.1815: 0.289809422401
VOM19980220.0900.0190: 0.286836939492
VOM19980626.0700.0131: 0.284336576007
VOM19980317.0700.0723: 0.274006941908
VOM19980501.0700.0297: 0.266376890252
VOM19980223.0900.0629: 0.264033798489
VOM19980304.0700.0774: 0.260300281123
VOM19980225.0900.1275: 0.259381133522
VOM19980222.0700.0448: 0.259130418209
VOM19980221.0700.0119: 0.259037271669
