VOM19980223.0700.0240: 0.296111531074
VOM19980220.0900.3360: 0.29016451891
VOM19980224.0700.1530: 0.283132284667
VOM19980225.0900.0178: 0.2822136805
VOM19980428.0900.0156: 0.278693205717
VOM19980225.0700.0187: 0.26713147194
VOM19980312.0900.0306: 0.265626971457
VOM19980220.0900.1815: 0.26146834568
VOM19980626.0700.0365: 0.260963352589
VOM19980220.0900.0190: 0.258786548165
VOM19980223.0700.0882: 0.258786548165
VOM19980520.0730.0078: 0.255996055795
VOM19980630.0730.0043: 0.254699864905
