VOM19980221.0700.3085: 0.281344257971
VOM19980220.0700.2814: 0.241110524529
VOM19980224.0900.3022: 0.238302991351
VOM19980220.0900.3559: 0.233246961562
VOM19980223.0700.1511: 0.225799258988
VOM19980316.0900.1194: 0.21763334127
VOM19980304.0900.1406: 0.217277618827
VOM19980403.0700.2289: 0.215131808612
VOM19980317.0700.0255: 0.211974814561
VOM19980325.0900.0905: 0.210971280457
VOM19980317.0700.0156: 0.210128743295
VOM19980319.0700.0722: 0.20906199883
VOM19980301.0700.0447: 0.207182965354
