VOM19980225.0700.0187: 0.281220495911
VOM19980326.0700.0717: 0.268585768025
VOM19980624.0700.0122: 0.266053215965
VOM19980625.0700.0328: 0.264628062012
VOM19980624.0730.0041: 0.263431938089
VOM19980624.0900.0040: 0.260886642281
VOM19980225.0900.0178: 0.257812460661
VOM19980502.0730.0193: 0.255654996282
VOM19980502.0700.0348: 0.254614279593
VOM19980623.0700.0425: 0.249493729522
VOM19980623.0730.0177: 0.247536885744
VOM19980527.0700.0426: 0.244921837628
VOM19980225.0900.1874: 0.243757474709
