VOM19980224.0900.3022: 0.236433121872
VOM19980403.0700.0727: 0.235661688528
VOM19980327.0900.0757: 0.222374794998
VOM19980223.0700.1511: 0.214206189887
VOM19980304.0900.1080: 0.213798085743
VOM19980220.0900.2343: 0.212621627781
VOM19980317.0900.0424: 0.209956263667
VOM19980314.0700.0818: 0.207597474401
VOM19980317.0900.1247: 0.207255907426
VOM19980327.0900.2358: 0.206413459568
VOM19980505.0700.0384: 0.205879054892
VOM19980225.0900.2668: 0.205573406955
VOM19980403.0900.0619: 0.204759407265
