VOM19980605.0900.0007: 0.341387429048
VOM19980605.0730.0003: 0.341387429048
VOM19980612.0700.0038: 0.320669110098
VOM19980612.0900.0038: 0.320669110098
VOM19980605.0700.0097: 0.319423192947
VOM19980520.0700.0074: 0.317945417739
VOM19980520.0700.0129: 0.312109725856
VOM19980531.0700.0120: 0.310738856307
VOM19980613.0700.0112: 0.308383049752
VOM19980530.0730.0003: 0.304275935729
VOM19980530.0700.0107: 0.303197216746
VOM19980529.0700.0100: 0.298763603962
VOM19980520.0730.0078: 0.298636551605
