VOM19980225.0900.1919: 0.320697364204
VOM19980225.0900.0216: 0.320697364204
VOM19980225.0700.0221: 0.303402732794
VOM19980225.0900.0714: 0.299442882283
VOM19980319.0700.0452: 0.287122112484
VOM19980620.0700.0175: 0.277145512323
VOM19980610.0700.0207: 0.27295015745
VOM19980626.0700.0131: 0.26895526436
VOM19980602.0700.0199: 0.26605969183
VOM19980225.0900.2949: 0.25976862788
VOM19980325.0900.3063: 0.259691396236
VOM19980302.0700.0335: 0.258760145416
VOM19980319.0900.0364: 0.258265856244
