VOM19980220.0700.0221: 0.284588526092
VOM19980222.0700.0758: 0.268496852947
VOM19980326.0700.0115: 0.251174677287
VOM19980311.0700.0279: 0.248567101512
VOM19980510.0730.0264: 0.241236490458
VOM19980428.0900.0156: 0.232845157712
VOM19980223.0700.1040: 0.22925400631
VOM19980326.0900.0118: 0.229077657048
VOM19980303.0700.0783: 0.226217582314
VOM19980510.0700.0439: 0.226159209804
VOM19980621.0730.0064: 0.224861974036
VOM19980501.0700.0297: 0.223591314123
VOM19980228.0700.1784: 0.222009146965
