VOM19980221.0700.0119: 0.375091586276
VOM19980614.0730.0034: 0.337289260048
VOM19980222.0700.0758: 0.33335391137
VOM19980311.0700.0234: 0.331468835768
VOM19980223.0700.0800: 0.331455384117
VOM19980614.0700.0111: 0.330671413458
VOM19980222.0700.1842: 0.328998024879
VOM19980223.0900.3362: 0.327617061658
VOM19980303.0700.0179: 0.324299928654
VOM19980220.0900.0190: 0.317999364002
VOM19980613.0700.0179: 0.313551601402
VOM19980223.0900.0477: 0.309260103104
VOM19980326.0700.0717: 0.30805562656
