VOM19980220.0900.3559: 0.266223330256
VOM19980220.0700.2814: 0.229221944827
VOM19980220.0700.0707: 0.222226022159
VOM19980221.0700.3085: 0.210735396734
VOM19980223.0900.0378: 0.199959196164
VOM19980223.0900.1997: 0.19687480774
VOM19980625.0700.0404: 0.19654083836
VOM19980605.0700.0406: 0.192555617012
VOM19980613.0700.0555: 0.190329720497
VOM19980524.0700.0301: 0.189022186243
VOM19980403.0700.2289: 0.187372396006
VOM19980223.0700.0458: 0.187326885754
VOM19980524.0730.0085: 0.187326885754
