VOM19980326.0700.0115: 0.354558404322
VOM19980614.0700.0111: 0.31965558286
VOM19980613.0730.0072: 0.311694324136
VOM19980311.0700.0279: 0.3072549339
VOM19980305.0700.0395: 0.301511344578
VOM19980326.0700.0717: 0.297408958258
VOM19980614.0730.0034: 0.288948371887
VOM19980319.0900.3353: 0.287213478952
VOM19980403.0700.2182: 0.285384591225
VOM19980613.0700.0179: 0.27628748856
VOM19980327.0900.3348: 0.274774035193
VOM19980326.0700.0452: 0.272727272727
VOM19980302.0900.0724: 0.272716549576
