VOM19980319.0900.2169: 0.319821499549
VOM19980529.0700.0100: 0.306547926442
VOM19980612.0700.0080: 0.305926290923
VOM19980531.0700.0120: 0.303441931308
VOM19980613.0700.0112: 0.296936462395
VOM19980603.0700.0103: 0.291956544286
VOM19980319.0700.2536: 0.289581495175
VOM19980520.0700.0074: 0.289297880429
VOM19980530.0700.0037: 0.28919615702
VOM19980619.0700.0149: 0.28616784156
VOM19980317.0700.0723: 0.284478642273
VOM19980314.0700.0818: 0.284216075852
VOM19980605.0700.0097: 0.282569102127
