VOM19980224.0700.1530: 0.364071789398
VOM19980226.0900.1725: 0.345547370233
VOM19980223.0700.0240: 0.343601562252
VOM19980223.0900.3362: 0.33182428776
VOM19980226.0900.0170: 0.329134199281
VOM19980226.0900.3359: 0.321449072661
VOM19980220.0700.0772: 0.319449370065
VOM19980224.0900.2029: 0.318163059305
VOM19980228.0700.0156: 0.314506785805
VOM19980228.0700.1784: 0.314506785805
VOM19980302.0900.0871: 0.314278302821
VOM19980303.0700.0179: 0.31014958486
VOM19980224.0900.0173: 0.302353948953
