VOM19980603.0700.0103: 0.383183560382
VOM19980626.0700.0131: 0.311066540369
VOM19980611.0900.0185: 0.303195778603
VOM19980611.0730.0005: 0.300266282089
VOM19980603.0730.0115: 0.296780370103
VOM19980520.0730.0078: 0.296078262732
VOM19980611.0700.0046: 0.293378240422
VOM19980614.0730.0072: 0.291823132905
VOM19980606.0700.0150: 0.289451328529
VOM19980529.0700.0168: 0.289273585712
VOM19980520.0700.0074: 0.287702361891
VOM19980625.0700.0404: 0.281891663537
VOM19980626.0900.0156: 0.280551545386
