VOM19980527.0730.0003: 0.300828418798
VOM19980325.0900.2916: 0.29700410821
VOM19980305.0700.0560: 0.296403942547
VOM19980527.0900.0008: 0.290800804838
VOM19980326.0700.0480: 0.284028640999
VOM19980403.0900.3074: 0.283214764374
VOM19980303.0700.0324: 0.282958229209
VOM19980302.0700.2840: 0.282239147413
VOM19980403.0700.0259: 0.2796710599
VOM19980222.0700.0448: 0.277750989815
VOM19980228.0700.0268: 0.271835714912
VOM19980524.0700.0112: 0.271398763819
VOM19980302.0900.0510: 0.269484027818
