VOM19980222.0700.0448: 0.326075113412
VOM19980404.0700.0406: 0.32128917085
VOM19980303.0700.1291: 0.314958062612
VOM19980326.0700.2359: 0.302667606711
VOM19980326.0900.2164: 0.302667606711
VOM19980326.0700.0480: 0.302033490122
VOM19980403.0900.3074: 0.290659179488
VOM19980625.0700.0205: 0.289478902471
VOM19980404.0700.1788: 0.288581210683
VOM19980220.0700.2208: 0.286251074881
VOM19980223.0700.2728: 0.285155049089
VOM19980314.0700.2300: 0.28499248005
VOM19980312.0900.2408: 0.280135910526
