VOM19980612.0900.0038: 0.362647301449
VOM19980605.0900.0007: 0.358969618139
VOM19980605.0700.0097: 0.357811904238
VOM19980613.0700.0112: 0.35009597519
VOM19980605.0730.0003: 0.349267736568
VOM19980612.0700.0038: 0.344957189183
VOM19980613.0730.0031: 0.327316723155
VOM19980529.0700.0100: 0.320215257003
VOM19980603.0730.0115: 0.307586095354
VOM19980607.0700.0045: 0.302599182187
VOM19980223.0700.2728: 0.301690101612
VOM19980619.0700.0149: 0.301019018999
VOM19980611.0700.0046: 0.292031343683
