VOM19980507.0700.0242: 0.393449799117
VOM19980507.0730.0066: 0.378762839022
VOM19980507.0900.0040: 0.375063394925
VOM19980506.0700.0042: 0.369393376013
VOM19980506.0900.0006: 0.367111549107
VOM19980504.0700.0025: 0.360384348713
VOM19980508.0700.0362: 0.345275964352
VOM19980505.0700.0033: 0.329453640529
VOM19980515.0900.0229: 0.325151150144
VOM19980509.0700.0089: 0.322728967727
VOM19980605.0730.0230: 0.317883145814
VOM19980510.0700.0040: 0.3151923904
VOM19980515.0730.0199: 0.312876840105
