VOM19980403.0900.2034: 0.318198051534
VOM19980403.0900.0124: 0.31601109743
VOM19980223.0700.0562: 0.314285714286
VOM19980403.0900.3300: 0.310086836473
VOM19980225.0900.2949: 0.3
VOM19980611.0700.0383: 0.288874152291
VOM19980403.0700.0129: 0.288797948952
VOM19980625.0700.0404: 0.286415604158
VOM19980404.0700.1061: 0.282522573478
VOM19980511.0900.0039: 0.277350098113
VOM19980511.0730.0066: 0.277173946873
VOM19980303.0700.0590: 0.275743509005
VOM19980305.0700.0436: 0.275599448802
