VOM19980325.0900.0905: 0.294999324488
VOM19980326.0700.2359: 0.292873264507
VOM19980326.0900.2164: 0.292873264507
VOM19980404.0700.0406: 0.283764415073
VOM19980326.0900.1939: 0.275769888879
VOM19980312.0900.2795: 0.272671406978
VOM19980317.0900.2819: 0.260588046084
VOM19980226.0900.2027: 0.258250073986
VOM19980403.0900.2970: 0.255115322884
VOM19980404.0700.0676: 0.254276847844
VOM19980220.0700.2208: 0.253972846589
VOM19980226.0900.3196: 0.253178079626
VOM19980327.0900.1545: 0.250659488155
