VOM19980319.0700.0722: 0.285916797481
VOM19980220.0900.2583: 0.280624304008
VOM19980618.0700.0187: 0.273594227223
VOM19980222.0700.0448: 0.273145343857
VOM19980305.0700.0436: 0.268625762446
VOM19980316.0900.2774: 0.268164782545
VOM19980325.0900.0905: 0.267918823699
VOM19980304.0900.0509: 0.265619908629
VOM19980303.0900.1646: 0.261309831967
VOM19980505.0700.0384: 0.257843977016
VOM19980403.0900.0619: 0.256917497769
VOM19980404.0700.0676: 0.254843134395
VOM19980227.0900.2564: 0.254463922414
