VOM19980303.0700.0179: 0.286133184887
VOM19980223.0900.0477: 0.277383907454
VOM19980224.0700.1530: 0.268666706178
VOM19980501.0700.0297: 0.268212917002
VOM19980223.0700.0240: 0.268028133709
VOM19980303.0700.0783: 0.263990841733
VOM19980224.0900.2029: 0.259952079095
VOM19980428.0900.0156: 0.257307008361
VOM19980224.0900.0173: 0.255858089708
VOM19980226.0900.3359: 0.253882321995
VOM19980618.0730.0152: 0.253708131702
VOM19980616.0700.0045: 0.252918990967
VOM19980224.0900.3361: 0.252367721276
