VOM19980224.0900.3022: 0.257021386774
VOM19980221.0700.3085: 0.246443631033
VOM19980220.0700.2814: 0.230847466802
VOM19980315.0700.1148: 0.222882525871
VOM19980403.0700.0727: 0.217089951568
VOM19980325.0900.0905: 0.215046350336
VOM19980627.0730.0001: 0.214467870487
VOM19980223.0900.2047: 0.212186841755
VOM19980403.0700.2289: 0.211987666916
VOM19980603.0700.0226: 0.210508123076
VOM19980223.0700.1511: 0.209898492251
VOM19980220.0900.1197: 0.207500550374
VOM19980627.0700.0022: 0.207312645767
