VOM19980403.0900.3300: 0.272876416096
VOM19980403.0900.0124: 0.269194638551
VOM19980319.0900.0364: 0.262111216998
VOM19980403.0900.2034: 0.259272486435
VOM19980303.0700.0590: 0.249482222433
VOM19980626.0700.0131: 0.249224148221
VOM19980403.0700.0129: 0.247541099102
VOM19980223.0700.0562: 0.242857142857
VOM19980225.0900.0714: 0.238779619746
VOM19980618.0700.0315: 0.225170500701
VOM19980624.0700.0434: 0.22360679775
VOM19980305.0700.0436: 0.222599554801
VOM19980305.0700.0495: 0.222599554801
