VOM19980623.0700.0472: 0.303051609099
VOM19980626.0700.0131: 0.278588410289
VOM19980630.0730.0136: 0.278588410289
VOM19980225.0900.0714: 0.26585828607
VOM19980316.0900.2774: 0.264126136915
VOM19980524.0700.0112: 0.256968108324
VOM19980607.0700.0463: 0.255858089708
VOM19980314.0700.1946: 0.254626727024
VOM19980314.0700.0275: 0.254626727024
VOM19980403.0900.3300: 0.253184841771
VOM19980403.0900.2034: 0.25259074277
VOM19980403.0900.3074: 0.251039505523
VOM19980403.0900.0124: 0.250854703348
