VOM19980303.0700.0783: 0.27325770743
VOM19980305.0900.2166: 0.254985087144
VOM19980302.0700.2334: 0.251822624373
VOM19980225.0900.0714: 0.251295475544
VOM19980404.0700.0676: 0.250020031249
VOM19980623.0900.0051: 0.245714612591
VOM19980305.0900.1046: 0.24511866531
VOM19980315.0700.2670: 0.244314874201
VOM19980311.0700.1006: 0.244195434553
VOM19980612.0700.0080: 0.243599382882
VOM19980303.0900.2868: 0.243361840766
VOM19980303.0700.2491: 0.242693717234
VOM19980319.0700.2278: 0.242185561407
