VOM19980325.0900.0905: 0.311333583027
VOM19980325.0900.3063: 0.308287726506
VOM19980316.0900.2774: 0.292839216738
VOM19980220.0700.2208: 0.289284201554
VOM19980226.0900.2027: 0.287720154668
VOM19980319.0900.0364: 0.286933325858
VOM19980319.0700.0722: 0.28566298758
VOM19980326.0900.1939: 0.28072112109
VOM19980220.0700.1159: 0.27852141289
VOM19980404.0700.0406: 0.270577968705
VOM19980317.0900.0757: 0.27052837662
VOM19980403.0700.0727: 0.26868371306
VOM19980222.0700.0448: 0.268638763881
