VOM19980501.0700.0297: 0.404022053027
VOM19980507.0700.0242: 0.32111003324
VOM19980510.0730.0001: 0.317287158485
VOM19980506.0700.0042: 0.314728349305
VOM19980428.0900.0156: 0.312813601036
VOM19980430.0900.0001: 0.311954221388
VOM19980502.0700.0095: 0.311415904815
VOM19980505.0900.0005: 0.301005027941
VOM19980508.0700.0421: 0.296971571188
VOM19980311.0700.0234: 0.293750828725
VOM19980515.0900.0229: 0.293249937301
VOM19980510.0700.0040: 0.291566777398
VOM19980503.0700.0412: 0.291314272997
