VOM19980613.0730.0072: 0.342442149846
VOM19980614.0730.0034: 0.337933167214
VOM19980613.0700.0179: 0.323125911598
VOM19980326.0700.0115: 0.320253865134
VOM19980614.0700.0111: 0.319395402
VOM19980224.0700.1724: 0.303563803692
VOM19980326.0700.0717: 0.303032020728
VOM19980311.0700.0279: 0.296831196557
VOM19980404.0700.1859: 0.289841907606
VOM19980404.0700.0133: 0.289841907606
VOM19980403.0700.0372: 0.284346168925
VOM19980403.0700.2182: 0.283510803184
VOM19980302.0900.0724: 0.281141847974
