VOM19980511.0900.0039: 0.285279889555
VOM19980325.0900.3063: 0.270231000051
VOM19980403.0900.0431: 0.262857142857
VOM19980220.0900.2583: 0.261916017074
VOM19980316.0900.2774: 0.254050846622
VOM19980228.0700.0268: 0.252237050038
VOM19980327.0900.1545: 0.251324847766
VOM19980403.0700.1169: 0.251067758693
VOM19980319.0700.0452: 0.248786528659
VOM19980305.0900.2335: 0.246640797859
VOM19980403.0700.0727: 0.245871942377
VOM19980404.0700.1061: 0.240662735038
VOM19980315.0700.2184: 0.239800486872
