VOM19980316.0900.2774: 0.316797195237
VOM19980403.0900.0619: 0.296692202364
VOM19980404.0700.0676: 0.263549280219
VOM19980220.0700.2208: 0.262026123718
VOM19980326.0900.1939: 0.261142067286
VOM19980618.0700.0187: 0.258656856733
VOM19980327.0900.1545: 0.257709064521
VOM19980325.0900.0905: 0.257439507291
VOM19980221.0700.2690: 0.253030413674
VOM19980616.0900.0100: 0.252725132192
VOM19980225.0900.2949: 0.251281206938
VOM19980305.0900.2335: 0.246547041401
VOM19980403.0900.0431: 0.246298589839
