VOM19980319.0700.0452: 0.242161052419
VOM19980319.0900.0364: 0.226994972537
VOM19980222.0700.2148: 0.226304868085
VOM19980305.0900.0492: 0.225112584445
VOM19980620.0730.0003: 0.222607690374
VOM19980305.0700.0436: 0.214196521477
VOM19980226.0900.2027: 0.209519415723
VOM19980617.0700.0522: 0.209513120352
VOM19980304.0900.0509: 0.20782656213
VOM19980223.0700.0562: 0.206196524711
VOM19980228.0700.1239: 0.205899007016
VOM19980626.0700.0131: 0.205556612948
VOM19980228.0700.0851: 0.203290534278
