VOM19980303.0700.0783: 0.261561695653
VOM19980403.0700.0727: 0.255230251317
VOM19980404.0700.1295: 0.251862700735
VOM19980225.0900.1428: 0.251782624943
VOM19980302.0900.0871: 0.251501214453
VOM19980220.0900.2343: 0.250458602136
VOM19980314.0700.0818: 0.250098113944
VOM19980314.0700.1606: 0.249993436511
VOM19980319.0700.3031: 0.246694603826
VOM19980223.0700.1993: 0.246615313044
VOM19980227.0900.0753: 0.244824671974
VOM19980224.0900.0912: 0.24429559389
VOM19980223.0700.2728: 0.243902093975
