VOM19980326.0700.2359: 0.28420798566
VOM19980326.0900.2164: 0.28420798566
VOM19980222.0700.2148: 0.257944957168
VOM19980327.0900.1545: 0.25787436327
VOM19980326.0900.1939: 0.256954408551
VOM19980312.0900.2408: 0.255581606787
VOM19980618.0700.0144: 0.253859877375
VOM19980226.0900.3196: 0.253230297442
VOM19980404.0700.0406: 0.250311316906
VOM19980319.0900.0364: 0.245894411635
VOM19980222.0700.0448: 0.245756057105
VOM19980325.0900.0905: 0.245126908724
VOM19980317.0900.2819: 0.243776735059
