VOM19980625.0700.0205: 0.333575471445
VOM19980624.0700.0434: 0.321264702659
VOM19980403.0900.3074: 0.306986271429
VOM19980527.0700.0042: 0.301738854114
VOM19980403.0700.0259: 0.301222431303
VOM19980527.0900.0008: 0.297009322675
VOM19980527.0730.0003: 0.297009322675
VOM19980325.0900.3063: 0.283228465709
VOM19980618.0900.0204: 0.282065304878
VOM19980504.0700.0222: 0.281588826777
VOM19980222.0700.0448: 0.279709365095
VOM19980627.0700.0466: 0.275375057001
VOM19980625.0730.0124: 0.275375057001
