VOM19980221.0700.0119: 0.29324630553
VOM19980225.0700.0187: 0.290496446887
VOM19980220.0900.3360: 0.28810548897
VOM19980220.0700.0772: 0.287269551999
VOM19980223.0700.0882: 0.284127601491
VOM19980224.0700.1530: 0.28018607882
VOM19980225.0900.0178: 0.278300540301
VOM19980224.0700.0173: 0.276735032985
VOM19980222.0700.1842: 0.275971624543
VOM19980220.0900.1815: 0.275589127305
VOM19980220.0900.0190: 0.272762497432
VOM19980222.0700.0151: 0.271018509783
VOM19980303.0700.0179: 0.269289114769
