VOM19980222.0700.0448: 0.337406804241
VOM19980326.0700.2359: 0.319449561901
VOM19980326.0900.2164: 0.319449561901
VOM19980312.0900.2408: 0.319315936738
VOM19980316.0900.2774: 0.316144638563
VOM19980325.0900.0905: 0.312824754802
VOM19980404.0700.0406: 0.309294787066
VOM19980317.0900.2819: 0.308166775681
VOM19980403.0900.3074: 0.307443661405
VOM19980327.0900.1545: 0.29875449718
VOM19980226.0900.2027: 0.298381197516
VOM19980326.0900.1939: 0.295439473934
VOM19980221.0700.2690: 0.289572183502
