VOM19980616.0730.0180: 0.350781092934
VOM19980616.0900.0100: 0.347635010613
VOM19980316.0900.2774: 0.32310881169
VOM19980404.0700.0676: 0.304052489986
VOM19980630.0730.0136: 0.298777513177
VOM19980222.0700.0448: 0.297918585728
VOM19980220.0700.1159: 0.296615215759
VOM19980403.0700.0129: 0.285631329196
VOM19980404.0700.1061: 0.282247234478
VOM19980319.0700.0452: 0.277880715627
VOM19980403.0900.2034: 0.276915720245
VOM19980403.0900.0124: 0.275012496866
VOM19980403.0900.0619: 0.27479534353
