VOM19980220.0700.1159: 0.231810459277
VOM19980505.0700.0438: 0.225269324713
VOM19980325.0900.0905: 0.21593307112
VOM19980312.0900.0230: 0.21549855796
VOM19980403.0700.0185: 0.206083934928
VOM19980317.0900.0152: 0.20113198743
VOM19980317.0900.1955: 0.20113198743
VOM19980414.0900.0040: 0.199390552164
VOM19980326.0700.2359: 0.196005303745
VOM19980326.0900.2164: 0.196005303745
VOM19980305.0700.0436: 0.195453951587
VOM19980326.0900.1939: 0.194701044507
VOM19980621.0730.0001: 0.194425692871
