VOM19980223.0700.2728: 0.305391959136
VOM19980311.0700.0565: 0.297044262893
VOM19980222.0700.2148: 0.287355642976
VOM19980303.0700.0628: 0.286707319328
VOM19980302.0700.0484: 0.282666885542
VOM19980305.0700.0436: 0.281074383373
VOM19980222.0700.0448: 0.278360613499
VOM19980223.0700.0562: 0.277791949752
VOM19980613.0700.0112: 0.277350098113
VOM19980407.0900.0140: 0.276078815187
VOM19980326.0700.0480: 0.276026223737
VOM19980225.0900.0714: 0.275008924177
VOM19980404.0700.0406: 0.273210395242
