VOM19980224.0700.1724: 0.351745004454
VOM19980624.0730.0041: 0.314924968223
VOM19980624.0900.0040: 0.311882143548
VOM19980220.0700.3434: 0.307039553515
VOM19980624.0700.0122: 0.306699390493
VOM19980625.0700.0328: 0.300537153519
VOM19980626.0700.0365: 0.299758356787
VOM19980326.0700.0115: 0.291019040806
VOM19980225.0700.0187: 0.290346474525
VOM19980613.0700.0179: 0.288009216442
VOM19980222.0700.0758: 0.285785173765
VOM19980403.0700.2182: 0.285096759996
VOM19980302.0900.0871: 0.282473487866
