VOM19980326.0900.0118: 0.292166993393
VOM19980616.0900.0077: 0.282038037409
VOM19980616.0730.0252: 0.282038037409
VOM19980326.0700.0452: 0.282038037409
VOM19980603.0700.0103: 0.260896966044
VOM19980223.0700.0240: 0.251976315339
VOM19980520.0700.0074: 0.24446443702
VOM19980616.0730.0180: 0.240249990052
VOM19980616.0900.0100: 0.238095238095
VOM19980224.0900.2345: 0.230258866936
VOM19980220.0900.2583: 0.228930769125
VOM19980520.0900.0081: 0.22823749055
VOM19980604.0730.0002: 0.22454435657
