VOM19980302.0700.0373: 0.271869533928
VOM19980325.0900.3341: 0.268472416778
VOM19980502.0700.0438: 0.264785361677
VOM19980220.0700.0672: 0.263258072686
VOM19980224.0700.0481: 0.262964497219
VOM19980430.0900.0149: 0.255615661719
VOM19980603.0700.0457: 0.254373509535
VOM19980618.0700.0379: 0.253140475083
VOM19980506.0700.0104: 0.250489716434
VOM19980225.0900.2065: 0.248525060874
VOM19980302.0900.0166: 0.244202556166
VOM19980506.0900.0045: 0.241203001626
VOM19980624.0730.0117: 0.238775155032
