VOM19980403.0700.2182: 0.33085734061
VOM19980403.0700.0372: 0.319774356536
VOM19980311.0700.0279: 0.314178785462
VOM19980326.0700.0115: 0.30590005918
VOM19980305.0700.0395: 0.297294846694
VOM19980224.0700.1530: 0.282383845136
VOM19980223.0700.0882: 0.280292269479
VOM19980225.0700.0187: 0.279858539275
VOM19980226.0900.3359: 0.279634562817
VOM19980222.0700.0758: 0.276380209123
VOM19980226.0900.0170: 0.275307690632
VOM19980223.0900.0629: 0.273646355303
VOM19980226.0900.1725: 0.270971865476
