VOM19980303.0700.0179: 0.319449561901
VOM19980225.0900.0178: 0.318896402072
VOM19980311.0700.0234: 0.317167523708
VOM19980225.0700.0187: 0.316227766017
VOM19980626.0700.0365: 0.307170741989
VOM19980303.0900.0160: 0.303051609099
VOM19980326.0700.0115: 0.301668340863
VOM19980225.0900.1874: 0.301511344578
VOM19980303.0900.1879: 0.300557314756
VOM19980224.0900.2029: 0.298123612235
VOM19980223.0900.3362: 0.29740593874
VOM19980326.0700.0717: 0.293630774156
VOM19980224.0900.0215: 0.290700949867
