VOM19980325.0900.0905: 0.337722864345
VOM19980404.0700.0406: 0.294527456627
VOM19980222.0700.0448: 0.292529948026
VOM19980326.0900.1939: 0.283514548843
VOM19980312.0900.2408: 0.283244487099
VOM19980319.0700.0722: 0.276743440319
VOM19980326.0700.2359: 0.274651542333
VOM19980326.0900.2164: 0.274651542333
VOM19980316.0900.2774: 0.270574584639
VOM19980312.0900.2795: 0.267623122977
VOM19980317.0900.2819: 0.261036949166
VOM19980222.0700.2148: 0.25996078036
VOM19980403.0900.3074: 0.258235984624
