VOM19980222.0700.0448: 0.313443685527
VOM19980326.0700.0480: 0.311624496132
VOM19980613.0700.0112: 0.290753456135
VOM19980315.0700.2184: 0.281153833144
VOM19980225.0900.0714: 0.28056302855
VOM19980223.0700.2728: 0.279105548413
VOM19980220.0900.2583: 0.277158222735
VOM19980616.0730.0180: 0.276795718318
VOM19980403.0700.1169: 0.275066929989
VOM19980616.0900.0100: 0.274313195362
VOM19980509.0700.0043: 0.273724317205
VOM19980624.0700.0434: 0.272008160367
VOM19980404.0700.1061: 0.271054537095
