VOM19980303.0700.0783: 0.322382476374
VOM19980224.0900.0173: 0.319604613301
VOM19980226.0900.1725: 0.319604613301
VOM19980226.0900.0170: 0.314243817903
VOM19980226.0900.3359: 0.306906374588
VOM19980224.0900.2029: 0.303769023973
VOM19980303.0700.0179: 0.303710859116
VOM19980224.0900.3400: 0.298843634496
VOM19980225.0700.0187: 0.298142397
VOM19980224.0900.3361: 0.295688508382
VOM19980225.0900.0178: 0.289920610801
VOM19980225.0900.1874: 0.284267621807
VOM19980225.0700.0757: 0.284014757612
