VOM19980316.0900.2774: 0.327157967614
VOM19980325.0900.0905: 0.297943547886
VOM19980326.0900.1939: 0.29550072884
VOM19980326.0900.2164: 0.289980721454
VOM19980325.0900.3063: 0.289345693302
VOM19980326.0700.2359: 0.286355962436
VOM19980222.0700.0448: 0.285071440638
VOM19980317.0900.2819: 0.28087519749
VOM19980226.0900.2027: 0.279726418863
VOM19980327.0900.1545: 0.274952269374
VOM19980319.0700.0722: 0.272823334975
VOM19980403.0700.1169: 0.272266483608
VOM19980221.0700.2690: 0.267363548672
