VOM19980326.0700.0115: 0.352162739428
VOM19980327.0900.3348: 0.343467543991
VOM19980327.0900.1850: 0.332385014674
VOM19980306.0700.0354: 0.323254091918
VOM19980326.0700.0717: 0.322193038113
VOM19980327.0900.0179: 0.318487717549
VOM19980403.0700.2182: 0.307680262415
VOM19980311.0700.0279: 0.29018521535
VOM19980221.0700.0119: 0.282912576058
VOM19980613.0700.0179: 0.279290613436
VOM19980613.0730.0072: 0.274426524511
VOM19980222.0700.0758: 0.273781470714
VOM19980403.0700.0372: 0.269803850319
