VOM19980223.0900.3362: 0.30745302598
VOM19980225.0900.0178: 0.302197031402
VOM19980225.0700.0187: 0.299668141491
VOM19980223.0700.0240: 0.291555593634
VOM19980223.0700.0882: 0.283842482691
VOM19980506.0700.0506: 0.283582089552
VOM19980311.0700.0279: 0.276659312238
VOM19980326.0900.0118: 0.273179182354
VOM19980224.0700.0173: 0.273179182354
VOM19980225.0900.1874: 0.270684343043
VOM19980224.0700.1530: 0.269139341627
VOM19980304.0700.0774: 0.268782110458
VOM19980326.0700.0115: 0.267913187908
