VOM19980220.0900.2343: 0.245246328029
VOM19980303.0700.2192: 0.241034820241
VOM19980327.0900.0757: 0.236648116414
VOM19980220.0700.3153: 0.236419772741
VOM19980319.0900.0647: 0.232863376495
VOM19980325.0900.2250: 0.232789270836
VOM19980305.0900.2335: 0.232390620594
VOM19980303.0900.2535: 0.2303508136
VOM19980222.0700.1016: 0.229675167995
VOM19980326.0700.1668: 0.228477888822
VOM19980221.0700.3085: 0.228041841915
VOM19980319.0900.2928: 0.227921152919
VOM19980326.0700.1085: 0.226446105348
