VOM19980303.0700.0783: 0.31881595606
VOM19980223.0700.0240: 0.302609153285
VOM19980224.0700.1530: 0.28834735949
VOM19980220.0900.3360: 0.287195566117
VOM19980220.0900.0190: 0.286211612959
VOM19980220.0900.1815: 0.283153081968
VOM19980226.0900.1367: 0.281925054156
VOM19980223.0900.3362: 0.281464822597
VOM19980327.0900.0757: 0.277370230229
VOM19980224.0700.0173: 0.277180930608
VOM19980225.0900.0178: 0.276653103549
VOM19980304.0700.0871: 0.274532422453
VOM19980302.0900.0871: 0.272012080317
