VOM19980618.0700.0187: 0.27505980211
VOM19980223.0700.0562: 0.238302187494
VOM19980316.0900.2774: 0.236903636012
VOM19980623.0730.0140: 0.234756475083
VOM19980531.0730.0076: 0.233449763912
VOM19980505.0700.0384: 0.229511623419
VOM19980623.0700.0472: 0.228812308375
VOM19980616.0730.0180: 0.224928622846
VOM19980616.0900.0100: 0.22291128503
VOM19980301.0700.0136: 0.22291128503
VOM19980303.0700.0590: 0.219034271277
VOM19980228.0700.0327: 0.218752367053
VOM19980228.0700.2757: 0.217786202592
