VOM19980508.0730.0044: 0.289942017394
VOM19980507.0900.0008: 0.287594270112
VOM19980507.0700.0034: 0.279811323384
VOM19980509.0700.0347: 0.271761973649
VOM19980621.0700.0209: 0.271193595479
VOM19980223.0700.1040: 0.268622982056
VOM19980303.0900.1975: 0.265656963776
VOM19980508.0900.0038: 0.265656963776
VOM19980509.0730.0137: 0.265247945884
VOM19980303.0700.0393: 0.260869959728
VOM19980611.0900.0069: 0.255902587547
VOM19980507.0730.0001: 0.255788578977
VOM19980510.0700.0125: 0.248470933668
