VOM19980501.0700.0297: 0.3455545137
VOM19980221.0700.0119: 0.327190292712
VOM19980220.0900.3360: 0.30407849962
VOM19980224.0900.2029: 0.301616285011
VOM19980223.0900.0629: 0.298266618918
VOM19980224.0900.0173: 0.296866125388
VOM19980220.0900.1815: 0.294330928452
VOM19980311.0700.0234: 0.293996105714
VOM19980224.0900.3361: 0.293218553205
VOM19980224.0700.1530: 0.292470354605
VOM19980630.0730.0043: 0.292333551962
VOM19980630.0700.0071: 0.292333551962
VOM19980317.0700.0156: 0.291818369175
