VOM19980403.0700.2289: 0.179857734059
VOM19980624.0730.0175: 0.175768762295
VOM19980302.0700.2137: 0.159584300246
VOM19980303.0900.0347: 0.159584300246
VOM19980223.0700.1511: 0.158458018933
VOM19980319.0900.3353: 0.153105070725
VOM19980604.0730.0077: 0.149296644863
VOM19980603.0700.0226: 0.149094208641
VOM19980223.0900.0378: 0.149021532932
VOM19980319.0900.1922: 0.148175113403
VOM19980630.0700.0556: 0.147699843393
VOM19980224.0700.0588: 0.147699843393
VOM19980319.0900.0162: 0.146246504769
