VOM19980220.0700.2814: 0.256929611662
VOM19980220.0700.0707: 0.234854440234
VOM19980317.0900.0152: 0.226416706426
VOM19980317.0900.1955: 0.226416706426
VOM19980505.0700.0384: 0.215033659716
VOM19980627.0700.0572: 0.214984853873
VOM19980221.0700.3085: 0.214145036612
VOM19980220.0900.3559: 0.211013984536
VOM19980224.0900.2212: 0.209154794246
VOM19980403.0700.2289: 0.205940997826
VOM19980530.0700.0199: 0.205145065212
VOM19980220.0700.2956: 0.200677988206
VOM19980302.0700.0449: 0.199763732936
