VOM19980312.0900.2127: 0.24319046423
VOM19980319.0700.1874: 0.221582238376
VOM19980303.0900.2332: 0.211895910781
VOM19980228.0700.0388: 0.211210003143
VOM19980228.0700.1050: 0.209971224111
VOM19980302.0900.1412: 0.207441152142
VOM19980224.0700.2219: 0.204654633974
VOM19980327.0900.1545: 0.201117667152
VOM19980222.0700.2819: 0.200984757193
VOM19980319.0700.0722: 0.200471663266
VOM19980316.0700.0944: 0.199887829923
VOM19980509.0700.0291: 0.199222191888
VOM19980306.0700.1916: 0.199214063901
