VOM19980317.0900.2819: 0.285259832928
VOM19980223.0700.0562: 0.272727272727
VOM19980222.0700.1986: 0.267261241912
VOM19980326.0900.1939: 0.258848047156
VOM19980223.0700.2728: 0.255207402538
VOM19980617.0900.0206: 0.251948621678
VOM19980325.0900.0905: 0.251364210732
VOM19980403.0900.3074: 0.250710652023
VOM19980222.0700.0448: 0.249861091337
VOM19980404.0700.0406: 0.249190514958
VOM19980226.0900.3196: 0.248663622986
VOM19980505.0700.0384: 0.247776415952
VOM19980526.0730.0266: 0.246462576577
