VOM19980531.0700.0120: 0.301433652154
VOM19980406.0900.0112: 0.272043530448
VOM19980626.0700.0365: 0.271456272462
VOM19980619.0700.0149: 0.266475870711
VOM19980223.0700.0800: 0.262407297887
VOM19980223.0700.0240: 0.262244174468
VOM19980222.0700.1842: 0.26046185054
VOM19980527.0730.0043: 0.25831809515
VOM19980527.0900.0049: 0.25831809515
VOM19980312.0900.0306: 0.25594791478
VOM19980607.0700.0045: 0.255698580891
VOM19980526.0900.0034: 0.253637413588
VOM19980605.0900.0007: 0.252191102366
