VOM19980316.0900.2774: 0.299817341471
VOM19980326.0700.2359: 0.295643539421
VOM19980326.0900.2164: 0.295643539421
VOM19980404.0700.1788: 0.291385758707
VOM19980222.0700.0448: 0.286299167157
VOM19980326.0900.1939: 0.286280313023
VOM19980325.0900.0905: 0.2834131476
VOM19980312.0900.2408: 0.282858383733
VOM19980316.0900.3018: 0.276723989167
VOM19980220.0700.2208: 0.273820715725
VOM19980404.0700.0406: 0.27338055165
VOM19980221.0700.2087: 0.269832156638
VOM19980317.0900.2819: 0.269659685815
