VOM19980326.0700.0115: 0.313774673061
VOM19980221.0700.0119: 0.306983925369
VOM19980222.0700.0758: 0.303851949683
VOM19980326.0700.0717: 0.303730558641
VOM19980223.0700.1993: 0.288034088892
VOM19980403.0700.2182: 0.286896690964
VOM19980223.0900.2288: 0.280299437987
VOM19980224.0700.1530: 0.276500631805
VOM19980317.0700.0723: 0.275909633986
VOM19980306.0700.0726: 0.275862523283
VOM19980303.0700.0783: 0.274904329854
VOM19980314.0700.2522: 0.269571468022
VOM19980613.0700.0179: 0.269125568144
