VOM19980326.0900.0118: 0.314269680527
VOM19980326.0700.0452: 0.301929819928
VOM19980501.0700.0297: 0.293827518236
VOM19980223.0900.3362: 0.293197735804
VOM19980610.0700.0405: 0.28611083592
VOM19980223.0700.0240: 0.279508497187
VOM19980223.0900.1740: 0.276699295265
VOM19980303.0700.0179: 0.271703837878
VOM19980220.0900.3360: 0.269925443393
VOM19980223.0700.0882: 0.26619856875
VOM19980223.0900.0629: 0.266124109306
VOM19980223.0900.0154: 0.26560635763
VOM19980221.0700.0119: 0.263752189358
