VOM19980319.0900.2169: 0.333128066159
VOM19980603.0700.0103: 0.321648202595
VOM19980520.0700.0074: 0.311937896929
VOM19980619.0700.0149: 0.271132883864
VOM19980607.0700.0045: 0.266217647948
VOM19980316.0900.1667: 0.264099446883
VOM19980319.0700.3392: 0.263445924053
VOM19980531.0700.0120: 0.259254333682
VOM19980222.0700.0448: 0.258239275603
VOM19980319.0700.0177: 0.257687827898
VOM19980317.0700.0156: 0.257641270429
VOM19980305.0900.2594: 0.257379128997
VOM19980612.0700.0080: 0.256149379355
