VOM19980222.0700.0448: 0.295842472729
VOM19980404.0700.0406: 0.285125790165
VOM19980221.0700.2087: 0.278345379686
VOM19980326.0700.2359: 0.26869974619
VOM19980326.0900.2164: 0.26869974619
VOM19980326.0700.0480: 0.265661686525
VOM19980314.0700.2522: 0.262520510216
VOM19980220.0700.2208: 0.26232700667
VOM19980625.0700.0205: 0.259815266333
VOM19980316.0900.2774: 0.259491032385
VOM19980305.0900.2335: 0.25851824533
VOM19980325.0900.0905: 0.258067256351
VOM19980303.0700.1291: 0.256985011288
