VOM19980404.0700.1061: 0.310731030031
VOM19980319.0900.0364: 0.285620640503
VOM19980326.0900.1939: 0.277132653863
VOM19980222.0700.0448: 0.2726417043
VOM19980404.0700.0676: 0.271996337431
VOM19980225.0900.2949: 0.271346366271
VOM19980223.0700.2728: 0.271121912876
VOM19980404.0700.0406: 0.269405896122
VOM19980403.0900.0431: 0.267877584598
VOM19980325.0900.0905: 0.267240601907
VOM19980305.0700.0436: 0.263657691912
VOM19980403.0700.1169: 0.261548874102
VOM19980326.0700.2359: 0.260624275232
