VOM19980223.0700.0882: 0.314468699454
VOM19980223.0700.0240: 0.304124334341
VOM19980223.0900.0477: 0.286997033316
VOM19980224.0900.2029: 0.280914906461
VOM19980225.0900.0178: 0.27730277009
VOM19980225.0700.0187: 0.27498220402
VOM19980326.0900.0118: 0.268672545331
VOM19980224.0900.0173: 0.266250374169
VOM19980304.0700.0871: 0.26437737943
VOM19980303.0700.0179: 0.263957439271
VOM19980501.0700.0297: 0.263492643278
VOM19980304.0700.0774: 0.26284603459
VOM19980220.0900.3360: 0.262229747612
