VOM19980223.0900.0629: 0.292848683238
VOM19980302.0900.0871: 0.291456063383
VOM19980225.0900.1874: 0.287843455729
VOM19980225.0900.0178: 0.287527069641
VOM19980225.0700.0187: 0.285120943075
VOM19980304.0700.0774: 0.267956847734
VOM19980223.0700.0240: 0.264106247
VOM19980224.0700.1530: 0.261313512971
VOM19980501.0700.0297: 0.257672413164
VOM19980221.0700.0119: 0.257344866824
VOM19980303.0700.0179: 0.257130313261
VOM19980305.0900.1306: 0.25619378507
VOM19980223.0700.0882: 0.25590418964
