VOM19980225.0700.0757: 0.278918662764
VOM19980302.0900.0871: 0.276107395985
VOM19980403.0700.3400: 0.275
VOM19980220.0900.1815: 0.271108834235
VOM19980223.0700.1295: 0.271108834235
VOM19980303.0700.0783: 0.269679944985
VOM19980220.0900.0190: 0.2683281573
VOM19980302.0900.1110: 0.260698044334
VOM19980223.0900.0629: 0.25661967683
VOM19980223.0700.1040: 0.256419467662
VOM19980319.0700.2536: 0.253113940088
VOM19980501.0700.0297: 0.25088349634
VOM19980228.0700.1816: 0.247013912596
