VOM19980610.0700.0520: 0.242790791467
VOM19980304.0700.0774: 0.235128203335
VOM19980306.0700.0238: 0.23467523041
VOM19980311.0700.1006: 0.225170500701
VOM19980616.0700.0045: 0.224627838666
VOM19980303.0700.1180: 0.224100362066
VOM19980319.0900.2169: 0.2234168981
VOM19980311.0700.0279: 0.220721427863
VOM19980620.0700.0175: 0.219320007803
VOM19980404.0700.1788: 0.219234019062
VOM19980603.0700.0334: 0.218020399818
VOM19980620.0730.0107: 0.217642875033
VOM19980611.0700.0383: 0.215548092166
