VOM19980220.0700.2814: 0.21126076354
VOM19980221.0700.3085: 0.199558559263
VOM19980317.0900.0152: 0.186171480851
VOM19980317.0900.1955: 0.186171480851
VOM19980427.0900.0010: 0.180333926933
VOM19980427.0900.0040: 0.177343107178
VOM19980223.0700.0734: 0.174949606736
VOM19980317.0700.3639: 0.172852679414
VOM19980220.0700.0707: 0.169394228329
VOM19980220.0900.3559: 0.168686942449
VOM19980302.0700.0449: 0.168467726057
VOM19980618.0700.0315: 0.165485760757
VOM19980302.0700.3423: 0.165485760757
