VOM19980317.0900.2819: 0.275690161039
VOM19980222.0700.0448: 0.266119657544
VOM19980326.0700.2359: 0.260739207038
VOM19980326.0900.2164: 0.260739207038
VOM19980325.0900.0905: 0.25225228505
VOM19980303.0900.2177: 0.250882984439
VOM19980326.0900.1939: 0.250386390776
VOM19980325.0900.3063: 0.248964798866
VOM19980403.0900.3074: 0.243770113658
VOM19980625.0730.0090: 0.243708718338
VOM19980223.0700.2728: 0.241612315966
VOM19980404.0700.0406: 0.235915952425
VOM19980526.0730.0266: 0.233333333333
