VOM19980222.0700.0448: 0.265822103325
VOM19980526.0730.0266: 0.263704815817
VOM19980317.0900.2819: 0.260994606261
VOM19980520.0700.0476: 0.249482222433
VOM19980325.0900.0356: 0.244592536542
VOM19980617.0900.0206: 0.24377804032
VOM19980316.0700.0649: 0.235833315318
VOM19980403.0900.0173: 0.234575528668
VOM19980618.0700.0114: 0.232723913232
VOM19980403.0900.3340: 0.232005916226
VOM19980306.0700.0593: 0.229667001589
VOM19980403.0900.3074: 0.228375069598
VOM19980604.0700.0534: 0.225352388626
