VOM19980501.0700.0297: 0.311662529027
VOM19980220.0900.3360: 0.291726292804
VOM19980303.0700.0783: 0.279177170905
VOM19980221.0700.0119: 0.278501472737
VOM19980220.0700.0772: 0.276699025051
VOM19980223.0900.0629: 0.276283242327
VOM19980303.0700.0179: 0.274843256515
VOM19980223.0700.0240: 0.270833333333
VOM19980326.0900.0118: 0.269379208088
VOM19980223.0700.0882: 0.261904761905
VOM19980326.0700.0452: 0.260578653324
VOM19980317.0900.0376: 0.260162725439
VOM19980223.0900.3362: 0.260162725439
