VOM19980221.0700.3085: 0.248334388375
VOM19980220.0700.2814: 0.238775052912
VOM19980220.0700.0707: 0.227249807859
VOM19980611.0700.0254: 0.225675569555
VOM19980627.0700.0572: 0.221115997129
VOM19980530.0700.0512: 0.215983225148
VOM19980403.0700.2289: 0.212832557358
VOM19980303.0900.3207: 0.210753698284
VOM19980630.0700.0507: 0.207491777122
VOM19980404.0700.1859: 0.207343896142
VOM19980404.0700.0133: 0.207343896142
VOM19980325.0900.2134: 0.206350116184
VOM19980613.0700.0555: 0.205445350903
