VOM19980223.0900.0477: 0.274172040384
VOM19980317.0700.3608: 0.265900395981
VOM19980311.0700.0279: 0.25919772864
VOM19980403.0700.2182: 0.257820368173
VOM19980326.0900.0118: 0.24937475647
VOM19980311.0700.0234: 0.242038225842
VOM19980222.0700.0758: 0.241474444087
VOM19980223.0700.0882: 0.240135225312
VOM19980326.0700.0452: 0.238919342941
VOM19980311.0700.1006: 0.238698018815
VOM19980224.0700.0173: 0.236249769287
VOM19980224.0700.1530: 0.236129325859
VOM19980326.0700.0115: 0.235053560238
