VOM19980223.0700.0240: 0.271482651727
VOM19980312.0900.0825: 0.261245359301
VOM19980302.0900.1110: 0.257363346524
VOM19980225.0900.1275: 0.255168740839
VOM19980314.0700.0818: 0.253910887374
VOM19980222.0700.0448: 0.253255939687
VOM19980319.0700.2536: 0.249811249501
VOM19980303.0700.0783: 0.248839502029
VOM19980224.0700.1530: 0.24712296411
VOM19980613.0700.0112: 0.246970027503
VOM19980326.0900.2611: 0.244954075416
VOM19980302.0700.1749: 0.242829362094
VOM19980302.0900.0871: 0.242106231442
