VOM19980223.0700.1511: 0.285729595976
VOM19980220.0700.2814: 0.216668547478
VOM19980403.0700.2289: 0.211306927261
VOM19980221.0700.3085: 0.204203746958
VOM19980224.0900.3022: 0.202464950728
VOM19980220.0700.2956: 0.201525790975
VOM19980314.0700.1606: 0.200578500324
VOM19980220.0900.3559: 0.199621079582
VOM19980316.0900.1667: 0.198169307627
VOM19980305.0900.1736: 0.195689756943
VOM19980225.0900.0493: 0.190146343259
VOM19980222.0700.0448: 0.188895366893
VOM19980303.0900.2177: 0.188555472276
