VOM19980501.0700.0297: 0.331739894044
VOM19980303.0700.0179: 0.322830074687
VOM19980228.0700.0156: 0.31987666869
VOM19980220.0900.3360: 0.316943899842
VOM19980225.0900.0178: 0.30884310027
VOM19980225.0700.0187: 0.306258593743
VOM19980223.0900.3362: 0.300553179176
VOM19980224.0900.0215: 0.293777236064
VOM19980304.0700.0774: 0.293105714937
VOM19980303.0900.0160: 0.29294300271
VOM19980228.0700.1784: 0.292061306195
VOM19980223.0700.0882: 0.291729982996
VOM19980223.0700.0800: 0.290252859667
