VOM19980220.0700.2814: 0.269630401198
VOM19980403.0700.2289: 0.260836015019
VOM19980303.0900.2177: 0.253524963051
VOM19980630.0700.0507: 0.2534015169
VOM19980223.0700.1511: 0.249487178947
VOM19980316.0900.1667: 0.246807020937
VOM19980221.0700.3085: 0.244104208089
VOM19980314.0700.3062: 0.243416910084
VOM19980220.0700.0707: 0.242661912795
VOM19980222.0700.1501: 0.241992876771
VOM19980316.0700.0601: 0.235469053392
VOM19980403.0900.0431: 0.235145417448
VOM19980223.0900.3535: 0.234578715814
