VOM19980303.0700.0179: 0.254928355726
VOM19980304.0700.0774: 0.253854968408
VOM19980223.0900.1740: 0.25
VOM19980220.0900.2583: 0.248239788093
VOM19980223.0900.3362: 0.244529050535
VOM19980223.0900.0154: 0.242284918596
VOM19980225.0700.0757: 0.241648837332
VOM19980302.0700.2334: 0.236262870549
VOM19980225.0900.0714: 0.233770257094
VOM19980603.0700.0103: 0.233617416112
VOM19980221.0700.0119: 0.232573769525
VOM19980223.0700.0240: 0.231169524619
VOM19980223.0700.0197: 0.230769230769
