VOM19980504.0700.0025: 0.335576099546
VOM19980506.0900.0006: 0.330547275304
VOM19980506.0700.0042: 0.328672057871
VOM19980508.0700.0362: 0.327248960652
VOM19980510.0700.0040: 0.323122680152
VOM19980507.0700.0242: 0.320569707725
VOM19980302.0900.1110: 0.290312594229
VOM19980508.0900.0007: 0.289345144
VOM19980507.0900.0040: 0.289345144
VOM19980508.0730.0003: 0.285835751557
VOM19980507.0730.0066: 0.28206158473
VOM19980527.0700.0388: 0.272811135772
VOM19980509.0700.0089: 0.272811135772
