VOM19980302.0700.3552: 0.268835027986
VOM19980316.0900.2774: 0.251623350121
VOM19980620.0730.0003: 0.245411681793
VOM19980317.0900.2819: 0.241988757091
VOM19980312.0900.2408: 0.237390451718
VOM19980403.0700.1169: 0.236827396262
VOM19980222.0700.0448: 0.233699103568
VOM19980625.0730.0090: 0.230371988469
VOM19980319.0900.0364: 0.223906461651
VOM19980319.0700.0722: 0.223658212389
VOM19980223.0700.0562: 0.216950399029
VOM19980403.0700.0129: 0.215375979033
VOM19980623.0730.0140: 0.213722381148
