VOM19980223.0900.1740: 0.346687622641
VOM19980223.0900.3362: 0.34286856724
VOM19980223.0900.0154: 0.33778066961
VOM19980223.0700.0197: 0.335131368553
VOM19980223.0700.0800: 0.325205226114
VOM19980303.0700.0179: 0.314896468066
VOM19980222.0700.1842: 0.310316445417
VOM19980225.0900.0178: 0.300899226948
VOM19980224.0700.0173: 0.299750608591
VOM19980326.0700.0115: 0.299702001697
VOM19980225.0700.0187: 0.298381197516
VOM19980303.0900.0160: 0.298381197516
VOM19980223.0900.0477: 0.280691786107
