VOM19980223.0900.3362: 0.338234790346
VOM19980223.0700.0240: 0.294106914651
VOM19980228.0700.0156: 0.292158449489
VOM19980303.0700.0179: 0.29206843091
VOM19980304.0700.0774: 0.290838663634
VOM19980220.0900.3360: 0.287325945708
VOM19980223.0900.0629: 0.286070493664
VOM19980223.0900.0154: 0.282728433944
VOM19980223.0900.1740: 0.280510921794
VOM19980223.0700.0197: 0.280510921794
VOM19980224.0900.0215: 0.275507765717
VOM19980403.0700.2182: 0.274662833011
VOM19980224.0700.1530: 0.274239645927
