VOM19980220.0700.2814: 0.28987048188
VOM19980220.0900.3559: 0.262315694936
VOM19980403.0700.2289: 0.2432668164
VOM19980221.0700.3085: 0.240526728961
VOM19980303.0900.2177: 0.239179229681
VOM19980530.0700.0512: 0.235864757664
VOM19980220.0700.0221: 0.235702260396
VOM19980220.0700.0707: 0.22777698071
VOM19980502.0730.0081: 0.22627416998
VOM19980317.0900.0152: 0.225170500701
VOM19980317.0900.1955: 0.225170500701
VOM19980220.0700.2956: 0.223504202288
VOM19980315.0700.1148: 0.223076923077
