VOM19980625.0700.0404: 0.275603543601
VOM19980223.0700.0562: 0.274928699614
VOM19980602.0700.0036: 0.268226599589
VOM19980602.0730.0002: 0.265656963776
VOM19980603.0700.0103: 0.260926787952
VOM19980618.0730.0003: 0.259499648054
VOM19980529.0700.0100: 0.258046244809
VOM19980501.0700.0297: 0.257910191913
VOM19980515.0700.0170: 0.256891545196
VOM19980531.0700.0120: 0.255030685225
VOM19980602.0900.0005: 0.254587538609
VOM19980326.0700.0115: 0.247716847153
VOM19980422.0900.0090: 0.247435829653
