VOM19980603.0700.0103: 0.345134244981
VOM19980616.0900.0077: 0.319801074533
VOM19980616.0730.0252: 0.319801074533
VOM19980520.0700.0074: 0.284588526092
VOM19980430.0900.0074: 0.281091347571
VOM19980319.0900.2169: 0.281073637124
VOM19980319.0700.0177: 0.271652683997
VOM19980614.0730.0072: 0.271607238128
VOM19980520.0900.0081: 0.27014773362
VOM19980616.0730.0180: 0.27014773362
VOM19980630.0730.0091: 0.269564568074
VOM19980616.0900.0100: 0.267724835048
VOM19980529.0700.0100: 0.267419151079
