VOM19980403.0700.0323: 0.302500677268
VOM19980504.0700.0268: 0.274686839495
VOM19980504.0730.0100: 0.272308553696
VOM19980603.0900.0243: 0.264375547825
VOM19980610.0730.0140: 0.262582069722
VOM19980609.0700.0520: 0.251926747853
VOM19980404.0700.0406: 0.241897628545
VOM19980506.0700.0472: 0.234774775604
VOM19980616.0700.0538: 0.234260642833
VOM19980603.0700.0545: 0.234260642833
VOM19980526.0730.0266: 0.23281009859
VOM19980424.0900.0246: 0.231857906057
VOM19980403.0900.2079: 0.231328604347
