VOM19980618.0700.0144: 0.263550817896
VOM19980220.0900.2019: 0.258966975739
VOM19980226.0900.3196: 0.253067134774
VOM19980222.0700.0448: 0.250409500684
VOM19980404.0700.0676: 0.245049014705
VOM19980424.0900.0246: 0.232748079836
VOM19980618.0700.0114: 0.227574781841
VOM19980222.0700.2530: 0.227352565829
VOM19980220.0900.3504: 0.226871303243
VOM19980404.0700.0406: 0.225045013505
VOM19980317.0900.2819: 0.224224264665
VOM19980303.0700.0696: 0.223311495747
VOM19980616.0700.0538: 0.22278319717
