VOM19980223.0900.3362: 0.314755790146
VOM19980223.0900.0154: 0.299392475426
VOM19980223.0900.1740: 0.297044262893
VOM19980223.0700.0197: 0.297044262893
VOM19980220.0700.0772: 0.278968416515
VOM19980224.0900.3361: 0.26622834436
VOM19980303.0700.0179: 0.264336361851
VOM19980224.0900.2029: 0.264072613785
VOM19980527.0700.0094: 0.262148277616
VOM19980224.0900.0173: 0.259913730031
VOM19980226.0900.1725: 0.259913730031
VOM19980221.0700.0119: 0.258075043442
VOM19980225.0900.0178: 0.257812460661
