VOM19980625.0700.0404: 0.371687480267
VOM19980606.0700.0150: 0.341553797781
VOM19980612.0700.0080: 0.337463185573
VOM19980606.0730.0028: 0.328525525134
VOM19980611.0700.0046: 0.314095231621
VOM19980603.0700.0103: 0.301064826236
VOM19980614.0730.0072: 0.294465566917
VOM19980603.0730.0115: 0.287345311168
VOM19980607.0700.0045: 0.284778815662
VOM19980611.0900.0185: 0.277623585272
VOM19980613.0730.0031: 0.27542464026
VOM19980611.0730.0005: 0.274941168884
VOM19980520.0900.0115: 0.274721127897
