VOM19980304.0700.0271: 0.257955190882
VOM19980304.0900.0211: 0.257955190882
VOM19980326.0900.3077: 0.25660011964
VOM19980515.0900.0007: 0.252878169127
VOM19980510.0700.0125: 0.245373864406
VOM19980521.0700.0039: 0.242935266809
VOM19980620.0730.0107: 0.24248711306
VOM19980603.0730.0115: 0.240370085031
VOM19980228.0700.1896: 0.238909241284
VOM19980222.0700.0448: 0.238437536928
VOM19980511.0730.0099: 0.237924750992
VOM19980317.0900.0152: 0.237924750992
VOM19980317.0900.1955: 0.237924750992
