VOM19980522.0700.0215: 0.257226385765
VOM19980613.0730.0031: 0.25451390519
VOM19980625.0700.0404: 0.253784908261
VOM19980613.0700.0112: 0.251513636433
VOM19980531.0700.0120: 0.249260781309
VOM19980407.0900.0109: 0.246783823698
VOM19980317.0900.0152: 0.244609474497
VOM19980317.0900.1955: 0.244609474497
VOM19980520.0700.0129: 0.241825416703
VOM19980619.0700.0149: 0.240840997268
VOM19980520.0900.0115: 0.236939551104
VOM19980520.0730.0078: 0.236939551104
VOM19980526.0900.0034: 0.236137722912
