VOM19980224.0700.0588: 0.298877783974
VOM19980414.0900.0040: 0.280744962537
VOM19980511.0730.0066: 0.280597929042
VOM19980223.0900.2779: 0.27718357147
VOM19980602.0700.0245: 0.271811835433
VOM19980225.0900.0714: 0.270736826677
VOM19980627.0700.0275: 0.267261241912
VOM19980317.0700.0156: 0.260063165868
VOM19980317.0900.0152: 0.259597185982
VOM19980317.0900.1955: 0.259597185982
VOM19980501.0700.0297: 0.257880714778
VOM19980515.0900.0229: 0.257172249937
VOM19980611.0900.0142: 0.256125356833
