VOM19980325.0900.0356: 0.30213251255
VOM19980529.0700.0392: 0.240536603988
VOM19980415.0900.0272: 0.240120090075
VOM19980505.0700.0384: 0.238797104304
VOM19980618.0700.0114: 0.237907709709
VOM19980604.0900.0246: 0.236924156922
VOM19980325.0900.0905: 0.236198506957
VOM19980327.0900.3386: 0.233290135456
VOM19980327.0900.1892: 0.233290135456
VOM19980326.0700.2359: 0.232057020213
VOM19980326.0900.2164: 0.232057020213
VOM19980225.0900.2154: 0.231592379795
VOM19980625.0730.0090: 0.230371988469
