VOM19980303.0700.0179: 0.324290568247
VOM19980304.0700.0774: 0.315415241508
VOM19980223.0700.0882: 0.314468699454
VOM19980501.0700.0297: 0.307408083825
VOM19980221.0700.0119: 0.298937911797
VOM19980225.0700.0187: 0.296134681253
VOM19980304.0700.0871: 0.29548060054
VOM19980607.0700.0270: 0.291540499468
VOM19980303.0700.0783: 0.291101387193
VOM19980220.0900.0190: 0.289642223182
VOM19980223.0900.0629: 0.288083853128
VOM19980225.0900.0178: 0.287968261247
VOM19980228.0700.1784: 0.287209545033
