VOM19980303.0700.0179: 0.265747001726
VOM19980223.0900.3362: 0.248533711693
VOM19980603.0700.0103: 0.242661912795
VOM19980223.0900.0477: 0.241588284049
VOM19980304.0700.0774: 0.238165255811
VOM19980223.0700.1295: 0.235702260396
VOM19980602.0700.0245: 0.233954800089
VOM19980319.0700.3392: 0.228156043488
VOM19980326.0900.0433: 0.227609240738
VOM19980529.0700.0168: 0.227156522932
VOM19980316.0900.1523: 0.226804605813
VOM19980527.0700.0094: 0.226455406829
VOM19980326.0900.0118: 0.225924028529
