VOM19980604.0700.0534: 0.313280565038
VOM19980617.0900.0206: 0.309426373878
VOM19980223.0900.3502: 0.3
VOM19980520.0700.0476: 0.3
VOM19980223.0900.1900: 0.3
VOM19980316.0700.0649: 0.29506585333
VOM19980302.0900.0368: 0.289323451339
VOM19980610.0730.0140: 0.28016590734
VOM19980507.0700.0546: 0.277284273952
VOM19980325.0900.0356: 0.277196616324
VOM19980624.0700.0546: 0.274115206743
VOM19980602.0700.0547: 0.265708888557
VOM19980506.0700.0472: 0.2630213194
