VOM19980227.0900.1346: 0.284512195217
VOM19980222.0700.0448: 0.271434184757
VOM19980530.0700.0107: 0.268210840715
VOM19980223.0700.1993: 0.264695474588
VOM19980326.0700.0115: 0.258273632516
VOM19980303.0700.0179: 0.254560052774
VOM19980223.0900.0477: 0.250419451248
VOM19980311.0700.1006: 0.247707107367
VOM19980311.0700.0800: 0.245089397071
VOM19980404.0700.0676: 0.244787078717
VOM19980314.0700.0818: 0.24436714916
VOM19980403.0700.0727: 0.2437776015
VOM19980404.0700.1061: 0.2429511802
