VOM19980326.0900.0118: 0.284267621807
VOM19980303.0700.0179: 0.280874706808
VOM19980223.0700.0240: 0.278107443266
VOM19980326.0700.0452: 0.273105797924
VOM19980223.0700.0882: 0.269679944985
VOM19980224.0700.1530: 0.264842943687
VOM19980304.0700.0774: 0.253470939535
VOM19980223.0900.0477: 0.252371670469
VOM19980224.0700.0299: 0.25122079554
VOM19980605.0730.0003: 0.250283929677
VOM19980520.0900.0115: 0.247716847153
VOM19980501.0700.0297: 0.245332606423
VOM19980224.0900.0215: 0.237625901665
