VOM19980410.0900.0146: 0.255000018861
VOM19980521.0700.0180: 0.237397785226
VOM19980319.0900.0095: 0.237109085393
VOM19980319.0900.3295: 0.236541837964
VOM19980529.0700.0334: 0.233313242111
VOM19980616.0700.0458: 0.228324196829
VOM19980524.0700.0112: 0.228078950575
VOM19980522.0900.0007: 0.224282741245
VOM19980522.0730.0004: 0.224282741245
VOM19980506.0900.0152: 0.223164282803
VOM19980529.0900.0148: 0.223111543991
VOM19980524.0730.0003: 0.221922760048
VOM19980303.0700.0628: 0.221922760048
