VOM19980225.0900.2949: 0.322269675631
VOM19980404.0700.0676: 0.288218833995
VOM19980403.0900.0619: 0.276139661541
VOM19980616.0730.0180: 0.275459457454
VOM19980327.0900.1545: 0.275266893593
VOM19980404.0700.0406: 0.273326067497
VOM19980316.0900.2774: 0.273058532056
VOM19980616.0900.0100: 0.272988919142
VOM19980403.0700.1169: 0.269852254172
VOM19980220.0700.2208: 0.269086380706
VOM19980403.0700.0727: 0.268396877773
VOM19980222.0700.0448: 0.26835197658
VOM19980326.0900.1939: 0.267776436775
