VOM19980325.0900.3341: 0.348112934051
VOM19980326.0900.3077: 0.269375647062
VOM19980522.0700.0456: 0.265507103684
VOM19980607.0730.0033: 0.257614067049
VOM19980326.0700.1668: 0.257029901786
VOM19980508.0700.0421: 0.250872603002
VOM19980603.0700.0282: 0.250872603002
VOM19980303.0700.1291: 0.248671923613
VOM19980522.0900.0039: 0.247776415952
VOM19980612.0900.0038: 0.247776415952
VOM19980522.0730.0037: 0.247776415952
VOM19980326.0900.3442: 0.246380164995
VOM19980630.0900.0127: 0.245191732104
