VOM19980220.0900.3559: 0.25588315786
VOM19980501.0900.0269: 0.241746889208
VOM19980413.0900.0139: 0.222277112237
VOM19980224.0700.0588: 0.219899748567
VOM19980624.0730.0175: 0.215893884794
VOM19980625.0700.0404: 0.215893884794
VOM19980623.0700.0472: 0.214087209644
VOM19980305.0900.0332: 0.212325145033
VOM19980312.0900.3403: 0.212325145033
VOM19980407.0900.0140: 0.211896724207
VOM19980312.0900.1827: 0.210605884794
VOM19980403.0700.2289: 0.209564871154
VOM19980305.0700.0436: 0.207740900933
