VOM19980526.0730.0266: 0.310316445417
VOM19980520.0700.0476: 0.300711407212
VOM19980617.0900.0206: 0.283189687922
VOM19980507.0700.0546: 0.281969956292
VOM19980603.0700.0545: 0.280224269159
VOM19980403.0900.3340: 0.274327118489
VOM19980604.0700.0534: 0.274251117069
VOM19980220.0700.0620: 0.269069117599
VOM19980624.0700.0546: 0.264809969836
VOM19980306.0700.0593: 0.264791319714
VOM19980529.0700.0392: 0.261851106355
VOM19980619.0700.0553: 0.2583777598
VOM19980403.0900.2970: 0.257495759779
