VOM19980303.0700.0783: 0.289730623069
VOM19980224.0700.1530: 0.276895350966
VOM19980303.0700.0179: 0.272950122581
VOM19980311.0700.1006: 0.272730394588
VOM19980302.0900.0724: 0.272127424564
VOM19980302.0900.0871: 0.265174565328
VOM19980403.0700.2182: 0.263100962496
VOM19980326.0700.0115: 0.261498792314
VOM19980224.0700.0173: 0.256909998351
VOM19980223.0900.0477: 0.253907196568
VOM19980428.0900.0156: 0.251588360813
VOM19980225.0900.0178: 0.250906347384
VOM19980225.0700.0757: 0.250770849762
