VOM19980223.0900.0378: 0.196732379903
VOM19980502.0700.0095: 0.195366166291
VOM19980605.0700.0406: 0.192019971116
VOM19980326.0700.0901: 0.191366257449
VOM19980225.0900.2668: 0.187661757815
VOM19980501.0700.0297: 0.187341814177
VOM19980403.0900.1941: 0.186768833996
VOM19980530.0700.0199: 0.186768833996
VOM19980326.0700.0115: 0.183269709062
VOM19980326.0700.1085: 0.182716858001
VOM19980325.0900.0356: 0.182212810536
VOM19980325.0900.3299: 0.181457896528
VOM19980224.0900.2212: 0.18039731161
