VOM19980613.0700.0179: 0.346641332818
VOM19980613.0730.0072: 0.338922276135
VOM19980403.0700.2182: 0.300243970756
VOM19980311.0700.0279: 0.2845995164
VOM19980403.0700.0372: 0.283114695364
VOM19980501.0700.0297: 0.279841583104
VOM19980303.0700.0179: 0.275885452944
VOM19980221.0700.0119: 0.272130964957
VOM19980223.0900.0477: 0.270937200962
VOM19980326.0700.0717: 0.270181849643
VOM19980326.0700.0115: 0.267306652029
VOM19980527.0700.0094: 0.2654296735
VOM19980228.0700.0156: 0.260709443181
