VOM19980220.0700.2814: 0.280507564287
VOM19980220.0700.0707: 0.25092421757
VOM19980624.0700.0523: 0.215165741456
VOM19980625.0700.0404: 0.212597601381
VOM19980627.0700.0572: 0.210042012604
VOM19980626.0730.0070: 0.209980262783
VOM19980626.0900.0075: 0.209980262783
VOM19980626.0700.0131: 0.209950686015
VOM19980317.0700.0255: 0.209083349396
VOM19980530.0700.0512: 0.204254451115
VOM19980427.0900.0190: 0.203703703704
VOM19980223.0700.0491: 0.203703703704
VOM19980223.0700.0458: 0.20003306605
