VOM19980614.0730.0072: 0.27456790064
VOM19980520.0700.0074: 0.271596107368
VOM19980529.0700.0168: 0.267981888805
VOM19980626.0700.0131: 0.264287073791
VOM19980312.0900.0497: 0.263125332024
VOM19980317.0900.0152: 0.262189410138
VOM19980317.0900.1955: 0.262189410138
VOM19980430.0900.0001: 0.259919329227
VOM19980627.0730.0001: 0.259827920985
VOM19980603.0700.0103: 0.259435777735
VOM19980404.0700.1295: 0.259003713914
VOM19980312.0900.0825: 0.254000254
VOM19980603.0730.0115: 0.252149316606
