VOM19980220.0700.2814: 0.374590198692
VOM19980220.0700.0707: 0.286703363064
VOM19980220.0900.3559: 0.285506266549
VOM19980221.0700.3085: 0.278152938707
VOM19980403.0700.2289: 0.220464325235
VOM19980224.0900.3022: 0.206838348472
VOM19980530.0700.0512: 0.205456852393
VOM19980319.0700.2737: 0.204747154754
VOM19980223.0700.1511: 0.203061964329
VOM19980317.0700.2928: 0.201938031897
VOM19980314.0700.3062: 0.193814282618
VOM19980315.0700.3470: 0.193033641024
VOM19980316.0900.1667: 0.193033641024
