VOM19980319.0900.2169: 0.347626856401
VOM19980520.0700.0074: 0.315405280188
VOM19980529.0700.0100: 0.286497490433
VOM19980529.0700.0168: 0.282032321213
VOM19980603.0700.0103: 0.270116202933
VOM19980531.0700.0120: 0.264435545979
VOM19980619.0700.0149: 0.263945886864
VOM19980530.0730.0037: 0.259675167585
VOM19980606.0700.0098: 0.259626093567
VOM19980530.0700.0107: 0.256065122586
VOM19980515.0730.0097: 0.255989842525
VOM19980520.0730.0039: 0.253734381445
VOM19980319.0700.0177: 0.25232422415
