VOM19980627.0700.0022: 0.343791969355
VOM19980626.0700.0131: 0.338326122504
VOM19980317.0700.0156: 0.334366927545
VOM19980627.0730.0001: 0.330761628628
VOM19980317.0900.0152: 0.330396418522
VOM19980317.0900.1955: 0.330396418522
VOM19980317.0700.0723: 0.294741559459
VOM19980630.0700.0032: 0.285714285714
VOM19980317.0700.3639: 0.28171808491
VOM19980414.0900.0040: 0.280744962537
VOM19980403.0700.0727: 0.27987921882
VOM19980626.0730.0070: 0.274928699614
VOM19980626.0900.0075: 0.274928699614
