VOM19980522.0700.0215: 0.258590991552
VOM19980613.0700.0112: 0.252847935645
VOM19980520.0700.0074: 0.249069017633
VOM19980511.0900.0244: 0.248788165428
VOM19980626.0700.0131: 0.244814363386
VOM19980607.0700.0045: 0.243389650225
VOM19980619.0700.0149: 0.242118677307
VOM19980607.0730.0002: 0.24162140418
VOM19980520.0730.0078: 0.23819653367
VOM19980528.0900.0006: 0.235783132678
VOM19980618.0700.0315: 0.232245638454
VOM19980602.0700.0036: 0.232217925831
VOM19980520.0700.0129: 0.230952903205
