VOM19980505.0700.0384: 0.286595256871
VOM19980618.0700.0114: 0.251936328619
VOM19980602.0730.0163: 0.246814434452
VOM19980316.0700.0649: 0.238707768274
VOM19980303.0900.2177: 0.236273451201
VOM19980326.0700.2359: 0.231583845659
VOM19980326.0900.2164: 0.231583845659
VOM19980319.0900.0364: 0.23140128293
VOM19980325.0900.0356: 0.225067046558
VOM19980325.0900.0905: 0.222056606217
VOM19980226.0900.3196: 0.221392835567
VOM19980222.0700.0448: 0.220141697273
VOM19980604.0700.0534: 0.218882969824
