VOM19980614.0730.0034: 0.334482365811
VOM19980326.0700.0115: 0.333090485788
VOM19980614.0700.0111: 0.312667518345
VOM19980613.0700.0179: 0.310942250061
VOM19980404.0700.1859: 0.294851139367
VOM19980404.0700.0133: 0.294851139367
VOM19980224.0700.1724: 0.294204298794
VOM19980223.0700.0800: 0.291345102687
VOM19980613.0730.0072: 0.290654710478
VOM19980326.0700.0717: 0.287162491546
VOM19980222.0700.0758: 0.280992801772
VOM19980403.0700.2182: 0.277018097615
VOM19980223.0900.3362: 0.275664801306
