VOM19980221.0700.0119: 0.309434771592
VOM19980326.0700.0452: 0.303621316748
VOM19980326.0900.0118: 0.300228793322
VOM19980223.0700.0882: 0.299812675598
VOM19980220.0900.1815: 0.292101067625
VOM19980606.0730.0212: 0.290966690262
VOM19980220.0900.0190: 0.289105080041
VOM19980220.0900.3360: 0.285009524712
VOM19980501.0700.0297: 0.284109253514
VOM19980606.0700.0460: 0.281515428227
VOM19980416.0900.0132: 0.280449078075
VOM19980627.0730.0001: 0.274295881655
VOM19980510.0730.0001: 0.273690275752
