VOM19980325.0900.0905: 0.304251373184
VOM19980404.0700.0676: 0.303002307121
VOM19980317.0900.2819: 0.299127545188
VOM19980326.0700.2359: 0.292418464533
VOM19980326.0900.2164: 0.292418464533
VOM19980222.0700.0448: 0.286961052952
VOM19980226.0900.2027: 0.286870628796
VOM19980403.0900.0431: 0.281894775056
VOM19980220.0700.2208: 0.278431343615
VOM19980319.0700.0722: 0.271646632195
VOM19980319.0700.2536: 0.270751052707
VOM19980403.0700.0727: 0.270073750185
VOM19980327.0900.1545: 0.269527244559
