VOM19980220.0900.3360: 0.307288511839
VOM19980221.0700.0119: 0.302345900383
VOM19980223.0900.0629: 0.29755097944
VOM19980223.0900.3362: 0.291397118554
VOM19980224.0700.0173: 0.279508497187
VOM19980220.0900.1815: 0.275567596063
VOM19980220.0700.0772: 0.272939780961
VOM19980220.0900.0190: 0.272741187029
VOM19980223.0700.0882: 0.272741187029
VOM19980311.0700.0279: 0.271746488195
VOM19980224.0700.1530: 0.268191359862
VOM19980501.0700.0297: 0.268028133709
VOM19980326.0700.0115: 0.266969524989
