VOM19980326.0900.0118: 0.352332131709
VOM19980326.0700.0452: 0.336518222548
VOM19980616.0900.0077: 0.296927843424
VOM19980616.0730.0252: 0.296927843424
VOM19980221.0700.0119: 0.287482481052
VOM19980220.0900.3360: 0.285805121634
VOM19980223.0700.0882: 0.278543007266
VOM19980224.0700.0299: 0.273133890273
VOM19980627.0730.0153: 0.267615465053
VOM19980616.0730.0180: 0.265580336924
VOM19980223.0900.0154: 0.264688889059
VOM19980627.0700.0205: 0.264249098782
VOM19980224.0700.1530: 0.264114380905
