VOM19980223.0700.0882: 0.305312404996
VOM19980327.0900.3463: 0.274050999093
VOM19980521.0700.0223: 0.271003705188
VOM19980311.0700.1006: 0.270135101334
VOM19980224.0700.1530: 0.267228105561
VOM19980620.0700.0175: 0.261577623724
VOM19980502.0700.0038: 0.257325117733
VOM19980503.0700.0160: 0.254685815987
VOM19980220.0900.3360: 0.253027744394
VOM19980304.0700.0871: 0.242742226762
VOM19980528.0900.0169: 0.239379395108
VOM19980220.0900.1815: 0.237289498938
VOM19980616.0900.0137: 0.237289498938
