VOM19980614.0730.0072: 0.334325399019
VOM19980613.0700.0112: 0.324324652449
VOM19980612.0700.0038: 0.307488845333
VOM19980613.0730.0031: 0.302283461961
VOM19980612.0900.0038: 0.297569850322
VOM19980530.0700.0107: 0.284398229497
VOM19980630.0730.0091: 0.282912576058
VOM19980223.0700.2728: 0.281933636873
VOM19980603.0700.0103: 0.273779905618
VOM19980625.0700.0404: 0.27195576546
VOM19980612.0730.0003: 0.265294612971
VOM19980527.0700.0163: 0.265157211149
VOM19980619.0900.0007: 0.262797869522
