VOM19980403.0700.0372: 0.377531366017
VOM19980403.0700.2182: 0.333901914442
VOM19980319.0900.3353: 0.332841328145
VOM19980326.0700.0717: 0.317039794104
VOM19980326.0700.0115: 0.313929754224
VOM19980311.0700.0279: 0.298243857747
VOM19980327.0900.3348: 0.281684278401
VOM19980220.0700.0221: 0.277162543849
VOM19980306.0700.0425: 0.273134987647
VOM19980327.0900.1850: 0.272595284905
VOM19980327.0900.0179: 0.264983322726
VOM19980306.0700.0354: 0.262225245042
VOM19980225.0900.0178: 0.257189993323
