VOM19980222.0700.0448: 0.370038358201
VOM19980225.0900.2949: 0.349091075226
VOM19980620.0730.0003: 0.344123600806
VOM19980620.0700.0040: 0.323182865299
VOM19980619.0700.0040: 0.318691310428
VOM19980403.0900.3074: 0.307159532747
VOM19980224.0700.0588: 0.300553179176
VOM19980315.0700.2184: 0.294397122297
VOM19980223.0700.0562: 0.294355540783
VOM19980303.0700.0324: 0.29034160159
VOM19980630.0730.0136: 0.288995944253
VOM19980612.0900.0038: 0.288181419278
VOM19980301.0700.0136: 0.287860050235
