VOM19980223.0700.0882: 0.311055662747
VOM19980225.0700.0187: 0.305085107924
VOM19980223.0700.0240: 0.303821810125
VOM19980303.0700.0783: 0.295173994667
VOM19980303.0700.0179: 0.290064357678
VOM19980220.0700.0772: 0.290031835345
VOM19980225.0900.0178: 0.289013668324
VOM19980224.0700.1530: 0.288083732829
VOM19980223.0900.3362: 0.284555196612
VOM19980224.0900.2029: 0.281934707844
VOM19980224.0900.3453: 0.277650585848
VOM19980326.0900.0118: 0.277555466595
VOM19980221.0700.0119: 0.276242505712
