VOM19980404.0700.1295: 0.301781700966
VOM19980403.0700.0727: 0.299945230488
VOM19980314.0700.0818: 0.297961868738
VOM19980404.0700.0676: 0.297771605921
VOM19980319.0700.1102: 0.291964200432
VOM19980220.0900.2583: 0.289498745782
VOM19980403.0900.2349: 0.286709188154
VOM19980319.0700.0722: 0.280545858472
VOM19980222.0700.0448: 0.280532458033
VOM19980302.0900.0871: 0.280374081663
VOM19980314.0700.1261: 0.279589408608
VOM19980223.0900.2288: 0.27839065407
VOM19980403.0900.0619: 0.27829434916
