VOM19980303.0700.0179: 0.424709986123
VOM19980304.0700.0871: 0.389241792986
VOM19980224.0900.2029: 0.379762358618
VOM19980224.0900.0173: 0.373781475251
VOM19980224.0900.3361: 0.360984653175
VOM19980326.0700.0115: 0.350277167721
VOM19980304.0700.0774: 0.344602887532
VOM19980226.0900.3359: 0.328507078489
VOM19980226.0900.0170: 0.325510593101
VOM19980223.0700.0240: 0.324715625165
VOM19980225.0900.0178: 0.322560889834
VOM19980303.0700.0783: 0.32179774088
VOM19980226.0900.1725: 0.320384121644
