VOM19980404.0700.0406: 0.326477830792
VOM19980326.0700.2359: 0.303790269651
VOM19980326.0900.2164: 0.303790269651
VOM19980222.0700.0448: 0.303666123817
VOM19980319.0900.0364: 0.293455980027
VOM19980226.0900.2027: 0.292413573566
VOM19980325.0900.0905: 0.290014616431
VOM19980317.0900.2819: 0.277350098113
VOM19980312.0900.2408: 0.273699374347
VOM19980403.0900.0173: 0.272933528164
VOM19980319.0700.0722: 0.26478628825
VOM19980220.0700.2208: 0.261029098186
VOM19980403.0900.0619: 0.257274080172
