VOM19980515.0730.0097: 0.32120803722
VOM19980515.0900.0047: 0.312018860377
VOM19980520.0700.0129: 0.294174202707
VOM19980515.0700.0170: 0.290887236941
VOM19980319.0900.2169: 0.287598654272
VOM19980606.0700.0150: 0.285863149521
VOM19980626.0700.0131: 0.285266808093
VOM19980527.0700.0094: 0.281029618164
VOM19980510.0700.0040: 0.277079644515
VOM19980625.0700.0404: 0.276827288792
VOM19980507.0700.0242: 0.26945575878
VOM19980511.0900.0244: 0.264809969836
VOM19980303.0700.1510: 0.262351971717
