VOM19980501.0700.0297: 0.315457297284
VOM19980224.0900.2029: 0.289303646409
VOM19980223.0900.3362: 0.289153809788
VOM19980502.0700.0095: 0.286521542985
VOM19980507.0700.0242: 0.286181903516
VOM19980523.0730.0220: 0.286181903516
VOM19980223.0700.0240: 0.285241323466
VOM19980224.0900.0173: 0.284747398726
VOM19980502.0730.0047: 0.284160894707
VOM19980607.0700.0045: 0.282406511342
VOM19980224.0900.3361: 0.279512625181
VOM19980523.0700.0428: 0.278270690937
VOM19980225.0700.0187: 0.269578694768
