VOM19980224.0900.3022: 0.283636879173
VOM19980302.0900.0871: 0.246575814615
VOM19980403.0900.0987: 0.241212120685
VOM19980220.0700.2814: 0.241164762352
VOM19980223.0700.1511: 0.239677606779
VOM19980316.0900.1194: 0.23554208215
VOM19980305.0700.0763: 0.234787137637
VOM19980221.0700.3085: 0.232889003896
VOM19980316.0700.0601: 0.23239715751
VOM19980319.0900.0647: 0.231636061361
VOM19980304.0900.1080: 0.230382761318
VOM19980304.0900.1406: 0.230270706764
VOM19980327.0900.2955: 0.229215605942
