VOM19980521.0700.0467: 0.260469051361
VOM19980312.0900.2058: 0.25327787624
VOM19980311.0700.1006: 0.244450603519
VOM19980312.0900.0230: 0.2388581213
VOM19980312.0900.0395: 0.237094295575
VOM19980611.0900.0142: 0.2366882791
VOM19980303.0700.0783: 0.230683934433
VOM19980228.0700.0327: 0.229017333675
VOM19980521.0730.0148: 0.226915215235
VOM19980228.0700.1944: 0.226274512172
VOM19980326.0900.0149: 0.223627935605
VOM19980505.0730.0032: 0.222285237174
VOM19980531.0700.0040: 0.222239159246
