VOM19980510.0700.0040: 0.39824568304
VOM19980510.0730.0001: 0.390360029179
VOM19980508.0900.0007: 0.360011520553
VOM19980507.0900.0040: 0.360011520553
VOM19980507.0730.0066: 0.359811458564
VOM19980509.0730.0027: 0.353553390593
VOM19980507.0700.0242: 0.351378444084
VOM19980509.0700.0089: 0.348011136535
VOM19980508.0730.0003: 0.347635010613
VOM19980421.0900.0012: 0.347439614486
VOM19980508.0700.0362: 0.32961586209
VOM19980427.0900.0219: 0.32936627462
VOM19980511.0700.0278: 0.328687867567
