VOM19980627.0700.0572: 0.244997978775
VOM19980220.0900.3559: 0.220433357089
VOM19980220.0700.2814: 0.20244922544
VOM19980302.0700.0449: 0.192628532132
VOM19980220.0700.0707: 0.185940392416
VOM19980403.0900.0398: 0.185695338177
VOM19980520.0700.0476: 0.181827458019
VOM19980406.0900.0220: 0.17428408038
VOM19980325.0900.0356: 0.17248669427
VOM19980403.0900.2302: 0.170367084
VOM19980303.0900.3439: 0.170297017337
VOM19980317.0900.0152: 0.170297017337
VOM19980317.0900.1955: 0.170297017337
