VOM19980507.0900.0040: 0.348011136535
VOM19980507.0730.0066: 0.34740416689
VOM19980508.0700.0362: 0.32961586209
VOM19980504.0700.0025: 0.321848662796
VOM19980501.0700.0297: 0.314045848158
VOM19980507.0700.0242: 0.313391585264
VOM19980523.0730.0220: 0.313391585264
VOM19980509.0700.0089: 0.312009984479
VOM19980506.0700.0042: 0.311152430117
VOM19980523.0700.0428: 0.306186217848
VOM19980505.0700.0033: 0.298962740552
VOM19980505.0730.0003: 0.295803989155
VOM19980502.0700.0095: 0.295803989155
