VOM19980618.0700.0114: 0.320434972231
VOM19980317.0900.2819: 0.296499726664
VOM19980222.0700.0448: 0.292169467361
VOM19980325.0900.0356: 0.280037187105
VOM19980618.0700.0144: 0.277791949752
VOM19980624.0700.0546: 0.270656369092
VOM19980506.0700.0472: 0.270637307218
VOM19980526.0730.0266: 0.268372520061
VOM19980303.0700.0696: 0.267475307819
VOM19980527.0730.0233: 0.267444737466
VOM19980618.0730.0119: 0.267261241912
VOM19980616.0700.0538: 0.259133744655
VOM19980226.0900.3196: 0.258461541851
