VOM19980501.0700.0297: 0.316915161019
VOM19980620.0700.0175: 0.299317153309
VOM19980304.0700.0871: 0.299274612102
VOM19980223.0700.0240: 0.296111531074
VOM19980220.0900.1815: 0.291637770182
VOM19980220.0900.0190: 0.288646534492
VOM19980303.0700.0179: 0.281191428363
VOM19980304.0700.0774: 0.280007459195
VOM19980406.0900.0112: 0.279009722804
VOM19980224.0900.3400: 0.278916428184
VOM19980223.0700.0882: 0.278693205717
VOM19980221.0700.0119: 0.277364732071
VOM19980624.0700.0434: 0.275407905775
