VOM19980303.0700.0179: 0.33946189035
VOM19980223.0700.0240: 0.298310673313
VOM19980304.0700.0774: 0.297927011534
VOM19980303.0700.0783: 0.293150984989
VOM19980223.0700.1993: 0.279825940217
VOM19980304.0700.0871: 0.278815161252
VOM19980502.0730.0193: 0.274336320356
VOM19980326.0700.0115: 0.274120494408
VOM19980223.0700.1295: 0.272165526976
VOM19980319.0700.2536: 0.270301962704
VOM19980326.0900.2725: 0.270057649881
VOM19980304.0700.0408: 0.267245659529
VOM19980303.0900.0160: 0.266267605052
