VOM19980526.0730.0266: 0.273690275752
VOM19980506.0700.0472: 0.248399945352
VOM19980220.0700.0620: 0.244232885946
VOM19980325.0900.0905: 0.234472066827
VOM19980220.0900.0330: 0.233098833635
VOM19980325.0900.0356: 0.232699765779
VOM19980617.0900.0206: 0.231924872632
VOM19980222.0700.0448: 0.230642147778
VOM19980424.0900.0246: 0.227142402859
VOM19980618.0700.0542: 0.223720970235
VOM19980630.0700.0457: 0.223314062223
VOM19980403.0900.3074: 0.221221216132
VOM19980306.0700.0593: 0.220799951424
