VOM19980311.0700.0279: 0.286328143339
VOM19980326.0700.0452: 0.282391247362
VOM19980326.0900.0118: 0.279235938861
VOM19980223.0700.0882: 0.274367416821
VOM19980224.0900.2029: 0.27357698914
VOM19980221.0700.0119: 0.273408298403
VOM19980224.0900.0173: 0.26926842083
VOM19980303.0700.0179: 0.267281108944
VOM19980304.0700.0871: 0.266690373531
VOM19980304.0700.0774: 0.266155709803
VOM19980222.0700.1842: 0.266007958374
VOM19980223.0700.0240: 0.264906471413
VOM19980224.0900.3361: 0.26381855523
