VOM19980223.0700.0240: 0.254400196987
VOM19980326.0700.0115: 0.243934688455
VOM19980223.0900.0477: 0.240665972237
VOM19980501.0700.0297: 0.240003918463
VOM19980302.0900.0724: 0.238213773676
VOM19980222.0700.0758: 0.237052327965
VOM19980220.0700.0772: 0.234640954931
VOM19980221.0700.0119: 0.233390967849
VOM19980220.0900.3360: 0.232029213434
VOM19980228.0700.1784: 0.22998382983
VOM19980428.0900.0156: 0.226133508433
VOM19980304.0700.0774: 0.224756892686
VOM19980224.0700.1530: 0.224630175169
