VOM19980225.0900.0178: 0.330029005099
VOM19980225.0700.0187: 0.327267207549
VOM19980303.0700.0179: 0.325045148295
VOM19980225.0900.1874: 0.312037039084
VOM19980616.0700.0045: 0.311487132615
VOM19980501.0700.0297: 0.300899975368
VOM19980326.0900.0118: 0.296917987732
VOM19980224.0900.0173: 0.294241174638
VOM19980304.0700.0774: 0.290478938136
VOM19980222.0700.0758: 0.288571107516
VOM19980224.0900.2029: 0.287451281136
VOM19980224.0900.3400: 0.287032328837
VOM19980326.0700.0452: 0.286624322477
