VOM19980326.0700.0115: 0.307312236964
VOM19980613.0700.0179: 0.293996105714
VOM19980326.0700.0717: 0.292826942274
VOM19980403.0700.2182: 0.278479008147
VOM19980222.0700.0758: 0.276636564391
VOM19980613.0730.0072: 0.274487452672
VOM19980303.0700.1180: 0.27419446021
VOM19980224.0700.1724: 0.271435495892
VOM19980302.0900.0724: 0.270771384131
VOM19980221.0700.0119: 0.265289426523
VOM19980501.0700.0297: 0.263712655192
VOM19980225.0700.0187: 0.262801727927
VOM19980319.0700.1749: 0.258887062294
