VOM19980526.0700.0431: 0.280648971506
VOM19980502.0730.0193: 0.26713147194
VOM19980502.0700.0348: 0.253375273313
VOM19980223.0900.3362: 0.247969097146
VOM19980501.0700.0297: 0.242968290114
VOM19980428.0900.0156: 0.236889224859
VOM19980326.0900.0118: 0.235014746261
VOM19980304.0700.0871: 0.233808290705
VOM19980303.0700.0783: 0.231080198746
VOM19980526.0900.0223: 0.223761811147
VOM19980326.0700.0452: 0.222815966633
VOM19980502.0700.0307: 0.222180435775
VOM19980223.0700.0800: 0.217864500708
