VOM19980223.0900.0629: 0.31536180374
VOM19980303.0700.0783: 0.295699199405
VOM19980303.0700.0179: 0.294217512276
VOM19980223.0700.0240: 0.293150984989
VOM19980501.0700.0297: 0.271533437211
VOM19980223.0900.0154: 0.265908011739
VOM19980223.0900.1740: 0.263822426506
VOM19980223.0700.0197: 0.263822426506
VOM19980223.0900.3362: 0.263578611064
VOM19980223.0700.1295: 0.262595180756
VOM19980304.0700.0774: 0.259811296627
VOM19980223.0900.0477: 0.253504364479
VOM19980228.0700.0156: 0.252065844736
