VOM19980612.0700.0080: 0.331669381696
VOM19980515.0900.0047: 0.3186887196
VOM19980527.0700.0094: 0.317307692308
VOM19980625.0700.0404: 0.293619679683
VOM19980515.0700.0170: 0.280484097003
VOM19980531.0700.0120: 0.27071755114
VOM19980529.0700.0168: 0.26881978374
VOM19980603.0700.0103: 0.265897268632
VOM19980527.0730.0043: 0.2636560295
VOM19980527.0900.0049: 0.2636560295
VOM19980619.0700.0149: 0.260208249933
VOM19980606.0700.0150: 0.259888849095
VOM19980520.0700.0074: 0.258318509346
