VOM19980220.0700.0321: 0.222298469341
VOM19980326.0700.1085: 0.221851637795
VOM19980625.0730.0002: 0.220259634696
VOM19980224.0900.3022: 0.21950101796
VOM19980226.0900.2027: 0.217891748275
VOM19980305.0700.0763: 0.214748739872
VOM19980319.0700.3392: 0.214484149202
VOM19980403.0900.0431: 0.21433636686
VOM19980302.0900.0871: 0.212264741303
VOM19980319.0900.2245: 0.211883541221
VOM19980225.0900.2668: 0.210241808014
VOM19980316.0900.1667: 0.207849006815
VOM19980227.0900.1346: 0.207827159675
