VOM19980220.0900.3360: 0.374521552708
VOM19980220.0900.1815: 0.346954758098
VOM19980220.0900.0190: 0.343396153687
VOM19980304.0700.0774: 0.318874069609
VOM19980220.0700.0772: 0.313225901094
VOM19980221.0700.0119: 0.313205724863
VOM19980224.0700.1530: 0.295318984747
VOM19980611.0700.0046: 0.289628734627
VOM19980225.0900.0178: 0.288185439357
VOM19980501.0700.0297: 0.288176989039
VOM19980223.0900.0629: 0.2780046499
VOM19980302.0900.0724: 0.277614955819
VOM19980228.0700.0156: 0.277160931262
