VOM19980221.0700.0119: 0.336450230738
VOM19980223.0700.0240: 0.306368417339
VOM19980220.0900.3360: 0.290763349697
VOM19980223.0900.3362: 0.284961414088
VOM19980226.0900.1725: 0.283866794717
VOM19980225.0900.0178: 0.28008991984
VOM19980225.0700.0187: 0.277746029932
VOM19980607.0700.0045: 0.269781309373
VOM19980224.0900.0215: 0.269510324272
VOM19980501.0700.0297: 0.269098110553
VOM19980225.0900.1874: 0.264820448851
VOM19980304.0700.0774: 0.262959424748
VOM19980223.0900.0477: 0.260535578912
