VOM19980311.0700.1487: 0.20464430893535684
VOM19980630.0900.0230: 0.2007504360142217
VOM19980303.0900.2128: 0.18758440169897792
VOM19980316.0700.0776: 0.1672440664772805
VOM19980303.0900.0396: 0.1606361618727551
VOM19980304.0700.1058: 0.15791448875262723
VOM19980319.0700.2737: 0.15382491742960183
VOM19980621.0700.0565: 0.13021095432950416
VOM19980304.0700.1276: 0.12240696527572548
VOM19980305.0900.2093: 0.11756861421681253
VOM19980316.0700.0702: 0.11750875206680123
VOM19980225.0700.0585: 0.11626361316895066
VOM19980306.0700.0971: 0.11322427978101288
