VOM19980311.0700.1487: 0.20178421455040405
VOM19980630.0900.0230: 0.1958609497285574
VOM19980303.0900.2128: 0.18183741510813992
VOM19980316.0700.0776: 0.16510698537727211
VOM19980304.0700.1058: 0.15665492860365485
VOM19980303.0900.0396: 0.15501080350069366
VOM19980319.0700.2737: 0.15309065047319778
VOM19980621.0700.0565: 0.12441475582177161
VOM19980304.0700.1276: 0.12128220852210475
VOM19980316.0700.0702: 0.11238985029611666
VOM19980305.0900.2093: 0.1119148673082776
VOM19980326.0700.1793: 0.11137903613118325
VOM19980306.0700.0971: 0.11096708737652418
