VOM19980603.0700.0103: 0.1905436351437364
VOM19980616.0730.0180: 0.17265591439219805
VOM19980616.0900.0100: 0.1720221418703166
VOM19980616.0730.0252: 0.15300302957494058
VOM19980616.0900.0077: 0.15300302957494058
VOM19980531.0700.0120: 0.14004879669347206
VOM19980618.0900.0057: 0.12474855004935397
VOM19980317.0700.0723: 0.12140206161556193
VOM19980529.0730.0042: 0.11694377508157175
VOM19980529.0900.0046: 0.11694377508157175
VOM19980224.0900.2345: 0.10974401680033859
VOM19980319.0900.2169: 0.10502946985720778
VOM19980528.0900.0006: 0.10455619781665346
