VOM19980306.0700.1305: 0.09551671651435581
VOM19980505.0700.0193: 0.09137769560278823
VOM19980314.0700.2522: 0.09130821211355596
VOM19980319.0900.2169: 0.0851132882692865
VOM19980507.0700.0127: 0.08468913363673973
VOM19980226.0900.0622: 0.08462296320055777
VOM19980521.0700.0039: 0.08046312714800215
VOM19980223.0900.2288: 0.07979745381090171
VOM19980515.0900.0007: 0.07931416890612225
VOM19980415.0900.0022: 0.07894082971436028
VOM19980623.0700.0314: 0.07873132954034542
VOM19980223.0700.1993: 0.07835185250671808
VOM19980222.0700.0448: 0.07714159058473642
