VOM19980616.0730.0180: 0.10999219615017393
VOM19980616.0900.0100: 0.10963183767695718
VOM19980222.0700.0448: 0.10665357599938977
VOM19980319.0900.0364: 0.10548567270552264
VOM19980526.0900.0124: 0.1048178847429302
VOM19980316.0900.2774: 0.10306490651751705
VOM19980302.0700.0484: 0.102770665663102
VOM19980225.0900.1919: 0.10120289675737455
VOM19980404.0700.1061: 0.10104850826969426
VOM19980526.0730.0065: 0.10070348233183454
VOM19980225.0900.0216: 0.10011100031365376
VOM19980225.0900.0714: 0.0991818951600682
VOM19980221.0700.2690: 0.09542000181120901
