VOM19980603.0700.0103: 0.1922858301018193
VOM19980616.0730.0180: 0.17223897277321762
VOM19980616.0900.0100: 0.17160673072969984
VOM19980616.0730.0252: 0.14931803993941514
VOM19980616.0900.0077: 0.14931803993941514
VOM19980531.0700.0120: 0.1381826998278967
VOM19980317.0700.0723: 0.12275830754697646
VOM19980618.0900.0057: 0.12100855131273403
VOM19980529.0730.0042: 0.11465158720955686
VOM19980529.0900.0046: 0.11465158720955686
VOM19980224.0900.2345: 0.11086196227923299
VOM19980319.0900.2169: 0.10524941214662699
VOM19980604.0700.0039: 0.10335470547772438
