VOM19980616.0730.0180: 0.1199324223744219
VOM19980616.0900.0100: 0.1194921833356889
VOM19980526.0900.0124: 0.11902640188328066
VOM19980526.0730.0065: 0.11399566673263418
VOM19980319.0900.0364: 0.11344526336383513
VOM19980225.0900.1919: 0.1132755057723762
VOM19980225.0900.0216: 0.11198557545142829
VOM19980222.0700.0448: 0.11071022600258884
VOM19980302.0700.0484: 0.10816599595929155
VOM19980316.0900.2774: 0.10747136757264147
VOM19980404.0700.1061: 0.10617022054696972
VOM19980225.0900.0714: 0.10439781674012363
VOM19980326.0700.0480: 0.09895780864204087
