VOM19980515.0900.0007: 0.11852299577622137
VOM19980527.0700.0042: 0.11842721950963056
VOM19980527.0730.0003: 0.11135112176862991
VOM19980515.0730.0053: 0.1083278675959202
VOM19980524.0730.0061: 0.10613397847528033
VOM19980524.0700.0265: 0.10613397847528033
VOM19980527.0900.0008: 0.10536650213526148
VOM19980630.0900.0127: 0.09597065772154356
VOM19980515.0700.0102: 0.0938568679406934
VOM19980403.0900.2121: 0.09123061909791427
VOM19980403.0700.0489: 0.08971349323442951
VOM19980410.0900.0241: 0.08951569531160443
VOM19980421.0900.0146: 0.08430547444143287
