VOM19980602.0900.0127: 0.20014634266660097
VOM19980531.0700.0040: 0.19146772892166652
VOM19980220.0900.3537: 0.1708423960097079
VOM19980602.0700.0166: 0.16420940916380294
VOM19980605.0900.0045: 0.1640826580758101
VOM19980628.0700.0527: 0.15916628824027873
VOM19980605.0730.0042: 0.15887528007165191
VOM19980531.0730.0006: 0.1490530206487997
VOM19980315.0700.1828: 0.14690162797115908
VOM19980606.0730.0234: 0.13003968682728978
VOM19980605.0700.0040: 0.12904845767964027
VOM19980606.0700.0206: 0.1278633444366834
VOM19980604.0900.0159: 0.11800033861760842
