VOM19980526.0900.0124: 0.1260993361297397
VOM19980616.0730.0180: 0.1253095592915074
VOM19980616.0900.0100: 0.12479578697646367
VOM19980225.0900.1919: 0.12307564174175269
VOM19980225.0900.0216: 0.12176995741421122
VOM19980526.0730.0065: 0.1210847078280727
VOM19980319.0900.0364: 0.11952760493792493
VOM19980222.0700.0448: 0.11844076997413465
VOM19980302.0700.0484: 0.11546452796615511
VOM19980316.0900.2774: 0.11441246433489627
VOM19980404.0700.1061: 0.11285287745021
VOM19980225.0900.0714: 0.11142991100109752
VOM19980623.0700.0472: 0.10641207998416624
