VOM19980303.0700.0783: 0.12512899598365806
VOM19980530.0700.0107: 0.1134920446767036
VOM19980530.0730.0037: 0.11327839137413313
VOM19980326.0900.0118: 0.11251668878514678
VOM19980305.0900.2166: 0.11082632609969119
VOM19980315.0700.2670: 0.11047721304495443
VOM19980305.0900.1046: 0.10864173072091585
VOM19980224.0700.1530: 0.10525069884354592
VOM19980303.0700.2491: 0.10401881089165146
VOM19980612.0700.0080: 0.10393393068226159
VOM19980224.0700.2219: 0.10322704031971806
VOM19980623.0900.0051: 0.1020711737049179
VOM19980302.0900.2091: 0.10066013773436151
