VOM19980306.0700.1305: 0.08448849162082217
VOM19980314.0700.2522: 0.0842010951455341
VOM19980505.0700.0193: 0.081936271119207
VOM19980226.0900.0622: 0.0781968206157961
VOM19980319.0900.2169: 0.07396416782128107
VOM19980223.0900.2288: 0.07382974555317698
VOM19980223.0700.1993: 0.07293956995569613
VOM19980507.0700.0127: 0.07208593924527758
VOM19980222.0700.0448: 0.06977064622651982
VOM19980515.0900.0007: 0.06930047343140003
VOM19980521.0700.0039: 0.06873983470182056
VOM19980623.0700.0314: 0.06819288302040223
VOM19980220.0900.2583: 0.06773250981021252
