VOM19980603.0900.0074: 0.3531737290783523
VOM19980604.0900.0213: 0.24504262596549564
VOM19980603.0730.0280: 0.23959585418802112
VOM19980605.0730.0276: 0.2293873908713535
VOM19980604.0730.0250: 0.2169593204818101
VOM19980605.0700.0440: 0.2091080150482191
VOM19980606.0700.0354: 0.18243718622873412
VOM19980606.0730.0134: 0.13699018418713968
VOM19980223.0900.1854: 0.1052107464502963
VOM19980223.0900.0265: 0.1047498996238928
VOM19980509.0730.0100: 0.09772445020739218
VOM19980224.0900.2258: 0.09660271251683865
VOM19980223.0900.3466: 0.08866284992974949
