VOM19980325.0900.3341: 0.24058556498157163
VOM19980522.0730.0286: 0.1652976054396331
VOM19980607.0730.0033: 0.15799746675332543
VOM19980522.0700.0456: 0.15211505432625108
VOM19980326.0700.1668: 0.14778822491278618
VOM19980630.0900.0127: 0.14236780867496263
VOM19980603.0700.0282: 0.14175145868270217
VOM19980522.0730.0037: 0.1416055425999923
VOM19980522.0900.0039: 0.1416055425999923
VOM19980531.0700.0235: 0.13787950960189851
VOM19980302.0900.0457: 0.13427268471478732
VOM19980223.0900.1820: 0.13376515276858764
VOM19980304.0700.0871: 0.1336896150311765
