VOM19980314.0700.1261: 0.2066312831167237
VOM19980223.0700.1993: 0.20287354437947458
VOM19980224.0700.2219: 0.19737333991419156
VOM19980314.0700.0818: 0.19572315798038142
VOM19980303.0700.2491: 0.1873254718511115
VOM19980403.0900.2349: 0.1831047425492477
VOM19980317.0900.0757: 0.18293211001159923
VOM19980317.0700.0924: 0.1806222461845241
VOM19980302.0900.2091: 0.17981085907619387
VOM19980403.0700.0727: 0.17930053555816008
VOM19980225.0700.2209: 0.17888714381816923
VOM19980319.0700.1102: 0.17620439576023544
VOM19980306.0700.1916: 0.17461924208923651
