VOM19980602.0900.0127: 0.2010863912579976
VOM19980531.0700.0040: 0.19393048427845122
VOM19980220.0900.3537: 0.17288954623023453
VOM19980605.0900.0045: 0.16774045700331705
VOM19980602.0700.0166: 0.16543440502804804
VOM19980605.0730.0042: 0.16250917451856467
VOM19980628.0700.0527: 0.16217261272145295
VOM19980531.0730.0006: 0.15253718421294943
VOM19980315.0700.1828: 0.14954715677159602
VOM19980606.0730.0234: 0.13283965836092
VOM19980605.0700.0040: 0.13233573445142333
VOM19980606.0700.0206: 0.13065769624150037
VOM19980604.0900.0159: 0.11985845253218165
