VOM19980314.0700.1261: 0.17764313861246636
VOM19980223.0700.1993: 0.14964763146445514
VOM19980403.0900.2349: 0.14884058380218773
VOM19980314.0700.0818: 0.14018582021519216
VOM19980224.0700.2219: 0.139824946081251
VOM19980303.0700.2491: 0.13587886672839738
VOM19980317.0700.0924: 0.13489097600222424
VOM19980317.0900.0757: 0.13387375730396514
VOM19980220.0900.2138: 0.13365973911231083
VOM19980317.0700.0723: 0.1312309224359526
VOM19980225.0900.1275: 0.13052022142541683
VOM19980223.0900.2779: 0.12951879590790072
VOM19980225.0900.1029: 0.12938376093113765
