VOM19980603.0700.0103: 0.24302319695718222
VOM19980616.0730.0180: 0.19769150734817337
VOM19980616.0900.0100: 0.19688096724278145
VOM19980616.0730.0252: 0.1821250094996073
VOM19980616.0900.0077: 0.1821250094996073
VOM19980531.0700.0120: 0.16611549285833088
VOM19980319.0900.2169: 0.1587536624883905
VOM19980618.0900.0057: 0.15394397846073526
VOM19980317.0700.0723: 0.14916664047786718
VOM19980529.0730.0042: 0.14424336931375828
VOM19980529.0900.0046: 0.14424336931375828
VOM19980529.0700.0168: 0.13969403385196047
VOM19980224.0900.2345: 0.1377104236461278
