VOM19980222.0700.0448: 0.14894776016263223
VOM19980225.0900.0216: 0.1466625213209079
VOM19980225.0900.1919: 0.1466625213209079
VOM19980316.0900.2774: 0.14661255569877635
VOM19980225.0900.0714: 0.1459141222138912
VOM19980221.0700.2690: 0.14227366594518062
VOM19980302.0700.0484: 0.14113610632444004
VOM19980221.0700.2087: 0.14074247367155707
VOM19980325.0900.0905: 0.13970184764848653
VOM19980220.0700.2208: 0.1384414899177099
VOM19980326.0900.2164: 0.13699274014076704
VOM19980326.0700.2359: 0.13699274014076704
VOM19980403.0900.0619: 0.13629151523498087
