VOM19980515.0900.0007: 0.10541827255101881
VOM19980226.0900.1367: 0.1008463137505332
VOM19980527.0700.0042: 0.0945202136988532
VOM19980515.0730.0053: 0.09392403603442302
VOM19980224.0700.2219: 0.09325843849933625
VOM19980223.0700.1993: 0.08997937307344119
VOM19980223.0900.2288: 0.08659543278660241
VOM19980302.0700.1233: 0.08636041237353691
VOM19980515.0700.0102: 0.0854271545196244
VOM19980403.0700.2289: 0.08059783654071985
VOM19980305.0900.2166: 0.07984577577478894
VOM19980225.0700.2209: 0.0786194168400503
VOM19980403.0700.1724: 0.07790902578060373
