VOM19980314.0700.1261: 0.17947564699963178
VOM19980223.0700.1993: 0.15156624685479253
VOM19980403.0900.2349: 0.15071251763916374
VOM19980314.0700.0818: 0.14228480363836768
VOM19980224.0700.2219: 0.1412817094428832
VOM19980303.0700.2491: 0.13739448554575673
VOM19980317.0700.0924: 0.13690538077459974
VOM19980317.0900.0757: 0.13543001166606175
VOM19980220.0900.2138: 0.1352645082340187
VOM19980317.0700.0723: 0.13351484310378475
VOM19980225.0900.1275: 0.13258221033151715
VOM19980223.0900.2779: 0.131540913583402
VOM19980225.0900.1029: 0.1311416321723618
