VOM19980303.0700.0783: 0.12873504047725945
VOM19980530.0700.0107: 0.11559711191177341
VOM19980326.0900.0118: 0.11501094622874378
VOM19980530.0730.0037: 0.11467401273348683
VOM19980305.0900.2166: 0.11410261093281723
VOM19980315.0700.2670: 0.11367897391579747
VOM19980305.0900.1046: 0.11193855167880046
VOM19980224.0700.1530: 0.10784032181065083
VOM19980612.0700.0080: 0.10751488541393618
VOM19980303.0700.2491: 0.1071636027822419
VOM19980224.0700.2219: 0.10619897255648619
VOM19980623.0900.0051: 0.10550720564091033
VOM19980302.0900.2091: 0.10360334385702148
