VOM19980311.0700.1487: 0.21329206663238193
VOM19980630.0900.0230: 0.2073524898705
VOM19980303.0900.2128: 0.19556178143578795
VOM19980316.0700.0776: 0.1742368657846418
VOM19980303.0900.0396: 0.1684986621400499
VOM19980304.0700.1058: 0.16711585861527806
VOM19980319.0700.2737: 0.16062998504892612
VOM19980621.0700.0565: 0.13770038087629055
VOM19980304.0700.1276: 0.12834779410062103
VOM19980305.0900.2093: 0.12611074857460589
VOM19980316.0700.0702: 0.12471037895412379
VOM19980225.0700.0585: 0.1245236156513177
VOM19980306.0700.0971: 0.12165467140632773
