VOM19980603.0900.0074: 0.3520724266362081
VOM19980604.0900.0213: 0.24526889697168314
VOM19980603.0730.0280: 0.2397472154273243
VOM19980605.0730.0276: 0.22958811235495882
VOM19980604.0730.0250: 0.2171932832878821
VOM19980605.0700.0440: 0.20885770627555864
VOM19980606.0700.0354: 0.1835351180645953
VOM19980606.0730.0134: 0.1381570847651414
VOM19980223.0900.1854: 0.10543368086305467
VOM19980223.0900.0265: 0.10497185753358394
VOM19980509.0730.0100: 0.09963402108626655
VOM19980224.0900.2258: 0.09715685009025365
VOM19980223.0900.3466: 0.08870412640771617
