VOM19980303.0700.0783: 0.16346047820330512
VOM19980326.0900.0118: 0.15048140462289916
VOM19980612.0700.0080: 0.1503378488211863
VOM19980224.0700.1530: 0.14667991774191555
VOM19980305.0900.2166: 0.14512153992702131
VOM19980530.0700.0107: 0.1413684364485679
VOM19980326.0700.0452: 0.1396431703990641
VOM19980315.0700.2670: 0.13839393627082466
VOM19980623.0900.0051: 0.138077104151555
VOM19980305.0900.1046: 0.13697042775940196
VOM19980223.0700.0240: 0.1336330096166805
VOM19980303.0700.2491: 0.1330988763417569
VOM19980602.0700.0199: 0.1325521710146094
