VOM19980314.0700.2522: 0.11391881315938444
VOM19980226.0900.0622: 0.1085311049997513
VOM19980220.0900.2583: 0.10709084197532928
VOM19980223.0700.1993: 0.10486179942447676
VOM19980511.0730.0133: 0.10306977300822268
VOM19980222.0700.0448: 0.1020287325399155
VOM19980222.0700.1016: 0.0977738822086801
VOM19980224.0700.2219: 0.0976918676943975
VOM19980223.0900.2973: 0.09741677570529061
VOM19980223.0900.2288: 0.09728521244425249
VOM19980226.0900.2027: 0.09657543340557105
VOM19980225.0900.1428: 0.0949410713004281
VOM19980507.0700.0127: 0.09484919117901656
