VOM19980311.0700.1487: 0.2501996881614335
VOM19980303.0900.2128: 0.24285721012083897
VOM19980630.0900.0230: 0.221825196185825
VOM19980304.0700.1058: 0.22055077056718528
VOM19980303.0900.0396: 0.22053457363837137
VOM19980621.0700.0565: 0.19720027030053783
VOM19980316.0700.0776: 0.19521957523085007
VOM19980523.0700.0189: 0.1927777779069147
VOM19980305.0900.2093: 0.1846563003950849
VOM19980319.0700.2737: 0.18345108377639593
VOM19980225.0700.0585: 0.18017117352801454
VOM19980306.0700.0971: 0.17717871484221578
VOM19980316.0700.0944: 0.1650129903382411
