VOM19980315.0700.1310: 0.17753213847557564
VOM19980226.0900.2900: 0.17296624574732436
VOM19980326.0900.0149: 0.1508045023636159
VOM19980220.0900.1332: 0.14048322939163368
VOM19980628.0700.0316: 0.1384518146203147
VOM19980325.0900.2040: 0.13577928587139731
VOM19980325.0900.0124: 0.13229257058404267
VOM19980606.0730.0134: 0.1312323199062998
VOM19980624.0730.0254: 0.1308269771340198
VOM19980226.0900.3196: 0.12969734786058632
VOM19980319.0700.0496: 0.12550742512451094
VOM19980508.0700.0452: 0.12496693049102087
VOM19980508.0730.0240: 0.12331166627534335
