VOM19980314.0700.1261: 0.20614221321634318
VOM19980223.0700.1993: 0.1907834741696082
VOM19980314.0700.0818: 0.1865606565706223
VOM19980317.0700.0924: 0.17462439115174289
VOM19980403.0900.2349: 0.1735420428634156
VOM19980224.0700.2219: 0.16848574979826755
VOM19980317.0700.0723: 0.1658579525250957
VOM19980303.0700.2491: 0.16336112992140928
VOM19980223.0900.2288: 0.1614924512527526
VOM19980302.0900.0871: 0.16103697148504728
VOM19980223.0900.2779: 0.16095557828078896
VOM19980326.0700.2676: 0.15813415555864643
VOM19980403.0700.0727: 0.15808859142989534
