VOM19980314.0700.1911: 0.2112048691035208
VOM19980314.0700.0239: 0.20928055593843153
VOM19980327.0900.2123: 0.1689424254831793
VOM19980316.0900.1667: 0.16697440837785849
VOM19980316.0900.1861: 0.15588943240378175
VOM19980303.0900.1926: 0.14072524686520463
VOM19980228.0700.0448: 0.1396909870946911
VOM19980311.0700.1883: 0.13965251596997322
VOM19980302.0700.3423: 0.13911580650128905
VOM19980303.0900.3358: 0.13783741108899228
VOM19980302.0700.2096: 0.1330238389347246
VOM19980623.0700.0507: 0.1319823751328694
VOM19980623.0730.0101: 0.1319823751328694
