VOM19980314.0700.1261: 0.17270496368911514
VOM19980223.0700.1993: 0.14602839287352304
VOM19980403.0900.2349: 0.14435337649569444
VOM19980224.0700.2219: 0.13790351449789015
VOM19980314.0700.0818: 0.1358895751410775
VOM19980303.0700.2491: 0.13351623312472374
VOM19980317.0900.0757: 0.13142055315801682
VOM19980317.0700.0924: 0.13054639664975767
VOM19980220.0900.2138: 0.1298869324076182
VOM19980225.0900.1029: 0.12549395468297603
VOM19980316.0900.2774: 0.12506079925283964
VOM19980223.0900.2779: 0.12469359859241744
VOM19980317.0700.0723: 0.12464478027520312
