VOM19980508.0700.0362: 0.1724712651404403
VOM19980508.0730.0003: 0.16035350301110293
VOM19980508.0900.0007: 0.15389385466136085
VOM19980507.0700.0242: 0.14433484925788923
VOM19980510.0700.0040: 0.14255906835830476
VOM19980506.0700.0042: 0.1406220537516904
VOM19980327.0900.0221: 0.13593322151323972
VOM19980506.0900.0006: 0.1349756587925212
VOM19980504.0700.0025: 0.12933395819183316
VOM19980510.0730.0001: 0.12365283670068439
VOM19980509.0730.0027: 0.1210051449864029
VOM19980427.0900.0219: 0.12018453242549304
VOM19980509.0700.0089: 0.11987984265076562
