VOM19980314.0700.1911: 0.20130719691949248
VOM19980314.0700.0239: 0.19986802918471588
VOM19980327.0900.2123: 0.15963675062738494
VOM19980316.0900.1667: 0.15637093378913836
VOM19980316.0900.1861: 0.1483126180904599
VOM19980228.0700.0448: 0.13411427801256176
VOM19980311.0700.1883: 0.1336392984435854
VOM19980303.0900.1926: 0.13076701058784806
VOM19980302.0700.3423: 0.1294103488450544
VOM19980303.0900.3358: 0.12818397620773625
VOM19980302.0700.2096: 0.12304603071882686
VOM19980623.0700.0507: 0.12204335216987078
VOM19980623.0730.0101: 0.12204335216987078
