VOM19980314.0700.1911: 0.21047621096748767
VOM19980314.0700.0239: 0.20898586121396084
VOM19980327.0900.2123: 0.16349945575091782
VOM19980316.0900.1667: 0.159642917900632
VOM19980316.0900.1861: 0.15605345121109007
VOM19980303.0900.1926: 0.13998030056656843
VOM19980302.0700.3423: 0.13880985099254334
VOM19980303.0900.3358: 0.13705865313466398
VOM19980228.0700.0448: 0.13647496414366908
VOM19980311.0700.1883: 0.1348832817890233
VOM19980302.0700.2096: 0.13254122596899606
VOM19980303.0900.0203: 0.1296772236459974
VOM19980623.0700.0507: 0.1291492237514612
