VOM19980507.0700.0521: 0.21753408036101726
VOM19980511.0900.0004: 0.19198654427151346
VOM19980511.0730.0003: 0.18774572199178094
VOM19980511.0700.0039: 0.18774572199178094
VOM19980529.0900.0148: 0.1681025567501553
VOM19980529.0730.0148: 0.16445440468507805
VOM19980529.0700.0334: 0.1337312738541733
VOM19980302.0900.1291: 0.12174546252332774
VOM19980301.0700.0168: 0.1093401399192718
VOM19980225.0900.2118: 0.10218415650365097
VOM19980225.0900.0421: 0.10218415650365097
VOM19980511.0730.0099: 0.10133048221593481
VOM19980424.0900.0178: 0.09962434233762352
