VOM19980314.0700.2522: 0.10648410908831374
VOM19980521.0700.0039: 0.10326833135078776
VOM19980222.0700.0448: 0.10222045377851767
VOM19980226.0900.0622: 0.10004955811942165
VOM19980220.0900.2583: 0.09995173708546651
VOM19980306.0700.1305: 0.09868603397313076
VOM19980428.0900.0080: 0.09644995701259704
VOM19980317.0700.0156: 0.09636874716566145
VOM19980507.0700.0127: 0.0963664912710905
VOM19980223.0700.1993: 0.09603000614513675
VOM19980531.0700.0235: 0.0937713623349945
VOM19980410.0900.0241: 0.09346377134547233
VOM19980319.0900.2169: 0.0932556926580044
