VOM19980315.0700.1310: 0.20026502642573607
VOM19980326.0900.0149: 0.17666577158146315
VOM19980226.0900.2900: 0.17444260915736468
VOM19980628.0700.0316: 0.15444716741336978
VOM19980325.0900.2040: 0.15170738834583936
VOM19980624.0730.0254: 0.1507331794349851
VOM19980325.0900.0124: 0.1483479154705801
VOM19980606.0730.0134: 0.14762212482941608
VOM19980624.0700.0382: 0.13919647155226844
VOM19980508.0700.0452: 0.1362775038587521
VOM19980508.0730.0240: 0.13508895273068008
VOM19980508.0900.0211: 0.13465084895661422
VOM19980226.0900.3196: 0.13335703789763784
