VOM19980508.0700.0362: 0.2647190321822
VOM19980510.0730.0001: 0.25886630495403046
VOM19980507.0730.0066: 0.25847031532476683
VOM19980507.0700.0242: 0.25237489395371626
VOM19980507.0900.0040: 0.2510040251528389
VOM19980508.0900.0007: 0.2441156879229336
VOM19980508.0730.0003: 0.24368020293083678
VOM19980509.0730.0027: 0.24188794963873186
VOM19980510.0700.0040: 0.24132281598765784
VOM19980527.0700.0388: 0.2388845995945334
VOM19980509.0700.0089: 0.237864623129099
VOM19980506.0700.0042: 0.23370323590736405
VOM19980506.0900.0006: 0.2318683945814622
