VOM19980602.0900.0127: 0.2010931849302374
VOM19980531.0700.0040: 0.19393762236908765
VOM19980220.0900.3537: 0.17288942207802122
VOM19980605.0900.0045: 0.16776131471174976
VOM19980602.0700.0166: 0.16544331754729213
VOM19980605.0730.0042: 0.16252938174251236
VOM19980628.0700.0527: 0.16217595824071981
VOM19980531.0730.0006: 0.1525474328020072
VOM19980315.0700.1828: 0.14955145160009933
VOM19980606.0730.0234: 0.132847711790654
VOM19980605.0700.0040: 0.13235333368565128
VOM19980606.0700.0206: 0.13066561738936291
VOM19980604.0900.0159: 0.11986853229941781
