VOM19980303.0700.0783: 0.12872088191979505
VOM19980530.0700.0107: 0.11558785724535145
VOM19980326.0900.0118: 0.11500573231708393
VOM19980530.0730.0037: 0.11466547496168789
VOM19980305.0900.2166: 0.11408436012228716
VOM19980315.0700.2670: 0.11366555087482881
VOM19980305.0900.1046: 0.11192251786277502
VOM19980224.0700.1530: 0.10783164109284185
VOM19980612.0700.0080: 0.10750486987854946
VOM19980303.0700.2491: 0.10714354335434738
VOM19980224.0700.2219: 0.10617918187173314
VOM19980623.0900.0051: 0.10549312259796446
VOM19980302.0900.2091: 0.10358391167132294
