VOM19980515.0900.0007: 0.14440994395908535
VOM19980527.0700.0042: 0.14380577703493863
VOM19980226.0900.1367: 0.13343911897408728
VOM19980515.0730.0053: 0.13119515704754645
VOM19980527.0730.0003: 0.12910228023929884
VOM19980515.0700.0102: 0.1251175429014836
VOM19980524.0730.0061: 0.12507583905242403
VOM19980524.0700.0265: 0.12507583905242403
VOM19980527.0900.0008: 0.12136939392076468
VOM19980302.0700.1233: 0.11921606995855004
VOM19980403.0700.2289: 0.11634433367332805
VOM19980305.0900.2166: 0.11547342682238995
VOM19980223.0900.2288: 0.11489448746560194
