VOM19980603.0700.0103: 0.20203018235200132
VOM19980616.0730.0180: 0.17592856113363864
VOM19980616.0900.0100: 0.174350694631763
VOM19980616.0730.0252: 0.15423061912775748
VOM19980616.0900.0077: 0.15423061912775748
VOM19980319.0900.2169: 0.1423976436622667
VOM19980531.0700.0120: 0.13873355465089982
VOM19980317.0700.0723: 0.1341602653878601
VOM19980224.0900.2345: 0.13228175365806238
VOM19980530.0700.0037: 0.13012136762179327
VOM19980618.0900.0057: 0.12621108070432863
VOM19980529.0700.0168: 0.12449562718127799
VOM19980225.0900.1275: 0.11887938917510048
