VOM19980603.0700.0457: 0.15192399574213686
VOM19980624.0730.0117: 0.14595548407123407
VOM19980326.0900.3298: 0.14066246802647892
VOM19980603.0730.0240: 0.13706412114035196
VOM19980220.0700.0672: 0.12667157311610597
VOM19980225.0900.2065: 0.12279811232751613
VOM19980302.0700.0373: 0.12130598144933523
VOM19980403.0700.3400: 0.12017594852949406
VOM19980527.0700.0466: 0.11905251266049331
VOM19980502.0700.0438: 0.11786673906808412
VOM19980224.0700.0481: 0.11755465579809736
VOM19980526.0730.0229: 0.11664697904140267
VOM19980311.0700.3445: 0.11549693318478985
