VOM19980602.0900.0127: 0.19531468026480311
VOM19980531.0700.0040: 0.18717229824780898
VOM19980220.0900.3537: 0.16610068262781363
VOM19980602.0700.0166: 0.16006283669279658
VOM19980605.0900.0045: 0.15701150843408734
VOM19980605.0730.0042: 0.15219663725382346
VOM19980628.0700.0527: 0.15044025794950636
VOM19980531.0730.0006: 0.14176650122326195
VOM19980315.0700.1828: 0.13987927139170717
VOM19980606.0730.0234: 0.1258863886683324
VOM19980605.0700.0040: 0.12398238161891259
VOM19980606.0700.0206: 0.1238418616968776
VOM19980507.0700.0355: 0.11476494949527369
