VOM19980508.0700.0362: 0.20207354934696578
VOM19980508.0730.0003: 0.18895816840841262
VOM19980506.0700.0042: 0.18658559856663962
VOM19980507.0700.0242: 0.1863979216478132
VOM19980508.0900.0007: 0.1861804341489319
VOM19980510.0730.0001: 0.1820364792476547
VOM19980506.0900.0006: 0.18098439455740725
VOM19980510.0700.0040: 0.17806637802670655
VOM19980509.0730.0027: 0.17632517988316468
VOM19980507.0730.0066: 0.17462484507551346
VOM19980509.0700.0089: 0.17201111531489316
VOM19980507.0900.0040: 0.17030245510376676
VOM19980327.0900.0221: 0.16475913998040675
