VOM19980314.0700.2522: 0.12389374505809804
VOM19980220.0900.2583: 0.11764567206321755
VOM19980226.0900.0622: 0.1173588003818233
VOM19980511.0730.0133: 0.11720595926868059
VOM19980223.0700.1993: 0.11263763387381344
VOM19980222.0700.0448: 0.11164454286813354
VOM19980222.0700.1016: 0.10863441355851496
VOM19980618.0730.0234: 0.105687477902985
VOM19980223.0900.2973: 0.10560392651146049
VOM19980223.0900.2288: 0.105598962853812
VOM19980507.0700.0127: 0.10558787949721253
VOM19980226.0900.2027: 0.10530456618689395
VOM19980315.0700.3008: 0.10483771600362592
