VOM19980603.0900.0074: 0.35236560404359624
VOM19980604.0900.0213: 0.24465103924587447
VOM19980603.0730.0280: 0.23998129081150557
VOM19980605.0730.0276: 0.23019179832750736
VOM19980604.0730.0250: 0.21687570305638643
VOM19980605.0700.0440: 0.20965790188643332
VOM19980606.0700.0354: 0.18523152792951667
VOM19980606.0730.0134: 0.14020197601678633
VOM19980223.0900.1854: 0.10704307466636327
VOM19980223.0900.0265: 0.10655609240668065
VOM19980509.0730.0100: 0.10187410303079804
VOM19980224.0900.2258: 0.09917151663132974
VOM19980223.0900.3466: 0.0903796039229639
