VOM19980314.0700.2522: 0.08751774150683676
VOM19980226.0900.0622: 0.08197068741220001
VOM19980223.0700.1993: 0.08195980581369797
VOM19980222.0700.0448: 0.081938778264709
VOM19980220.0900.2583: 0.0796833247010137
VOM19980223.0900.2288: 0.07481303245684678
VOM19980224.0700.2219: 0.07085561228003556
VOM19980222.0700.1016: 0.06910566054009779
VOM19980223.0900.2973: 0.06907585509697384
VOM19980225.0900.1428: 0.0681380794467133
VOM19980404.0700.0676: 0.06714576954285943
VOM19980314.0700.0818: 0.06699029014338075
VOM19980226.0900.2027: 0.06684497246325774
