VOM19980603.0900.0074: 0.24412149027947136
VOM19980605.0730.0276: 0.17169986686798797
VOM19980603.0730.0280: 0.16970751870578998
VOM19980604.0900.0213: 0.15208000666184954
VOM19980606.0700.0354: 0.15121897959225633
VOM19980605.0700.0440: 0.14419306849774313
VOM19980604.0730.0250: 0.1343850919682813
VOM19980606.0730.0134: 0.10656888006307741
VOM19980509.0730.0100: 0.07848403606582863
VOM19980319.0700.1874: 0.07497871554579388
VOM19980224.0900.2258: 0.06946840461605638
VOM19980403.0700.2482: 0.060989536610433916
VOM19980314.0700.2522: 0.05900270034263566
