VOM19980326.0900.3298: 0.13118651708818743
VOM19980624.0730.0117: 0.12517572055620352
VOM19980603.0700.0457: 0.0989071842743429
VOM19980603.0730.0240: 0.09040238984303452
VOM19980403.0700.3400: 0.08934714494242976
VOM19980526.0730.0229: 0.0842507439495405
VOM19980327.0900.2035: 0.0816043855432461
VOM19980223.0700.0800: 0.0768000065058791
VOM19980227.0900.2416: 0.07473685599847499
VOM19980311.0700.0357: 0.07458066600543016
VOM19980527.0700.0466: 0.07455533208461808
VOM19980220.0700.0672: 0.0727968678002349
VOM19980613.0700.0546: 0.07219482629358291
