VOM19980603.0700.0457: 0.10059853082871574
VOM19980326.0900.3298: 0.08680807051576073
VOM19980624.0730.0117: 0.08174912282817608
VOM19980603.0730.0240: 0.08124583780609054
VOM19980403.0700.3400: 0.06852302902080167
VOM19980224.0700.2219: 0.06610359540927778
VOM19980311.0700.3445: 0.0636044649956434
VOM19980227.0900.2416: 0.06063894230613683
VOM19980306.0700.2852: 0.05607736413051714
VOM19980314.0700.2522: 0.054801180418456545
VOM19980311.0700.0800: 0.05435831946416605
VOM19980225.0900.2065: 0.052047568925619986
VOM19980222.0700.2119: 0.0507752688833473
