VOM19980602.0900.0127: 0.1483207456084921
VOM19980531.0700.0040: 0.14146933612809112
VOM19980605.0900.0045: 0.1285189675464056
VOM19980605.0730.0042: 0.12457784068807581
VOM19980602.0700.0166: 0.12237431887077696
VOM19980605.0700.0040: 0.10207800259871888
VOM19980220.0900.3537: 0.10190532980774306
VOM19980315.0700.1828: 0.08430488008637733
VOM19980531.0730.0006: 0.0833992598697411
VOM19980628.0700.0527: 0.0833618783696881
VOM19980606.0730.0234: 0.08025690791664009
VOM19980606.0700.0206: 0.0789534515651083
VOM19980403.0700.2289: 0.07695570467930382
