VOM19980314.0700.1261: 0.19777715861587075
VOM19980223.0700.1993: 0.19458525699411433
VOM19980224.0700.2219: 0.19115263821607487
VOM19980314.0700.0818: 0.18667665045078158
VOM19980303.0700.2491: 0.1806625213804218
VOM19980317.0900.0757: 0.1756552327193201
VOM19980403.0900.2349: 0.1742004405911736
VOM19980302.0900.2091: 0.17339196090187678
VOM19980317.0700.0924: 0.17190871759506943
VOM19980225.0700.2209: 0.17183997655488786
VOM19980403.0700.0727: 0.17051562504779785
VOM19980319.0700.1102: 0.16768625176650043
VOM19980306.0700.1916: 0.16746913365349164
