VOM19980314.0700.1261: 0.17950119395466343
VOM19980223.0700.1993: 0.15159532537343057
VOM19980403.0900.2349: 0.15073522618179264
VOM19980314.0700.0818: 0.14231661369893667
VOM19980224.0700.2219: 0.14130330759301762
VOM19980303.0700.2491: 0.1374159139051033
VOM19980317.0700.0924: 0.1369340999364071
VOM19980317.0900.0757: 0.13544767688083778
VOM19980220.0900.2138: 0.13528428644297077
VOM19980317.0700.0723: 0.13354401463957138
VOM19980225.0900.1275: 0.13260767081314861
VOM19980223.0900.2779: 0.13156703869363826
VOM19980225.0900.1029: 0.1311624163890395
