VOM19980603.0900.0074: 0.3530463643816424
VOM19980604.0900.0213: 0.24700798494339096
VOM19980603.0730.0280: 0.24139562437704212
VOM19980605.0730.0276: 0.23144574204398424
VOM19980604.0730.0250: 0.2189629418093485
VOM19980605.0700.0440: 0.21069382649367424
VOM19980606.0700.0354: 0.18602680083874915
VOM19980606.0730.0134: 0.14110220380087943
VOM19980223.0900.1854: 0.10752557919941963
VOM19980223.0900.0265: 0.1070474839213238
VOM19980509.0730.0100: 0.1026456992661524
VOM19980224.0900.2258: 0.09959999805809364
VOM19980223.0900.3466: 0.0907827057787594
