VOM19980314.0700.1261: 0.17289936787765503
VOM19980223.0700.1993: 0.1452267780120537
VOM19980403.0900.2349: 0.14434085135879318
VOM19980224.0700.2219: 0.13681210445046038
VOM19980314.0700.0818: 0.13518829279853306
VOM19980303.0700.2491: 0.13267356448335071
VOM19980317.0900.0757: 0.13067102895796867
VOM19980317.0700.0924: 0.1300790863972152
VOM19980220.0900.2138: 0.12997319113562394
VOM19980225.0900.1029: 0.12545572256117682
VOM19980316.0900.2774: 0.1251224447702318
VOM19980317.0700.0723: 0.1251189111477503
VOM19980225.0900.1275: 0.12487244800296417
