VOM19980314.0700.1911: 0.20946059638190506
VOM19980314.0700.0239: 0.20759811832930275
VOM19980327.0900.2123: 0.16672446904192914
VOM19980316.0900.1667: 0.1643352441388729
VOM19980316.0900.1861: 0.154323872213703
VOM19980303.0900.1926: 0.13864125438499858
VOM19980228.0700.0448: 0.13794210325396647
VOM19980311.0700.1883: 0.1376847817633009
VOM19980302.0700.3423: 0.13728018565066072
VOM19980303.0900.3358: 0.1357475553202697
VOM19980302.0700.2096: 0.13096220381385787
VOM19980623.0700.0507: 0.1300911377625521
VOM19980623.0730.0101: 0.1300911377625521
