VOM19980507.0700.0521: 0.21319556459181255
VOM19980511.0900.0004: 0.19270082822622936
VOM19980511.0730.0003: 0.18530183921780483
VOM19980511.0700.0039: 0.18530183921780483
VOM19980424.0900.0178: 0.16577745368281238
VOM19980511.0730.0099: 0.16061139568618574
VOM19980302.0900.1291: 0.15649605053112506
VOM19980225.0900.2118: 0.15493038904545628
VOM19980225.0900.0421: 0.15493038904545628
VOM19980529.0900.0148: 0.15406286872411976
VOM19980524.0730.0003: 0.14544160835349482
VOM19980511.0900.0067: 0.1444075201577116
VOM19980327.0900.2123: 0.14402351374746533
