VOM19980301.0700.0393: 0.11259011979612399
VOM19980220.0700.2814: 0.10192285881804442
VOM19980620.0700.0552: 0.09488205560657605
VOM19980410.0900.0241: 0.09322643644501068
VOM19980224.0900.3022: 0.09215740785991354
VOM19980627.0700.0572: 0.0834443031318043
VOM19980223.0700.1511: 0.08170086046312396
VOM19980613.0700.0555: 0.0787255976693384
VOM19980220.0700.0707: 0.0769432005570726
VOM19980607.0700.0385: 0.07534694633228518
VOM19980607.0730.0163: 0.07534694633228518
VOM19980515.0900.0007: 0.07476111113507396
VOM19980315.0700.2508: 0.07340240324527639
