VOM19980314.0700.1261: 0.18210758343073216
VOM19980223.0700.1993: 0.15457765174187502
VOM19980403.0900.2349: 0.15343380565986345
VOM19980314.0700.0818: 0.14553513664087955
VOM19980224.0700.2219: 0.1436609978313165
VOM19980317.0700.0924: 0.13997034306630646
VOM19980303.0700.2491: 0.13980944775492213
VOM19980317.0900.0757: 0.13786655932616
VOM19980220.0900.2138: 0.1375536648249331
VOM19980317.0700.0723: 0.13664081254067165
VOM19980225.0900.1275: 0.13527937163281165
VOM19980223.0900.2779: 0.13445397613208449
VOM19980225.0900.1029: 0.13369400067510254
