VOM19980603.0900.0074: 0.2974489473442082
VOM19980605.0730.0276: 0.2543953440055183
VOM19980604.0900.0213: 0.2543332889163263
VOM19980603.0730.0280: 0.24920297708004582
VOM19980604.0730.0250: 0.2265894482545126
VOM19980606.0700.0354: 0.2201322320147497
VOM19980605.0700.0440: 0.21623271849543052
VOM19980606.0730.0134: 0.1829198086240979
VOM19980509.0730.0100: 0.14779794587156941
VOM19980502.0700.0438: 0.12748138691451982
VOM19980224.0900.2258: 0.1256721912309126
VOM19980628.0700.0527: 0.1152496588425695
VOM19980605.0900.0045: 0.11306423488988282
