VOM19980527.0700.0042: 0.18667483621373485
VOM19980527.0730.0003: 0.18207692042861412
VOM19980527.0900.0008: 0.17285285767552291
VOM19980524.0730.0061: 0.1654426697928149
VOM19980524.0700.0265: 0.1654426697928149
VOM19980515.0900.0007: 0.15969722225465127
VOM19980421.0900.0146: 0.1482724602784159
VOM19980501.0700.0297: 0.14682997935267972
VOM19980515.0730.0053: 0.14472135956123097
VOM19980620.0700.0143: 0.1382183435826558
VOM19980624.0900.0112: 0.1378089871614631
VOM19980316.0900.1960: 0.1366223065275854
VOM19980317.0700.0156: 0.13519727004178114
