VOM19980410.0900.0241: 0.15158358889123624
VOM19980301.0700.0393: 0.13198320407384762
VOM19980225.0900.0332: 0.11398271597480411
VOM19980326.0900.2164: 0.11030804289804716
VOM19980326.0700.2359: 0.11030427693033676
VOM19980607.0700.0385: 0.10958340590458646
VOM19980607.0730.0163: 0.10958340590458646
VOM19980526.0730.0229: 0.10765238453745567
VOM19980220.0700.2814: 0.10489915089368465
VOM19980515.0900.0007: 0.10361450701511737
VOM19980620.0700.0552: 0.10210875480900589
VOM19980305.0900.1736: 0.10154627685474261
VOM19980315.0700.2508: 0.10037308382262083
