VOM19980508.0700.0362: 0.2405987475382712
VOM19980508.0730.0003: 0.2231423403267134
VOM19980508.0900.0007: 0.22222908717136944
VOM19980510.0730.0001: 0.22156507876261672
VOM19980507.0730.0066: 0.22082363805423863
VOM19980507.0700.0242: 0.22080182189217903
VOM19980507.0900.0040: 0.2145671326004439
VOM19980506.0700.0042: 0.2133242690739743
VOM19980510.0700.0040: 0.21123340964045378
VOM19980506.0900.0006: 0.20787560935303007
VOM19980509.0730.0027: 0.2076953190672068
VOM19980527.0700.0388: 0.20576113064760782
VOM19980509.0700.0089: 0.20461539826211794
