VOM19980603.0900.0074: 0.3438380086452163
VOM19980604.0900.0213: 0.23284510569364988
VOM19980603.0730.0280: 0.22978603577921594
VOM19980605.0730.0276: 0.21963903156989517
VOM19980604.0730.0250: 0.20578461228457867
VOM19980605.0700.0440: 0.19971334458499368
VOM19980606.0700.0354: 0.17478477882574603
VOM19980606.0730.0134: 0.12850582893682932
VOM19980223.0900.1854: 0.09811831294195654
VOM19980223.0900.0265: 0.09767206105336035
VOM19980509.0730.0100: 0.09060091935682166
VOM19980224.0900.2258: 0.08949980378246361
VOM19980223.0900.3466: 0.08147940090079674
