VOM19980222.0700.0448: 0.11510005301001212
VOM19980316.0900.2774: 0.10228620147146286
VOM19980404.0700.1061: 0.1018765643883986
VOM19980326.0900.2164: 0.10152897576609127
VOM19980326.0700.2359: 0.1015236349856752
VOM19980225.0900.0714: 0.1004723678677997
VOM19980302.0700.0484: 0.09921506312517624
VOM19980225.0900.1919: 0.0989184374203268
VOM19980221.0700.2690: 0.09824313926402724
VOM19980403.0900.0619: 0.09813749006226
VOM19980225.0900.0216: 0.09785118842352569
VOM19980325.0900.0905: 0.09614715100005204
VOM19980403.0700.1169: 0.09611960129991388
