VOM19980306.0700.1305: 0.08448753614128798
VOM19980314.0700.2522: 0.0841929508558328
VOM19980505.0700.0193: 0.0819381493945134
VOM19980226.0900.0622: 0.07818789860134022
VOM19980319.0900.2169: 0.07396134148670123
VOM19980223.0900.2288: 0.07382309885324155
VOM19980223.0700.1993: 0.07292943275027654
VOM19980507.0700.0127: 0.07208129144333103
VOM19980222.0700.0448: 0.06975824046163903
VOM19980515.0900.0007: 0.06929738301600046
VOM19980521.0700.0039: 0.06873061336738666
VOM19980623.0700.0314: 0.06819084045351716
VOM19980220.0900.2583: 0.06772059199479759
