VOM19980225.0900.1919: 0.1612829322023846
VOM19980225.0900.0216: 0.15948644839635995
VOM19980526.0900.0124: 0.15431978555555886
VOM19980526.0730.0065: 0.1479144404742748
VOM19980222.0700.0448: 0.14516072978226563
VOM19980623.0700.0472: 0.14335215580250887
VOM19980319.0900.0364: 0.13864520986516
VOM19980326.0700.0480: 0.13638004345680094
VOM19980404.0700.1061: 0.13511843369541318
VOM19980616.0730.0180: 0.13433601602289053
VOM19980302.0700.0484: 0.13409353213682815
VOM19980616.0900.0100: 0.13382152077729922
VOM19980225.0900.0714: 0.13369724705277566
