VOM19980508.0700.0362: 0.2148870123650976
VOM19980510.0730.0001: 0.20374976332422218
VOM19980508.0730.0003: 0.20223833819749407
VOM19980507.0700.0242: 0.20193626821915792
VOM19980508.0900.0007: 0.20102375874300202
VOM19980506.0700.0042: 0.1995262634201701
VOM19980506.0900.0006: 0.19821450260390974
VOM19980509.0730.0027: 0.1971604241422449
VOM19980507.0730.0066: 0.1971115295018057
VOM19980510.0700.0040: 0.19226067965149984
VOM19980507.0900.0040: 0.19141627132851383
VOM19980509.0700.0089: 0.19140317448968466
VOM19980327.0900.0221: 0.18245697184840212
