VOM19980306.0700.1305: 0.09803263646594136
VOM19980314.0700.2522: 0.09450535766459194
VOM19980505.0700.0193: 0.09295777449128768
VOM19980319.0900.2169: 0.08798945651698997
VOM19980226.0900.0622: 0.08732907592927577
VOM19980507.0700.0127: 0.08725337148798194
VOM19980521.0700.0039: 0.08364806802826305
VOM19980223.0900.2288: 0.08239492565956505
VOM19980515.0900.0007: 0.08216337811962368
VOM19980415.0900.0022: 0.08176863654514972
VOM19980223.0700.1993: 0.0809852613528554
VOM19980623.0700.0314: 0.08053721518547192
VOM19980222.0700.0448: 0.08033427373198053
