VOM19980222.0700.0448: 0.13774626155593192
VOM19980316.0900.2774: 0.13541938329600584
VOM19980225.0900.0714: 0.13409114521365958
VOM19980221.0700.2690: 0.13225451823403236
VOM19980225.0900.0216: 0.13079832496964086
VOM19980225.0900.1919: 0.13079832496964086
VOM19980220.0700.2208: 0.130330303647434
VOM19980221.0700.2087: 0.1303277242427942
VOM19980325.0900.0905: 0.12909133467327188
VOM19980302.0700.0484: 0.12887738079073804
VOM19980326.0900.2164: 0.12754263274468922
VOM19980326.0700.2359: 0.12754263274468922
VOM19980403.0900.0619: 0.126419818017577
