VOM19980603.0900.0074: 0.3533098261658856
VOM19980604.0900.0213: 0.2479610337891633
VOM19980603.0730.0280: 0.24257194063360063
VOM19980605.0730.0276: 0.23301158247560946
VOM19980604.0730.0250: 0.22011869526634337
VOM19980605.0700.0440: 0.21224805115473944
VOM19980606.0700.0354: 0.1890090624209067
VOM19980606.0730.0134: 0.14459534056519419
VOM19980223.0900.1854: 0.10985957550595922
VOM19980223.0900.0265: 0.10935977984431167
VOM19980509.0730.0100: 0.10655406144301695
VOM19980224.0900.2258: 0.10253002052808263
VOM19980223.0900.3466: 0.09307989782146119
