VOM19980527.0700.0042: 0.1308619470260486
VOM19980515.0900.0007: 0.1269938895701191
VOM19980527.0730.0003: 0.1263458292915776
VOM19980524.0730.0061: 0.12317404669539361
VOM19980524.0700.0265: 0.12317404669539361
VOM19980527.0900.0008: 0.12024407218316562
VOM19980515.0730.0053: 0.11640312835629274
VOM19980630.0900.0127: 0.10727642678061233
VOM19980403.0900.2121: 0.10460306812934475
VOM19980410.0900.0241: 0.10357146034426977
VOM19980403.0700.0489: 0.1021796825835733
VOM19980515.0700.0102: 0.10121393487954188
VOM19980421.0900.0146: 0.10047045833576532
