VOM19980624.0730.0117: 0.16531948418464784
VOM19980603.0700.0457: 0.15756151722816056
VOM19980326.0900.3298: 0.1548720019920864
VOM19980613.0700.0546: 0.14721321333406032
VOM19980603.0730.0240: 0.1462961695574896
VOM19980225.0900.2065: 0.14194964261657766
VOM19980526.0730.0229: 0.14013399931985307
VOM19980220.0700.0672: 0.13959496282293068
VOM19980304.0700.0408: 0.13767565265845563
VOM19980524.0700.0492: 0.13755159820620816
VOM19980302.0700.0373: 0.13738050615764877
VOM19980224.0700.0481: 0.13383437756246824
VOM19980502.0700.0438: 0.13341788022971068
