VOM19980314.0700.1911: 0.23249892692189722
VOM19980314.0700.0239: 0.22822585489645303
VOM19980316.0900.1667: 0.22451852694093583
VOM19980327.0900.2123: 0.21192058318970047
VOM19980319.0900.1922: 0.18758265412780686
VOM19980319.0900.0162: 0.1863448739899496
VOM19980305.0700.0354: 0.18137933012104784
VOM19980302.0700.1749: 0.1790161776711781
VOM19980311.0700.1883: 0.1733561240563979
VOM19980623.0700.0507: 0.17234024251249927
VOM19980623.0730.0101: 0.17234024251249927
VOM19980619.0700.0464: 0.17099706484770452
VOM19980303.0900.0203: 0.1703598014458656
