VOM19980301.0700.0393: 0.10394269071853873
VOM19980220.0700.2814: 0.09900512113674559
VOM19980224.0900.3022: 0.08907577403093195
VOM19980620.0700.0552: 0.0870703139346264
VOM19980410.0900.0241: 0.08186813264847449
VOM19980223.0700.1511: 0.07849727422764226
VOM19980613.0700.0555: 0.07714012538087792
VOM19980627.0700.0572: 0.07344764022811276
VOM19980220.0700.0707: 0.07139852097563079
VOM19980315.0700.2508: 0.06929533924434121
VOM19980515.0900.0007: 0.06770588825705294
VOM19980607.0700.0385: 0.06539726834643982
VOM19980607.0730.0163: 0.06539726834643982
