VOM19980603.0900.0074: 0.3417481258716939
VOM19980604.0900.0213: 0.2311646216334336
VOM19980603.0730.0280: 0.2260408260941251
VOM19980605.0730.0276: 0.21662922263538775
VOM19980604.0730.0250: 0.20564591456655498
VOM19980605.0700.0440: 0.1988181546604925
VOM19980606.0700.0354: 0.17525224249332863
VOM19980606.0730.0134: 0.1281034790889423
VOM19980223.0900.1854: 0.09744928663540078
VOM19980223.0900.0265: 0.09704855625793431
VOM19980509.0730.0100: 0.09030703028351661
VOM19980224.0900.2258: 0.08896352582441137
VOM19980223.0900.3466: 0.08050971446660786
