VOM19980301.0700.0393: 0.10428700211630687
VOM19980220.0700.2814: 0.09854809335794766
VOM19980224.0900.3022: 0.0885251251929204
VOM19980620.0700.0552: 0.08844152513744283
VOM19980410.0900.0241: 0.08264137575639989
VOM19980223.0700.1511: 0.07812749548299766
VOM19980613.0700.0555: 0.076318612750748
VOM19980627.0700.0572: 0.07541995555677536
VOM19980220.0700.0707: 0.07153072314363106
VOM19980315.0700.2508: 0.06862551465478875
VOM19980515.0900.0007: 0.0674465655052532
VOM19980607.0700.0385: 0.06605300331399573
VOM19980607.0730.0163: 0.06605300331399573
