VOM19980507.0700.0521: 0.19328904903982677
VOM19980511.0900.0004: 0.1688861093607004
VOM19980511.0730.0003: 0.16173969299496502
VOM19980511.0700.0039: 0.16173969299496502
VOM19980529.0900.0148: 0.14405645418911095
VOM19980302.0900.1291: 0.1339503639094324
VOM19980529.0730.0148: 0.13355401675691977
VOM19980511.0730.0099: 0.13071767101895382
VOM19980424.0900.0178: 0.1263378664934903
VOM19980529.0700.0334: 0.12093531373987347
VOM19980327.0900.2123: 0.1183367771806867
VOM19980302.0700.3469: 0.1168179601784905
VOM19980301.0700.0168: 0.11623415664860848
