VOM19980602.0900.0127: 0.20292203387403115
VOM19980531.0700.0040: 0.191316065945149
VOM19980220.0900.3537: 0.175614424897241
VOM19980602.0700.0166: 0.16702304918538674
VOM19980605.0900.0045: 0.16444748441829937
VOM19980628.0700.0527: 0.1641878000653135
VOM19980605.0730.0042: 0.15922852817245803
VOM19980531.0730.0006: 0.15383833487190018
VOM19980315.0700.1828: 0.1495539284347472
VOM19980606.0730.0234: 0.1332083048216158
VOM19980606.0700.0206: 0.13097893248431441
VOM19980605.0700.0040: 0.12908479448163834
VOM19980604.0900.0159: 0.12369631655600814
