VOM19980315.0700.1310: 0.1726966893541679
VOM19980226.0900.2900: 0.15837986310790841
VOM19980326.0900.0149: 0.15067960169767736
VOM19980325.0900.2040: 0.1322612341433519
VOM19980325.0900.0124: 0.129331748993624
VOM19980624.0730.0254: 0.12736814613082048
VOM19980628.0700.0316: 0.12382060642648733
VOM19980220.0900.1332: 0.12103445244883883
VOM19980624.0700.0382: 0.11446010941896899
VOM19980226.0900.3196: 0.11250190935504106
VOM19980606.0730.0134: 0.1115186522967816
VOM19980319.0700.0496: 0.11009889166716352
VOM19980506.0900.0257: 0.10677783908264687
