VOM19980315.0700.1310: 0.1928224924390279
VOM19980226.0900.2900: 0.16886370400267298
VOM19980326.0900.0149: 0.1669641722044991
VOM19980628.0700.0316: 0.14619460289931122
VOM19980325.0900.2040: 0.1434254050883888
VOM19980624.0730.0254: 0.14094379956478123
VOM19980325.0900.0124: 0.1398058317696121
VOM19980606.0730.0134: 0.13805570019685617
VOM19980624.0700.0382: 0.13032975435491703
VOM19980508.0700.0452: 0.1268546617561985
VOM19980220.0900.1332: 0.12634833946776983
VOM19980508.0900.0211: 0.12617318699052388
VOM19980226.0900.3196: 0.12607632915700737
