VOM19980306.0700.1305: 0.08407732350099552
VOM19980314.0700.2522: 0.08340213484196826
VOM19980505.0700.0193: 0.08174744714229656
VOM19980226.0900.0622: 0.07758557284788598
VOM19980319.0900.2169: 0.07378499919487885
VOM19980507.0700.0127: 0.07320947541315698
VOM19980223.0900.2288: 0.07311988281095687
VOM19980223.0700.1993: 0.07232720684128431
VOM19980515.0900.0007: 0.06926284166048684
VOM19980222.0700.0448: 0.06880608128049101
VOM19980521.0700.0039: 0.0682932780833128
VOM19980623.0700.0314: 0.06821180610485719
VOM19980415.0900.0022: 0.06805706812434165
