VOM19980603.0700.0103: 0.19401876499444373
VOM19980616.0730.0180: 0.1739511515832326
VOM19980616.0900.0100: 0.17323794752794155
VOM19980616.0730.0252: 0.15101951100999203
VOM19980616.0900.0077: 0.15101951100999203
VOM19980531.0700.0120: 0.1398231782506162
VOM19980317.0700.0723: 0.12465285679603891
VOM19980618.0900.0057: 0.12273862452046512
VOM19980529.0730.0042: 0.11562866187821226
VOM19980529.0900.0046: 0.11562866187821226
VOM19980224.0900.2345: 0.11305636731981271
VOM19980319.0900.2169: 0.10817692236279451
VOM19980604.0700.0039: 0.1053788166187631
