VOM19980508.0700.0362: 0.25151977691682825
VOM19980510.0730.0001: 0.2392253015857035
VOM19980507.0730.0066: 0.23916705888056983
VOM19980507.0700.0242: 0.23531727572490355
VOM19980508.0730.0003: 0.23259636307628995
VOM19980508.0900.0007: 0.23237321667227206
VOM19980507.0900.0040: 0.23230882915913542
VOM19980510.0700.0040: 0.22489250136044053
VOM19980509.0730.0027: 0.22411488734231516
VOM19980506.0700.0042: 0.22324190575081876
VOM19980527.0700.0388: 0.22160552145357743
VOM19980509.0700.0089: 0.22048984119213538
VOM19980506.0900.0006: 0.21950827647870977
