VOM19980315.0700.1310: 0.1805739368324753
VOM19980226.0900.2900: 0.16312233856527872
VOM19980326.0900.0149: 0.1606567932756583
VOM19980325.0900.2040: 0.14213759703163642
VOM19980325.0900.0124: 0.13925788943098094
VOM19980624.0730.0254: 0.13830761496720076
VOM19980628.0700.0316: 0.13320026980130825
VOM19980220.0900.1332: 0.1246497258258428
VOM19980624.0700.0382: 0.12359595080253642
VOM19980606.0730.0134: 0.12140191145864226
VOM19980226.0900.3196: 0.11867336658390044
VOM19980319.0700.0496: 0.11805321400076056
VOM19980506.0900.0257: 0.11725406036690972
