VOM19980314.0700.1261: 0.1736777122458349
VOM19980223.0700.1993: 0.14645780476783227
VOM19980403.0900.2349: 0.14497454516635933
VOM19980224.0700.2219: 0.13762781794981271
VOM19980314.0700.0818: 0.13653414670864672
VOM19980303.0700.2491: 0.13340316776710007
VOM19980317.0900.0757: 0.13124372015440816
VOM19980317.0700.0924: 0.13118248136773347
VOM19980220.0900.2138: 0.1300689885326973
VOM19980225.0900.1029: 0.12578698436199218
VOM19980317.0700.0723: 0.12578115240190457
VOM19980316.0900.2774: 0.12532020544334557
VOM19980223.0900.2779: 0.12523002101010378
