VOM19980605.0900.0045: 0.1942464916094929
VOM19980602.0900.0127: 0.191397353602153
VOM19980531.0700.0040: 0.19042444347801557
VOM19980605.0730.0042: 0.18818857160954175
VOM19980602.0700.0166: 0.16401506986653996
VOM19980531.0730.0006: 0.15922215377661147
VOM19980605.0700.0040: 0.15620137817800403
VOM19980628.0700.0527: 0.15539709027164278
VOM19980220.0900.3537: 0.15471612408930463
VOM19980315.0700.1828: 0.146679752691254
VOM19980526.0730.0229: 0.14402904129160446
VOM19980606.0730.0234: 0.1367206322004468
VOM19980606.0700.0206: 0.13447492301927777
