VOM19980508.0700.0362: 0.21246610506987731
VOM19980510.0730.0001: 0.20182910325497097
VOM19980508.0730.0003: 0.2005904378536468
VOM19980506.0700.0042: 0.19988021754416938
VOM19980508.0900.0007: 0.1994063017625294
VOM19980507.0700.0242: 0.1992606392847169
VOM19980506.0900.0006: 0.19799011215893428
VOM19980507.0730.0066: 0.19676838498027277
VOM19980509.0730.0027: 0.19627236880797697
VOM19980507.0900.0040: 0.19119342713331852
VOM19980509.0700.0089: 0.19026579530743826
VOM19980510.0700.0040: 0.1890616296057403
VOM19980327.0900.0221: 0.1800724465700288
