VOM19980527.0700.0042: 0.13898036726083157
VOM19980527.0730.0003: 0.13396933307476808
VOM19980515.0900.0007: 0.13337023387575508
VOM19980524.0730.0061: 0.13058066802614043
VOM19980524.0700.0265: 0.13058066802614043
VOM19980527.0900.0008: 0.1275697065106499
VOM19980515.0730.0053: 0.1220715094239906
VOM19980630.0900.0127: 0.11080749632660272
VOM19980403.0900.2121: 0.10915142813285934
VOM19980421.0900.0146: 0.10766540470025843
VOM19980515.0700.0102: 0.10754484321594808
VOM19980403.0700.0489: 0.1055605815525492
VOM19980410.0900.0241: 0.10501607320832983
