VOM19980325.0900.3341: 0.20841476591693245
VOM19980522.0700.0456: 0.129419388145486
VOM19980607.0730.0033: 0.11567688940610232
VOM19980326.0700.1668: 0.10781049959763198
VOM19980522.0730.0286: 0.10055997394957228
VOM19980630.0900.0127: 0.09355631748395786
VOM19980312.0900.3445: 0.088214424791802
VOM19980312.0900.1896: 0.088214424791802
VOM19980306.0700.2852: 0.08524507872402932
VOM19980224.0700.2219: 0.0834602314687837
VOM19980326.0900.3442: 0.08295870186048236
VOM19980312.0900.0990: 0.08246251181463062
VOM19980607.0700.0121: 0.08142887203473949
