VOM19980524.0730.0061: 0.16919961283850804
VOM19980524.0700.0265: 0.16919961283850804
VOM19980527.0730.0003: 0.16760361303124527
VOM19980527.0700.0042: 0.16530612893458377
VOM19980527.0900.0008: 0.16227793166825563
VOM19980515.0900.0007: 0.15323435294193002
VOM19980410.0900.0241: 0.15031301005837258
VOM19980620.0700.0143: 0.1493310987894808
VOM19980421.0900.0146: 0.14870724017801162
VOM19980403.0900.2121: 0.14604908435210762
VOM19980630.0900.0127: 0.14411170899203
VOM19980403.0700.0489: 0.14340827620123298
VOM19980515.0730.0053: 0.14315481808956546
