VOM19980507.0700.0521: 0.22204446853874124
VOM19980511.0900.0004: 0.19803741288519827
VOM19980511.0730.0003: 0.19337422719345035
VOM19980511.0700.0039: 0.19337422719345035
VOM19980529.0900.0148: 0.1714817696897296
VOM19980529.0730.0148: 0.16620056758811375
VOM19980529.0700.0334: 0.1387650345825285
VOM19980302.0900.1291: 0.1292249198114106
VOM19980301.0700.0168: 0.11650520786334802
VOM19980225.0900.2118: 0.11555226069664806
VOM19980225.0900.0421: 0.11555226069664806
VOM19980424.0900.0178: 0.11213765432106025
VOM19980511.0730.0099: 0.11103015474995317
