VOM19980508.0700.0362: 0.20412945392992007
VOM19980508.0730.0003: 0.1861424652704599
VOM19980508.0900.0007: 0.1815752973018354
VOM19980507.0700.0242: 0.17590837085491615
VOM19980506.0700.0042: 0.17246921510886923
VOM19980510.0700.0040: 0.17046075077807826
VOM19980510.0730.0001: 0.1605285026722993
VOM19980506.0900.0006: 0.15929501619622743
VOM19980507.0730.0066: 0.15460953193927912
VOM19980507.0900.0040: 0.15078256968713338
VOM19980509.0730.0027: 0.14935399366242896
VOM19980509.0700.0089: 0.14908273692751653
VOM19980527.0700.0388: 0.14846024368782185
