VOM19980311.0700.1487: 0.23852784303689714
VOM19980303.0900.2128: 0.22207076740574402
VOM19980304.0700.1058: 0.2211166435205102
VOM19980630.0900.0230: 0.22070547334687635
VOM19980316.0700.0776: 0.20542981600055002
VOM19980319.0700.2737: 0.203785983568478
VOM19980303.0900.0396: 0.19951035640124012
VOM19980326.0700.1793: 0.17297096346353988
VOM19980306.0700.0971: 0.1710673873803554
VOM19980523.0700.0189: 0.1679035997365809
VOM19980316.0700.0944: 0.16434454368596516
VOM19980305.0900.2093: 0.16350926787242046
VOM19980225.0700.0585: 0.15962921706137362
