VOM19980325.0900.3341: 0.1986686427115608
VOM19980522.0700.0456: 0.12292872453718084
VOM19980607.0730.0033: 0.10603585158896323
VOM19980326.0700.1668: 0.09951242662920809
VOM19980522.0730.0286: 0.09088476056894908
VOM19980630.0900.0127: 0.08508072837363019
VOM19980312.0900.3445: 0.08085518103003489
VOM19980312.0900.1896: 0.08085518103003489
VOM19980306.0700.2852: 0.07922528181896987
VOM19980224.0700.2219: 0.07911456938808813
VOM19980325.0900.2179: 0.07734496609713742
VOM19980326.0900.3442: 0.07578394849594465
VOM19980312.0900.0990: 0.07574361977810762
