VOM19980303.0700.0783: 0.12333523812615427
VOM19980530.0730.0037: 0.1137538228100242
VOM19980326.0900.0118: 0.11367133292537106
VOM19980530.0700.0107: 0.1126235935205807
VOM19980305.0900.2166: 0.10955116095623871
VOM19980315.0700.2670: 0.10925126720437014
VOM19980305.0900.1046: 0.10714692455428251
VOM19980224.0700.1530: 0.10473925327247613
VOM19980303.0700.2491: 0.10239832752805306
VOM19980612.0700.0080: 0.1023188190567999
VOM19980224.0700.2219: 0.10162842150790982
VOM19980623.0900.0051: 0.10114125075139722
VOM19980302.0900.2091: 0.09911794006182979
