VOM19980315.0700.1310: 0.18205407967636958
VOM19980226.0900.2900: 0.16485578879180954
VOM19980326.0900.0149: 0.16226080132398957
VOM19980325.0900.2040: 0.14352462765532314
VOM19980325.0900.0124: 0.140720357839974
VOM19980624.0730.0254: 0.1399855359579088
VOM19980628.0700.0316: 0.1347054446958977
VOM19980220.0900.1332: 0.12619699988134517
VOM19980624.0700.0382: 0.12546407254062733
VOM19980606.0730.0134: 0.12355840304276403
VOM19980226.0900.3196: 0.12079370187126777
VOM19980319.0700.0496: 0.11964078330251335
VOM19980506.0900.0257: 0.1189764652062132
