VOM19980326.0900.3298: 0.13117767663673707
VOM19980624.0730.0117: 0.12516718726807458
VOM19980603.0700.0457: 0.09891880889253588
VOM19980603.0730.0240: 0.0904094524482455
VOM19980403.0700.3400: 0.08934564870397303
VOM19980526.0730.0229: 0.08424116370342731
VOM19980327.0900.2035: 0.08159688372261913
VOM19980223.0700.0800: 0.0767922295668665
VOM19980227.0900.2416: 0.07473805133563047
VOM19980311.0700.0357: 0.07456766110106514
VOM19980527.0700.0466: 0.07455367559059758
VOM19980220.0700.0672: 0.07279503228506275
VOM19980613.0700.0546: 0.07219787358364045
