VOM19980325.0900.3341: 0.19659016541012994
VOM19980522.0700.0456: 0.12141471909268187
VOM19980607.0730.0033: 0.10325119691170322
VOM19980326.0700.1668: 0.09967605458705778
VOM19980630.0900.0127: 0.08382683985828795
VOM19980522.0730.0286: 0.08319994970394626
VOM19980306.0700.2852: 0.079535618830555
VOM19980224.0700.2219: 0.07948591374662252
VOM19980312.0900.3445: 0.07904971894906877
VOM19980312.0900.1896: 0.07904971894906877
VOM19980325.0900.2179: 0.07643749761707735
VOM19980312.0900.0990: 0.07605869016759789
VOM19980326.0900.3442: 0.07527104458768193
