VOM19980315.0700.1310: 0.17842153911822511
VOM19980226.0900.2900: 0.16105544723777077
VOM19980326.0900.0149: 0.15839053143704027
VOM19980325.0900.2040: 0.14061669087042777
VOM19980325.0900.0124: 0.13760810153066336
VOM19980624.0730.0254: 0.13633117141028872
VOM19980628.0700.0316: 0.1315503455415789
VOM19980220.0900.1332: 0.1230848360493973
VOM19980624.0700.0382: 0.12143374014738804
VOM19980606.0730.0134: 0.11888154187708345
VOM19980319.0700.0496: 0.11667278671314671
VOM19980226.0900.3196: 0.1161775839927835
VOM19980506.0900.0257: 0.11575241754129274
