VOM19980603.0700.0103: 0.22526319259880856
VOM19980616.0730.0180: 0.18311240387916608
VOM19980616.0900.0100: 0.1824110993147329
VOM19980616.0730.0252: 0.1678371982608718
VOM19980616.0900.0077: 0.1678371982608718
VOM19980531.0700.0120: 0.14916683910416423
VOM19980319.0900.2169: 0.14249360780388065
VOM19980618.0900.0057: 0.13746450709701802
VOM19980317.0700.0723: 0.13607166141130955
VOM19980529.0730.0042: 0.13199618292343074
VOM19980529.0900.0046: 0.13199618292343074
VOM19980224.0900.2345: 0.1257851585429549
VOM19980529.0700.0168: 0.12410164433308021
