VOM19980314.0700.1261: 0.18211690879395107
VOM19980223.0700.1993: 0.15458189409500342
VOM19980403.0900.2349: 0.15343858281384268
VOM19980314.0700.0818: 0.1455399407150625
VOM19980224.0700.2219: 0.1436580758771901
VOM19980317.0700.0924: 0.13997707223278216
VOM19980303.0700.2491: 0.13980818027179115
VOM19980317.0900.0757: 0.13786276271262557
VOM19980220.0900.2138: 0.13755714586826986
VOM19980317.0700.0723: 0.13665369130179264
VOM19980225.0900.1275: 0.13529292923524158
VOM19980223.0900.2779: 0.13446102312605063
VOM19980225.0900.1029: 0.13369803762429444
