VOM19980325.0900.3341: 0.2074726691034346
VOM19980522.0700.0456: 0.12961460633751126
VOM19980607.0730.0033: 0.11482042674740467
VOM19980326.0700.1668: 0.10768251219455535
VOM19980522.0730.0286: 0.09904851728152755
VOM19980630.0900.0127: 0.09313634305003606
VOM19980312.0900.3445: 0.08772701784291047
VOM19980312.0900.1896: 0.08772701784291047
VOM19980306.0700.2852: 0.08566810723872961
VOM19980224.0700.2219: 0.08398083886841526
VOM19980326.0900.3442: 0.08306749064298613
VOM19980312.0900.0990: 0.08270743729661549
VOM19980607.0700.0121: 0.08135300789784941
