VOM19980602.0900.0127: 0.1350721674505667
VOM19980531.0700.0040: 0.1294301059125966
VOM19980602.0700.0166: 0.11524671160265783
VOM19980605.0730.0042: 0.11341508028597141
VOM19980605.0900.0045: 0.11341508028597141
VOM19980220.0900.3537: 0.10896364205754853
VOM19980605.0700.0040: 0.09457816854002178
VOM19980403.0700.2289: 0.08141395560339548
VOM19980628.0700.0527: 0.07628423014211447
VOM19980606.0730.0234: 0.07460912270426813
VOM19980606.0700.0206: 0.07460912270426813
VOM19980319.0700.1874: 0.07336403440469297
VOM19980603.0900.0074: 0.07271787022180647
