VOM19980303.0700.0783: 0.1845537723221982
VOM19980326.0900.0118: 0.17872387548593108
VOM19980612.0700.0080: 0.17290709769032792
VOM19980224.0700.1530: 0.16970909669762643
VOM19980326.0700.0452: 0.1691268478108166
VOM19980305.0900.2166: 0.16287327417733885
VOM19980623.0900.0051: 0.16045900845558034
VOM19980315.0700.2670: 0.1573138656440838
VOM19980223.0700.0240: 0.157008394879606
VOM19980603.0730.0115: 0.1544482378035317
VOM19980303.0700.0324: 0.15420853750190966
VOM19980225.0900.0178: 0.15405245164587322
VOM19980530.0700.0107: 0.15394644494483267
