VOM19980314.0700.1261: 0.2353243352364029
VOM19980223.0700.1993: 0.2156239731639531
VOM19980314.0700.0818: 0.2144824090167659
VOM19980317.0700.0156: 0.2065220070417451
VOM19980317.0700.0723: 0.20444345202513467
VOM19980317.0700.0924: 0.2027378586103241
VOM19980403.0900.2349: 0.20264602428786113
VOM19980225.0900.1275: 0.19427389034643963
VOM19980302.0900.0871: 0.19269459780100903
VOM19980223.0900.2779: 0.19266398033300952
VOM19980326.0900.0433: 0.18984352335385335
VOM19980613.0700.0112: 0.1896536200133186
VOM19980319.0700.2536: 0.18959995651501707
