VOM19980508.0700.0362: 0.2148755911870184
VOM19980510.0730.0001: 0.2037514358424569
VOM19980508.0730.0003: 0.20222881108748536
VOM19980507.0700.0242: 0.2019304985058425
VOM19980508.0900.0007: 0.2010175623501975
VOM19980506.0700.0042: 0.199526393362789
VOM19980506.0900.0006: 0.19821077799452103
VOM19980509.0730.0027: 0.19715821158187782
VOM19980507.0730.0066: 0.19711625770312424
VOM19980510.0700.0040: 0.19225338905164913
VOM19980507.0900.0040: 0.19142226852774513
VOM19980509.0700.0089: 0.19140078948550104
VOM19980327.0900.0221: 0.1824436970697334
