VOM19980603.0900.0074: 0.3463560932840114
VOM19980604.0900.0213: 0.23600013828430907
VOM19980603.0730.0280: 0.2302542135462991
VOM19980605.0730.0276: 0.22097974483116972
VOM19980604.0730.0250: 0.21011912510595665
VOM19980605.0700.0440: 0.20343099497689038
VOM19980606.0700.0354: 0.1779299454900954
VOM19980606.0730.0134: 0.13164293230299393
VOM19980223.0900.1854: 0.10138697134284026
VOM19980223.0900.0265: 0.10097004844171725
VOM19980509.0730.0100: 0.09290884825911931
VOM19980224.0900.2258: 0.09276346365698847
VOM19980223.0900.3466: 0.08490942383700419
