VOM19980314.0700.1261: 0.20668347587702635
VOM19980223.0700.1993: 0.20292905391762012
VOM19980224.0700.2219: 0.19741895198349402
VOM19980314.0700.0818: 0.19578206328641518
VOM19980303.0700.2491: 0.18737068727532719
VOM19980403.0900.2349: 0.18315406111036023
VOM19980317.0900.0757: 0.18297587859012684
VOM19980317.0700.0924: 0.18067648215565424
VOM19980302.0900.2091: 0.17985680479571522
VOM19980403.0700.0727: 0.1793546410993193
VOM19980225.0700.2209: 0.17893220916358885
VOM19980319.0700.1102: 0.17625456979551402
VOM19980306.0700.1916: 0.1746654824735039
