VOM19980602.0900.0127: 0.20043156454552072
VOM19980531.0700.0040: 0.1932913871445869
VOM19980220.0900.3537: 0.17308786476598872
VOM19980605.0900.0045: 0.1668053956104237
VOM19980602.0700.0166: 0.16514492917565604
VOM19980605.0730.0042: 0.16180158740720468
VOM19980628.0700.0527: 0.16115849375803049
VOM19980531.0730.0006: 0.15126059607392858
VOM19980315.0700.1828: 0.1483260564551661
VOM19980606.0730.0234: 0.1324812370983327
VOM19980605.0700.0040: 0.1319553284780835
VOM19980606.0700.0206: 0.1303918953120281
VOM19980507.0700.0355: 0.11985799108412457
