VOM19980603.0900.0074: 0.28971904289205563
VOM19980605.0730.0276: 0.24399995660560575
VOM19980604.0900.0213: 0.24242100048636325
VOM19980603.0730.0280: 0.23946600447362495
VOM19980604.0730.0250: 0.21491616115583284
VOM19980606.0700.0354: 0.2085429100550978
VOM19980605.0700.0440: 0.20534140788574481
VOM19980606.0730.0134: 0.16933565898728195
VOM19980509.0730.0100: 0.13526481633369183
VOM19980224.0900.2258: 0.11420091902180221
VOM19980502.0700.0438: 0.11271554057898221
VOM19980305.0700.0276: 0.10072409188593492
VOM19980605.0900.0045: 0.0991279210406088
