VOM19980315.0700.1310: 0.17951919655355153
VOM19980226.0900.2900: 0.1628777056907234
VOM19980326.0900.0149: 0.15928103848938935
VOM19980325.0900.2040: 0.1413465984926703
VOM19980325.0900.0124: 0.13842287764735614
VOM19980624.0730.0254: 0.13728175217283786
VOM19980628.0700.0316: 0.13242715725818188
VOM19980220.0900.1332: 0.12477144504093558
VOM19980624.0700.0382: 0.12282589366486595
VOM19980606.0730.0134: 0.12058502593636829
VOM19980226.0900.3196: 0.1182715271200331
VOM19980319.0700.0496: 0.11770310339661733
VOM19980506.0900.0257: 0.1167949060623639
