VOM19980220.0700.2814: 0.09714005181026106
VOM19980224.0900.3022: 0.08360085471726604
VOM19980223.0700.1511: 0.08280799006201944
VOM19980326.0900.2164: 0.07482577135310753
VOM19980326.0700.2359: 0.07482577135310753
VOM19980301.0700.0393: 0.07099169748801233
VOM19980613.0700.0555: 0.07020692013043262
VOM19980410.0900.0241: 0.06933761574617149
VOM19980227.0900.3069: 0.06895166927805138
VOM19980315.0700.2508: 0.0678434732749878
VOM19980224.0700.2219: 0.06475271407718614
VOM19980314.0700.0818: 0.0615021973369505
VOM19980317.0900.2819: 0.060213911039020726
