VOM19980303.0700.0783: 0.15728608098263758
VOM19980303.0700.2491: 0.1542237951189243
VOM19980224.0700.2219: 0.1541592284571796
VOM19980302.0900.2091: 0.15116072109285092
VOM19980305.0900.2166: 0.15058834328530415
VOM19980305.0900.1046: 0.14706442010372192
VOM19980302.0700.2334: 0.1445249067400461
VOM19980316.0900.2108: 0.14303669536398791
VOM19980303.0900.2868: 0.14068649414852133
VOM19980325.0900.1209: 0.14041620169255797
VOM19980315.0700.2670: 0.14017813663104373
VOM19980319.0700.2278: 0.13847324631963998
VOM19980225.0900.0714: 0.136598985812816
