VOM19980325.0900.3341: 0.22118828827610676
VOM19980522.0700.0456: 0.16429740810123333
VOM19980326.0700.1668: 0.143687385151972
VOM19980607.0730.0033: 0.1346646540881428
VOM19980326.0900.3442: 0.13353345490910526
VOM19980630.0900.0127: 0.1291019855383672
VOM19980306.0700.2852: 0.1284845832182258
VOM19980522.0730.0286: 0.1275594190430083
VOM19980326.0700.1793: 0.12751634828122382
VOM19980312.0900.0990: 0.12701222098981307
VOM19980222.0700.1501: 0.12617046232190368
VOM19980222.0700.0448: 0.12377404526905997
VOM19980316.0700.0944: 0.1237297672066577
