VOM19980508.0700.0362: 0.210208724611231
VOM19980510.0730.0001: 0.2022185869681544
VOM19980506.0700.0042: 0.2011765207241394
VOM19980506.0900.0006: 0.2003383730593444
VOM19980508.0730.0003: 0.1998940881519497
VOM19980508.0900.0007: 0.1991059802281228
VOM19980509.0730.0027: 0.1984887316318856
VOM19980507.0730.0066: 0.198454369903647
VOM19980507.0700.0242: 0.19816579742781895
VOM19980507.0900.0040: 0.19283164373822353
VOM19980509.0700.0089: 0.19200391714588297
VOM19980510.0700.0040: 0.1875750170268396
VOM19980605.0900.0236: 0.18557010047251812
