VOM19980311.0700.1487: 0.20177644808589826
VOM19980630.0900.0230: 0.19585887800253485
VOM19980303.0900.2128: 0.18183003261904288
VOM19980316.0700.0776: 0.1650971425033477
VOM19980304.0700.1058: 0.15663585824709877
VOM19980303.0900.0396: 0.15500255050641568
VOM19980319.0700.2737: 0.1530758447745277
VOM19980621.0700.0565: 0.12441182016385856
VOM19980304.0700.1276: 0.1212759382981883
VOM19980316.0700.0702: 0.11238976521298726
VOM19980305.0900.2093: 0.11190802035499457
VOM19980326.0700.1793: 0.11136275451555767
VOM19980306.0700.0971: 0.11095090564485265
