VOM19980602.0900.0127: 0.20139691935712675
VOM19980531.0700.0040: 0.19643475529318857
VOM19980220.0900.3537: 0.17473635699780193
VOM19980605.0900.0045: 0.17173915610943294
VOM19980605.0730.0042: 0.16658734555192964
VOM19980602.0700.0166: 0.1663821018419843
VOM19980628.0700.0527: 0.16478389141443356
VOM19980531.0730.0006: 0.1556455369580528
VOM19980315.0700.1828: 0.1519978776039842
VOM19980605.0700.0040: 0.13626725344877041
VOM19980606.0730.0234: 0.1357798588254789
VOM19980606.0700.0206: 0.1336384949690103
VOM19980507.0700.0355: 0.1218922336954444
