VOM19980603.0900.0074: 0.30627601783187347
VOM19980604.0900.0213: 0.26779424056396156
VOM19980605.0730.0276: 0.2664488869141845
VOM19980603.0730.0280: 0.2604695597000476
VOM19980604.0730.0250: 0.23994484413166156
VOM19980606.0700.0354: 0.23476246553642188
VOM19980605.0700.0440: 0.228814336853306
VOM19980606.0730.0134: 0.19961240392324234
VOM19980509.0730.0100: 0.16372341966884274
VOM19980502.0700.0438: 0.1457105377785493
VOM19980224.0900.2258: 0.13965254834780313
VOM19980628.0700.0527: 0.1356321758435466
VOM19980605.0900.0045: 0.13008759344284995
