VOM19980603.0900.0074: 0.3523808178461034
VOM19980604.0900.0213: 0.24466497802202522
VOM19980603.0730.0280: 0.2399818946297365
VOM19980605.0730.0276: 0.2301882083536891
VOM19980604.0730.0250: 0.21688599898131514
VOM19980605.0700.0440: 0.20965908727859964
VOM19980606.0700.0354: 0.18522099196636108
VOM19980606.0730.0134: 0.14018994888293684
VOM19980223.0900.1854: 0.10704601576084953
VOM19980223.0900.0265: 0.10655915978801768
VOM19980509.0730.0100: 0.10186134070596761
VOM19980224.0900.2258: 0.0991615052793051
VOM19980223.0900.3466: 0.090381374010195
