VOM19980603.0900.0074: 0.34381608748489484
VOM19980604.0900.0213: 0.23282219753910632
VOM19980603.0730.0280: 0.22977733905886913
VOM19980605.0730.0276: 0.21963430933730313
VOM19980604.0730.0250: 0.20576572386648695
VOM19980605.0700.0440: 0.19970390902439628
VOM19980606.0700.0354: 0.17478723627338646
VOM19980606.0730.0134: 0.12850843198853096
VOM19980223.0900.1854: 0.09810748715501162
VOM19980223.0900.0265: 0.09766115649854046
VOM19980509.0730.0100: 0.09060483364388626
VOM19980224.0900.2258: 0.08950128586865778
VOM19980223.0900.3466: 0.08146954603675911
