VOM19980602.0900.0127: 0.18855794352911898
VOM19980531.0700.0040: 0.18129377982832096
VOM19980220.0900.3537: 0.15795792324228705
VOM19980602.0700.0166: 0.15376127312625607
VOM19980605.0900.0045: 0.1500222160111921
VOM19980605.0730.0042: 0.1454216765254203
VOM19980628.0700.0527: 0.14106143671495722
VOM19980315.0700.1828: 0.13228322627393238
VOM19980531.0730.0006: 0.1320725681505416
VOM19980606.0730.0234: 0.1185075100553048
VOM19980605.0700.0040: 0.11833891864405108
VOM19980606.0700.0206: 0.11658282381089771
VOM19980507.0700.0355: 0.10861732149653676
