VOM19980303.0700.0783: 0.12946519735849124
VOM19980326.0900.0118: 0.11698616938204977
VOM19980530.0700.0107: 0.11631609329363433
VOM19980530.0730.0037: 0.11494484510473932
VOM19980305.0900.2166: 0.11442307793371878
VOM19980315.0700.2670: 0.11421028163499092
VOM19980305.0900.1046: 0.11206200927180532
VOM19980224.0700.1530: 0.10941152193180496
VOM19980612.0700.0080: 0.10895397904976531
VOM19980303.0700.2491: 0.10692345875684953
VOM19980623.0900.0051: 0.10626433064926556
VOM19980224.0700.2219: 0.1058602269460055
VOM19980302.0900.2091: 0.10326757857044395
