VOM19980315.0700.1310: 0.18204654339084309
VOM19980226.0900.2900: 0.16484629235729534
VOM19980326.0900.0149: 0.162257496509958
VOM19980325.0900.2040: 0.14352171017043508
VOM19980325.0900.0124: 0.14071795003669246
VOM19980624.0730.0254: 0.13998340612365898
VOM19980628.0700.0316: 0.13469589373117455
VOM19980220.0900.1332: 0.1261881414624511
VOM19980624.0700.0382: 0.12546037111211625
VOM19980606.0730.0134: 0.12354874415123059
VOM19980226.0900.3196: 0.1207851350136334
VOM19980319.0700.0496: 0.11963252198259038
VOM19980506.0900.0257: 0.11897104753826174
