VOM19980507.0700.0521: 0.2131742202461917
VOM19980511.0900.0004: 0.19267343288882915
VOM19980511.0730.0003: 0.1852764759666744
VOM19980511.0700.0039: 0.1852764759666744
VOM19980424.0900.0178: 0.16572395470298126
VOM19980511.0730.0099: 0.16056584097729837
VOM19980302.0900.1291: 0.1564541256052629
VOM19980225.0900.2118: 0.15487675594047337
VOM19980225.0900.0421: 0.15487675594047337
VOM19980529.0900.0148: 0.1540453611192934
VOM19980524.0730.0003: 0.1454037403786477
VOM19980511.0900.0067: 0.14436603969457598
VOM19980327.0900.2123: 0.14397439089426334
