VOM19980225.0900.1919: 0.1463512675030882
VOM19980225.0900.0216: 0.1446846853397673
VOM19980526.0900.0124: 0.14009160352487493
VOM19980222.0700.0448: 0.13650677288021237
VOM19980526.0730.0065: 0.1341705327119126
VOM19980319.0900.0364: 0.12759236441470595
VOM19980623.0700.0472: 0.12689978780136166
VOM19980404.0700.1061: 0.12615716172162436
VOM19980326.0700.0480: 0.12544124589507705
VOM19980225.0900.0714: 0.12459319965251724
VOM19980302.0700.0484: 0.12442613421865145
VOM19980616.0730.0180: 0.12437058031171971
VOM19980616.0900.0100: 0.12391405001208013
