VOM19980314.0700.1911: 0.20937512347740353
VOM19980314.0700.0239: 0.20766905911222247
VOM19980327.0900.2123: 0.16516930962298007
VOM19980316.0900.1667: 0.1621206347836598
VOM19980316.0900.1861: 0.15454105722704864
VOM19980303.0900.1926: 0.13839735324484714
VOM19980228.0700.0448: 0.13725845015285412
VOM19980302.0700.3423: 0.1371014642752647
VOM19980311.0700.1883: 0.13644389734579657
VOM19980303.0900.3358: 0.13550874484742562
VOM19980302.0700.2096: 0.13081637134160012
VOM19980623.0700.0507: 0.12884310731471005
VOM19980623.0730.0101: 0.12884310731471005
