VOM19980527.0700.0042: 0.15895032481993993
VOM19980515.0900.0007: 0.15616305219104124
VOM19980226.0900.1367: 0.14554578466425724
VOM19980527.0730.0003: 0.14431951900591483
VOM19980515.0730.0053: 0.1420275594463956
VOM19980524.0730.0061: 0.1405637916750617
VOM19980524.0700.0265: 0.1405637916750617
VOM19980515.0700.0102: 0.13719029516553502
VOM19980527.0900.0008: 0.13642790741788438
VOM19980302.0700.1233: 0.1312715674951116
VOM19980403.0700.2289: 0.12864280035287998
VOM19980305.0900.2166: 0.12747330004083704
VOM19980223.0900.2288: 0.12515112378283927
