VOM19980311.0700.1487: 0.2096207782160606
VOM19980630.0900.0230: 0.20478955515848984
VOM19980303.0900.2128: 0.1923792651534415
VOM19980316.0700.0776: 0.17088135702251736
VOM19980303.0900.0396: 0.1651569794504425
VOM19980304.0700.1058: 0.16225865359791375
VOM19980319.0700.2737: 0.15699637941436054
VOM19980621.0700.0565: 0.1350049051951102
VOM19980304.0700.1276: 0.12513771564687193
VOM19980305.0900.2093: 0.12196796538245754
VOM19980316.0700.0702: 0.12132264696456979
VOM19980225.0700.0585: 0.12066310851763484
VOM19980306.0700.0971: 0.11712812181718818
