VOM19980314.0700.1911: 0.2325252416376335
VOM19980314.0700.0239: 0.22825066834901997
VOM19980316.0900.1667: 0.22456633846290885
VOM19980327.0900.2123: 0.21196165718123866
VOM19980319.0900.1922: 0.18763564095831464
VOM19980319.0900.0162: 0.18639646527017478
VOM19980305.0700.0354: 0.18141150597390435
VOM19980302.0700.1749: 0.1790674627639051
VOM19980311.0700.1883: 0.1734020944941333
VOM19980623.0700.0507: 0.17237071428703135
VOM19980623.0730.0101: 0.17237071428703135
VOM19980619.0700.0464: 0.1710469088208838
VOM19980303.0900.0203: 0.17038933462858627
