VOM19980303.0700.0783: 0.12703424057458795
VOM19980530.0700.0107: 0.11488885511294884
VOM19980326.0900.0118: 0.11404084596905673
VOM19980530.0730.0037: 0.1138633960698086
VOM19980305.0900.2166: 0.11231517969766282
VOM19980315.0700.2670: 0.11204028577962853
VOM19980305.0900.1046: 0.11009487733706894
VOM19980224.0700.1530: 0.1069754413678771
VOM19980612.0700.0080: 0.10636871050088552
VOM19980303.0700.2491: 0.1053185455078587
VOM19980224.0700.2219: 0.10439567907686473
VOM19980623.0900.0051: 0.10373252038443188
VOM19980302.0900.2091: 0.10180883375758598
