VOM19980314.0700.1261: 0.17304792114847548
VOM19980223.0700.1993: 0.1447637487664228
VOM19980403.0900.2349: 0.14460686769138772
VOM19980224.0700.2219: 0.13650658877199442
VOM19980314.0700.0818: 0.134786863003405
VOM19980303.0700.2491: 0.1325083090336477
VOM19980220.0900.2138: 0.13072516614841334
VOM19980317.0900.0757: 0.13066161015298733
VOM19980317.0700.0924: 0.12992332923177846
VOM19980225.0900.1275: 0.1261777828647124
VOM19980317.0700.0723: 0.12597486146680784
VOM19980225.0900.1029: 0.12591529065811988
VOM19980316.0900.2774: 0.1257829959058378
