VOM19980326.0900.3298: 0.13680057023780834
VOM19980624.0730.0117: 0.13251477116817492
VOM19980603.0700.0457: 0.10271493750841307
VOM19980603.0730.0240: 0.09483948062747977
VOM19980403.0700.3400: 0.09438545742487953
VOM19980526.0730.0229: 0.09210868249922541
VOM19980327.0900.2035: 0.0886591748823474
VOM19980223.0700.0800: 0.08382061869016515
VOM19980311.0700.0357: 0.08096177213904307
VOM19980527.0700.0466: 0.08025355610837938
VOM19980220.0700.0672: 0.07965860718781412
VOM19980529.0900.0173: 0.07932502384190283
VOM19980227.0900.2416: 0.07835409691869269
