VOM19980315.0700.1310: 0.17200931365413125
VOM19980226.0900.2900: 0.1573999934548846
VOM19980326.0900.0149: 0.15043726035681315
VOM19980325.0900.2040: 0.13359193395170457
VOM19980325.0900.0124: 0.1305128832817463
VOM19980624.0730.0254: 0.12852693986931363
VOM19980628.0700.0316: 0.12473485111628978
VOM19980220.0900.1332: 0.12065586878971468
VOM19980624.0700.0382: 0.11486067309825601
VOM19980606.0730.0134: 0.1120239860134974
VOM19980226.0900.3196: 0.11180049090758867
VOM19980319.0700.0496: 0.11084674247889868
VOM19980506.0900.0257: 0.10878230879106936
