VOM19980507.0700.0521: 0.20183086036567652
VOM19980511.0900.0004: 0.182474529361024
VOM19980511.0730.0003: 0.17803249844016975
VOM19980511.0700.0039: 0.17803249844016975
VOM19980529.0900.0148: 0.15980876127193452
VOM19980529.0730.0148: 0.1555048169327474
VOM19980529.0700.0334: 0.12709444172045525
VOM19980302.0900.1291: 0.11839586333128219
VOM19980301.0700.0168: 0.10235156337158095
VOM19980511.0730.0099: 0.09287131851856738
VOM19980225.0900.2118: 0.09270763768966146
VOM19980225.0900.0421: 0.09270763768966146
VOM19980424.0900.0178: 0.09055641172801253
