VOM19980314.0700.1911: 0.2224331643232899
VOM19980314.0700.0239: 0.21859467946947286
VOM19980316.0900.1667: 0.21146776039675333
VOM19980327.0900.2123: 0.2005291385603236
VOM19980319.0900.1922: 0.17319382161655417
VOM19980319.0900.0162: 0.1720831838406616
VOM19980305.0700.0354: 0.1673667260520258
VOM19980302.0700.1749: 0.1666362084823474
VOM19980311.0700.1883: 0.16426571142489774
VOM19980623.0700.0507: 0.16248315425808352
VOM19980623.0730.0101: 0.16248315425808352
VOM19980316.0900.1861: 0.160886647010814
VOM19980303.0900.0203: 0.15787336929554716
