VOM19980605.0900.0045: 0.2124168538386505
VOM19980605.0730.0042: 0.20604073681434346
VOM19980531.0700.0040: 0.20406567586669375
VOM19980602.0900.0127: 0.19824730839569893
VOM19980531.0730.0006: 0.17785033592541302
VOM19980605.0700.0040: 0.17211823210297997
VOM19980602.0700.0166: 0.17124441521707037
VOM19980628.0700.0527: 0.1711577946268231
VOM19980220.0900.3537: 0.16564380857701974
VOM19980526.0730.0229: 0.1620104703108827
VOM19980315.0700.1828: 0.16134662912991848
VOM19980606.0730.0234: 0.1513550767910314
VOM19980606.0700.0206: 0.1489668693690175
