VOM19980603.0900.0074: 0.286854546722004
VOM19980605.0730.0276: 0.22195645544926418
VOM19980603.0730.0280: 0.21797769463141117
VOM19980604.0900.0213: 0.20451306912187625
VOM19980606.0700.0354: 0.2021143595206419
VOM19980605.0700.0440: 0.1945298323305415
VOM19980604.0730.0250: 0.18452277884285637
VOM19980606.0730.0134: 0.1637157419711306
VOM19980509.0730.0100: 0.13146308518725477
VOM19980224.0900.2258: 0.1217571132295756
VOM19980502.0700.0438: 0.11039566259666592
VOM19980305.0700.0276: 0.10520431819658052
VOM19980319.0700.1874: 0.10501161286281953
