VOM19980325.0900.3341: 0.20678124209012488
VOM19980522.0730.0286: 0.1353590086601234
VOM19980522.0700.0456: 0.12751672822389018
VOM19980607.0730.0033: 0.12244922135602115
VOM19980326.0700.1668: 0.12122651499493875
VOM19980630.0900.0127: 0.11352884148165486
VOM19980531.0700.0235: 0.11022901718034467
VOM19980603.0700.0282: 0.10643324812982115
VOM19980222.0700.0448: 0.10534725941366148
VOM19980522.0730.0037: 0.1026315114873297
VOM19980522.0900.0039: 0.1026315114873297
VOM19980304.0700.0871: 0.1014452799356553
VOM19980302.0900.0457: 0.09998077229090183
