VOM19980314.0700.1261: 0.18005181665103603
VOM19980224.0700.2219: 0.17940865452035742
VOM19980223.0700.1993: 0.179050981986648
VOM19980314.0700.0818: 0.1695198085757419
VOM19980303.0700.2491: 0.16765699637913808
VOM19980302.0900.2091: 0.16128931853496936
VOM19980317.0900.0757: 0.16128045909175998
VOM19980225.0700.2209: 0.15837321580124136
VOM19980403.0900.2349: 0.1561924937668305
VOM19980317.0700.0924: 0.15488938146183487
VOM19980306.0700.1916: 0.1540008960628136
VOM19980403.0700.0727: 0.1537356794234196
VOM19980319.0700.1102: 0.1511227002631121
