VOM19980314.0700.1261: 0.1787137576460741
VOM19980223.0700.1993: 0.15135681852744856
VOM19980403.0900.2349: 0.15016459014521363
VOM19980314.0700.0818: 0.1418843362995755
VOM19980224.0700.2219: 0.141534062690495
VOM19980303.0700.2491: 0.13750776770291803
VOM19980317.0700.0924: 0.13645091567601364
VOM19980317.0900.0757: 0.13554495411441247
VOM19980220.0900.2138: 0.13491106390559818
VOM19980317.0700.0723: 0.13230114306113086
VOM19980225.0900.1275: 0.13131396568950562
VOM19980223.0900.2779: 0.13094185495993707
VOM19980225.0900.1029: 0.13079744467601062
