VOM19980624.0730.0117: 0.16528707775895107
VOM19980603.0700.0457: 0.15751514335487557
VOM19980326.0900.3298: 0.1548464993756445
VOM19980613.0700.0546: 0.14716726131615498
VOM19980603.0730.0240: 0.14625304123495214
VOM19980225.0900.2065: 0.1419008479293465
VOM19980526.0730.0229: 0.14009458517350135
VOM19980220.0700.0672: 0.1395421814645122
VOM19980304.0700.0408: 0.13763396577205392
VOM19980524.0700.0492: 0.1375079374864342
VOM19980302.0700.0373: 0.13732363651313623
VOM19980224.0700.0481: 0.1337770263110002
VOM19980502.0700.0438: 0.1333614034260827
