VOM19980311.0700.1487: 0.21365678379210795
VOM19980630.0900.0230: 0.2074513201006763
VOM19980303.0900.2128: 0.19624926888680586
VOM19980316.0700.0776: 0.1739786576961775
VOM19980303.0900.0396: 0.16914861376276238
VOM19980304.0700.1058: 0.16703331718216782
VOM19980319.0700.2737: 0.1600778588164638
VOM19980621.0700.0565: 0.13928902078065292
VOM19980304.0700.1276: 0.12789351915605654
VOM19980305.0900.2093: 0.12666718420591905
VOM19980225.0700.0585: 0.1251919569479487
VOM19980316.0700.0702: 0.12505954068514613
VOM19980306.0700.0971: 0.1218373313054499
