VOM19980508.0700.0362: 0.2196454889104761
VOM19980510.0730.0001: 0.21058508043468208
VOM19980507.0700.0242: 0.20759047255912721
VOM19980508.0730.0003: 0.20601049390906456
VOM19980508.0900.0007: 0.2050166389281561
VOM19980507.0730.0066: 0.20386171991238236
VOM19980506.0700.0042: 0.20280085963292993
VOM19980509.0730.0027: 0.2024643268925213
VOM19980506.0900.0006: 0.20182574855608415
VOM19980507.0900.0040: 0.19797287827150906
VOM19980510.0700.0040: 0.19776514684426466
VOM19980509.0700.0089: 0.19674672672180418
VOM19980527.0700.0388: 0.18688942232539224
