VOM19980325.0900.3341: 0.22113224429829742
VOM19980522.0700.0456: 0.1642539117621979
VOM19980326.0700.1668: 0.1436387821316516
VOM19980607.0730.0033: 0.13461537227844683
VOM19980326.0900.3442: 0.1334855362340092
VOM19980630.0900.0127: 0.12905279437235173
VOM19980306.0700.2852: 0.1284431722031528
VOM19980522.0730.0286: 0.12750907573146786
VOM19980326.0700.1793: 0.1274704784961188
VOM19980312.0900.0990: 0.12696789905704753
VOM19980222.0700.1501: 0.12612735213972998
VOM19980222.0700.0448: 0.123721014096848
VOM19980316.0700.0944: 0.12367878739570876
