VOM19980315.0700.1310: 0.1805586566051911
VOM19980226.0900.2900: 0.16311157318023173
VOM19980326.0900.0149: 0.16064437965695597
VOM19980325.0900.2040: 0.1421280668870373
VOM19980325.0900.0124: 0.13924889995277356
VOM19980624.0730.0254: 0.13829745137954927
VOM19980628.0700.0316: 0.1331855197622091
VOM19980220.0900.1332: 0.12464257473893965
VOM19980624.0700.0382: 0.12358510320199033
VOM19980606.0730.0134: 0.1213863337402216
VOM19980226.0900.3196: 0.11866356592974281
VOM19980319.0700.0496: 0.11804417233480077
VOM19980506.0900.0257: 0.11724730614700712
