VOM19980314.0700.1911: 0.20220050112861288
VOM19980314.0700.0239: 0.2006545979921877
VOM19980327.0900.2123: 0.1616989128532158
VOM19980316.0900.1667: 0.15821325322238852
VOM19980316.0900.1861: 0.15020061050439668
VOM19980228.0700.0448: 0.1350673683412962
VOM19980311.0700.1883: 0.134140175755325
VOM19980303.0900.1926: 0.1325230338927419
VOM19980302.0700.3423: 0.13117461369658287
VOM19980303.0900.3358: 0.12988523400823918
VOM19980302.0700.2096: 0.12506004091415193
VOM19980623.0700.0507: 0.12334821644378931
VOM19980623.0730.0101: 0.12334821644378931
