VOM19980314.0700.1261: 0.2352769573839711
VOM19980223.0700.1993: 0.2155709071758944
VOM19980314.0700.0818: 0.2144249551778454
VOM19980317.0700.0156: 0.20647930490882632
VOM19980317.0700.0723: 0.20439528171826554
VOM19980317.0700.0924: 0.20268674402391898
VOM19980403.0900.2349: 0.20259776472986418
VOM19980225.0900.1275: 0.19423238316602467
VOM19980302.0900.0871: 0.19264564183589636
VOM19980223.0900.2779: 0.19261643136198917
VOM19980326.0900.0433: 0.18979974121529564
VOM19980613.0700.0112: 0.1896106067474656
VOM19980319.0700.2536: 0.18954920524731858
