VOM19980301.0700.0393: 0.1161088437649016
VOM19980220.0700.2814: 0.10412067832184417
VOM19980410.0900.0241: 0.09831645083621386
VOM19980620.0700.0552: 0.09644082521333251
VOM19980224.0900.3022: 0.09478772280064343
VOM19980627.0700.0572: 0.08588151221808538
VOM19980223.0700.1511: 0.084581138519597
VOM19980220.0700.0707: 0.08034465754939141
VOM19980607.0700.0385: 0.0799034729726843
VOM19980607.0730.0163: 0.0799034729726843
VOM19980613.0700.0555: 0.07978749198863237
VOM19980515.0900.0007: 0.07872536218931325
VOM19980315.0700.2508: 0.07665575473896546
