VOM19980624.0730.0117: 0.14956857071824572
VOM19980603.0700.0457: 0.14583730508514267
VOM19980326.0900.3298: 0.14369297601269346
VOM19980603.0730.0240: 0.13364442033237958
VOM19980613.0700.0546: 0.1329399094402594
VOM19980225.0900.2065: 0.12273493213604188
VOM19980526.0730.0229: 0.12022437294039383
VOM19980524.0700.0492: 0.11827886102319198
VOM19980304.0700.0408: 0.11819726517619351
VOM19980220.0700.0672: 0.11778883386251922
VOM19980222.0700.2119: 0.11399312296832811
VOM19980304.0900.0353: 0.11275668648403839
VOM19980403.0700.3400: 0.11234397511469964
