VOM19980508.0700.0362: 0.2196285046462339
VOM19980510.0730.0001: 0.21055854155878945
VOM19980507.0700.0242: 0.20757096319409582
VOM19980508.0730.0003: 0.20599447669460333
VOM19980508.0900.0007: 0.20499694744393082
VOM19980507.0730.0066: 0.2038281460204306
VOM19980506.0700.0042: 0.20277822137892376
VOM19980509.0730.0027: 0.20244404303669902
VOM19980506.0900.0006: 0.20180854626560304
VOM19980507.0900.0040: 0.19793882073588828
VOM19980510.0700.0040: 0.1977481016387944
VOM19980509.0700.0089: 0.1967259349869199
VOM19980527.0700.0388: 0.18686403546260458
