VOM19980527.0700.0042: 0.1561015935615267
VOM19980527.0730.0003: 0.1496018624923498
VOM19980527.0900.0008: 0.14048890272611173
VOM19980515.0900.0007: 0.13839423742452728
VOM19980524.0730.0061: 0.13296154474812508
VOM19980524.0700.0265: 0.13296154474812508
VOM19980515.0730.0053: 0.12499918003604345
VOM19980226.0900.1367: 0.11378969415146696
VOM19980421.0900.0146: 0.11361911164800545
VOM19980515.0700.0102: 0.11172511540004658
VOM19980501.0700.0297: 0.10866800617317353
VOM19980620.0700.0143: 0.10469502853177248
VOM19980527.0900.0223: 0.10276829528445057
