VOM19980314.0700.1261: 0.17365645212561626
VOM19980223.0700.1993: 0.14643221064320547
VOM19980403.0900.2349: 0.14495608026708026
VOM19980224.0700.2219: 0.13760857600617968
VOM19980314.0700.0818: 0.13650628122180375
VOM19980303.0700.2491: 0.1333844320293682
VOM19980317.0900.0757: 0.1312289829988187
VOM19980317.0700.0924: 0.13115777511455612
VOM19980220.0900.2138: 0.13005306878126588
VOM19980225.0900.1029: 0.12577019986917146
VOM19980317.0700.0723: 0.12575772587620646
VOM19980316.0900.2774: 0.12530364128283186
VOM19980223.0900.2779: 0.12520851716568163
