VOM19980515.0900.0007: 0.11852934546455374
VOM19980527.0700.0042: 0.11843883305490928
VOM19980527.0730.0003: 0.11136046193844716
VOM19980515.0730.0053: 0.10833265223557939
VOM19980524.0730.0061: 0.10613615959647874
VOM19980524.0700.0265: 0.10613615959647874
VOM19980527.0900.0008: 0.10537405134469978
VOM19980630.0900.0127: 0.09596111218751482
VOM19980515.0700.0102: 0.09386201627685418
VOM19980403.0900.2121: 0.091222330551018
VOM19980403.0700.0489: 0.0897070836279066
VOM19980410.0900.0241: 0.0895075074286253
VOM19980421.0900.0146: 0.08430780094563944
