VOM19980603.0700.0103: 0.19572661729556604
VOM19980616.0730.0180: 0.17496410254924114
VOM19980616.0900.0100: 0.17429400526948116
VOM19980616.0730.0252: 0.1521966796156149
VOM19980616.0900.0077: 0.1521966796156149
VOM19980531.0700.0120: 0.14124512584293963
VOM19980317.0700.0723: 0.12528342941025672
VOM19980618.0900.0057: 0.12413164913330556
VOM19980529.0730.0042: 0.11692480860027321
VOM19980529.0900.0046: 0.11692480860027321
VOM19980224.0900.2345: 0.11326673103589609
VOM19980319.0900.2169: 0.10874415796592866
VOM19980604.0700.0039: 0.10604639652473788
