VOM19980602.0900.0127: 0.18470587420749388
VOM19980531.0700.0040: 0.17882216853757982
VOM19980605.0900.0045: 0.17860695692735012
VOM19980605.0730.0042: 0.17293863128099574
VOM19980602.0700.0166: 0.15722659263823918
VOM19980220.0900.3537: 0.14469967494633704
VOM19980605.0700.0040: 0.14288192646608205
VOM19980531.0730.0006: 0.1422887208111224
VOM19980628.0700.0527: 0.14102078631134268
VOM19980315.0700.1828: 0.13379504183647867
VOM19980526.0730.0229: 0.1282759818192505
VOM19980606.0730.0234: 0.12390237188035877
VOM19980606.0700.0206: 0.12182874350736801
