VOM19980314.0700.1911: 0.2100605231392588
VOM19980314.0700.0239: 0.20829468581239985
VOM19980327.0900.2123: 0.16808599118689208
VOM19980316.0900.1667: 0.16592677453569674
VOM19980316.0900.1861: 0.15545102752122839
VOM19980228.0700.0448: 0.13988974526134046
VOM19980303.0900.1926: 0.1398384079957544
VOM19980311.0700.1883: 0.13979454172639041
VOM19980302.0700.3423: 0.13809216933446497
VOM19980303.0900.3358: 0.13707618674523123
VOM19980302.0700.2096: 0.1321407270055406
VOM19980623.0700.0507: 0.1307706885156697
VOM19980623.0730.0101: 0.1307706885156697
