VOM19980303.0700.0783: 0.1217274941058497
VOM19980530.0730.0037: 0.11168422528176442
VOM19980530.0700.0107: 0.11101145102391873
VOM19980326.0900.0118: 0.10837937985501653
VOM19980305.0900.2166: 0.10816556000127689
VOM19980315.0700.2670: 0.10759743307248405
VOM19980305.0900.1046: 0.10623257133175114
VOM19980303.0700.2491: 0.10221161758361223
VOM19980224.0700.2219: 0.10162453816384383
VOM19980224.0700.1530: 0.1014299200803529
VOM19980612.0700.0080: 0.09992801852122121
VOM19980302.0900.2091: 0.09908109048847825
VOM19980623.0900.0051: 0.09883087789430259
