VOM19980314.0700.1261: 0.22617602772272324
VOM19980223.0700.1993: 0.20708400945524585
VOM19980314.0700.0818: 0.20513035237081179
VOM19980317.0700.0924: 0.19358258576977352
VOM19980317.0700.0156: 0.19357846208728832
VOM19980403.0900.2349: 0.1934719486543516
VOM19980317.0700.0723: 0.19314818887440072
VOM19980225.0900.1275: 0.18361680659604876
VOM19980223.0900.2779: 0.18295289894842048
VOM19980302.0900.0871: 0.18285349639783166
VOM19980223.0900.2288: 0.1801225566447386
VOM19980224.0700.2219: 0.1796098308169082
VOM19980319.0700.2536: 0.1796047441476245
