VOM19980526.0900.0124: 0.12611491059657398
VOM19980616.0730.0180: 0.12531670461992175
VOM19980616.0900.0100: 0.12480323001411887
VOM19980225.0900.1919: 0.1230874728846479
VOM19980225.0900.0216: 0.12178080245847085
VOM19980526.0730.0065: 0.12109704439470932
VOM19980319.0900.0364: 0.11953856672032288
VOM19980222.0700.0448: 0.11844381213230017
VOM19980302.0700.0484: 0.11546587696462363
VOM19980316.0900.2774: 0.11441124082192494
VOM19980404.0700.1061: 0.11285734364566945
VOM19980225.0900.0714: 0.11142898879513924
VOM19980623.0700.0472: 0.10642425177451521
