VOM19980508.0700.0362: 0.22543564597765856
VOM19980508.0730.0003: 0.2097257321535039
VOM19980507.0700.0242: 0.20843969860897785
VOM19980508.0900.0007: 0.20577361837682354
VOM19980510.0700.0040: 0.20370408744355575
VOM19980327.0900.0221: 0.1995263140301905
VOM19980510.0730.0001: 0.1978429949882954
VOM19980506.0900.0006: 0.19383512231486988
VOM19980427.0900.0219: 0.19373528745410967
VOM19980509.0730.0027: 0.1932335737066037
VOM19980506.0700.0042: 0.19092302503398417
VOM19980509.0700.0089: 0.18960275013831446
VOM19980507.0730.0066: 0.18698001768177003
