VOM19980410.0900.0241: 0.1515441249175079
VOM19980301.0700.0393: 0.1319575111100884
VOM19980225.0900.0332: 0.11393730251541595
VOM19980326.0900.2164: 0.11027103209386163
VOM19980326.0700.2359: 0.11026727433809988
VOM19980607.0700.0385: 0.10955731513319833
VOM19980607.0730.0163: 0.10955731513319833
VOM19980526.0730.0229: 0.10761509655817836
VOM19980220.0700.2814: 0.10487558022151955
VOM19980515.0900.0007: 0.10358635822762137
VOM19980620.0700.0552: 0.10209405628312576
VOM19980305.0900.1736: 0.10150433409471196
VOM19980315.0700.2508: 0.10034509116781971
