VOM19980602.0900.0127: 0.20140883383040317
VOM19980531.0700.0040: 0.19644220019898556
VOM19980220.0900.3537: 0.17473029025269426
VOM19980605.0900.0045: 0.17174796713101223
VOM19980605.0730.0042: 0.16659260814077886
VOM19980602.0700.0166: 0.16638920721277506
VOM19980628.0700.0527: 0.164787451804397
VOM19980531.0730.0006: 0.15565415020908674
VOM19980315.0700.1828: 0.15200697483675743
VOM19980605.0700.0040: 0.13627137058320318
VOM19980606.0730.0234: 0.13578485190666975
VOM19980606.0700.0206: 0.13364232455974576
VOM19980507.0700.0355: 0.12188975258974619
