VOM19980602.0900.0127: 0.1885594109661948
VOM19980531.0700.0040: 0.18129703345937992
VOM19980220.0900.3537: 0.1579682183825758
VOM19980602.0700.0166: 0.15376046693905784
VOM19980605.0900.0045: 0.1500151611887795
VOM19980605.0730.0042: 0.1454148380442266
VOM19980628.0700.0527: 0.1410720930836048
VOM19980315.0700.1828: 0.1322915606684846
VOM19980531.0730.0006: 0.1320777735873059
VOM19980606.0730.0234: 0.11851115456296778
VOM19980605.0700.0040: 0.11833282583631886
VOM19980606.0700.0206: 0.11658640912793417
VOM19980507.0700.0355: 0.10862603176181827
