VOM19980507.0700.0521: 0.211256418030236
VOM19980511.0900.0004: 0.19029489844948397
VOM19980511.0730.0003: 0.18601969447830674
VOM19980511.0700.0039: 0.18601969447830674
VOM19980529.0900.0148: 0.1653699143828451
VOM19980529.0730.0148: 0.1615611511995825
VOM19980529.0700.0334: 0.13330634172648917
VOM19980302.0900.1291: 0.12267518203380066
VOM19980301.0700.0168: 0.1088009052369005
VOM19980225.0900.2118: 0.10076212265896493
VOM19980225.0900.0421: 0.10076212265896493
VOM19980511.0730.0099: 0.0996927749039727
VOM19980424.0900.0178: 0.09801149264871874
