VOM19980315.0700.1310: 0.177492764574113
VOM19980226.0900.2900: 0.17293102471785174
VOM19980326.0900.0149: 0.1507686083740303
VOM19980220.0900.1332: 0.14045534546732572
VOM19980628.0700.0316: 0.13841940936035071
VOM19980325.0900.2040: 0.13575045946478675
VOM19980325.0900.0124: 0.132263606970914
VOM19980606.0730.0134: 0.1311949332333671
VOM19980624.0730.0254: 0.1307949411418361
VOM19980226.0900.3196: 0.1296620596780058
VOM19980319.0700.0496: 0.1254802884388707
VOM19980508.0700.0452: 0.12493195598225701
VOM19980508.0730.0240: 0.12327715502556
