VOM19980507.0700.0521: 0.21289071990134303
VOM19980511.0900.0004: 0.1942603115270647
VOM19980511.0730.0003: 0.18755528257676068
VOM19980511.0700.0039: 0.18755528257676068
VOM19980529.0900.0148: 0.1668943125642753
VOM19980302.0900.1291: 0.1649423074424988
VOM19980529.0700.0334: 0.15651543617045852
VOM19980529.0730.0148: 0.1559330941626057
VOM19980302.0700.3469: 0.14977830823172197
VOM19980511.0730.0099: 0.14687384347665877
VOM19980327.0900.2123: 0.1461372543774595
VOM19980424.0900.0178: 0.1435921009638751
VOM19980301.0700.0168: 0.13961310706285976
