VOM19980508.0700.0362: 0.21409083730836379
VOM19980510.0730.0001: 0.20327951149971343
VOM19980508.0730.0003: 0.2015294251885811
VOM19980507.0700.0242: 0.20059511764090132
VOM19980508.0900.0007: 0.20032768678998528
VOM19980506.0700.0042: 0.19979997406662803
VOM19980506.0900.0006: 0.19775490076739197
VOM19980507.0730.0066: 0.19761762636586433
VOM19980509.0730.0027: 0.19627757384559813
VOM19980507.0900.0040: 0.19201860731148065
VOM19980510.0700.0040: 0.19058651265361262
VOM19980509.0700.0089: 0.19053124530228643
VOM19980527.0700.0388: 0.180376103122518
