VOM19980314.0700.1261: 0.17869747303024622
VOM19980223.0700.1993: 0.1513319389196105
VOM19980403.0900.2349: 0.1501466422327292
VOM19980314.0700.0818: 0.1418573053754158
VOM19980224.0700.2219: 0.14150955101564713
VOM19980303.0700.2491: 0.13748507859788875
VOM19980317.0700.0924: 0.1364288564442101
VOM19980317.0900.0757: 0.1355235440190415
VOM19980220.0900.2138: 0.13489475392922184
VOM19980317.0700.0723: 0.1322847100316874
VOM19980225.0900.1275: 0.131301911262921
VOM19980223.0900.2779: 0.13092271554580504
VOM19980225.0900.1029: 0.13078066715392966
