VOM19980303.0700.0783: 0.12033656184104859
VOM19980530.0730.0037: 0.10968681625748661
VOM19980530.0700.0107: 0.10955887467770277
VOM19980305.0900.2166: 0.10706857415554208
VOM19980315.0700.2670: 0.10616640137499118
VOM19980305.0900.1046: 0.10569991178976579
VOM19980326.0900.0118: 0.1025934907122724
VOM19980303.0700.2491: 0.10257573672875336
VOM19980224.0700.2219: 0.10216922724049751
VOM19980302.0900.2091: 0.09958473231394112
VOM19980224.0700.1530: 0.09793673750619146
VOM19980612.0700.0080: 0.0976707639252578
VOM19980623.0900.0051: 0.09663626041801221
