VOM19980306.0700.1305: 0.0840827692711093
VOM19980314.0700.2522: 0.08339479657821357
VOM19980505.0700.0193: 0.08175665221011792
VOM19980226.0900.0622: 0.07757721180172404
VOM19980319.0900.2169: 0.07378722595224052
VOM19980507.0700.0127: 0.07320750531040748
VOM19980223.0900.2288: 0.07311482507049762
VOM19980223.0700.1993: 0.07231780850549438
VOM19980515.0900.0007: 0.06926236474350526
VOM19980222.0700.0448: 0.06879674032978635
VOM19980521.0700.0039: 0.06829228135119142
VOM19980623.0700.0314: 0.06821708092438739
VOM19980415.0900.0022: 0.06805992310402892
