VOM19980306.0700.1305: 0.09484166254363617
VOM19980314.0700.2522: 0.0913329309891675
VOM19980505.0700.0193: 0.09084711808739741
VOM19980226.0900.0622: 0.0847141390832985
VOM19980319.0900.2169: 0.08460713098589576
VOM19980507.0700.0127: 0.08427936600652107
VOM19980223.0900.2288: 0.0798554455953962
VOM19980521.0700.0039: 0.07971074024845842
VOM19980515.0900.0007: 0.07900421847134173
VOM19980415.0900.0022: 0.07884395161433835
VOM19980223.0700.1993: 0.07850943747318563
VOM19980623.0700.0314: 0.07809047272302716
VOM19980222.0700.0448: 0.07695436623484656
