VOM19980224.0700.2219: 0.13360475050132714
VOM19980303.0700.2491: 0.13113092468412096
VOM19980302.0900.2091: 0.13017747470240207
VOM19980303.0700.0783: 0.1199617023261496
VOM19980305.0900.2166: 0.11668845568401488
VOM19980305.0900.1046: 0.11642473979309999
VOM19980316.0900.2108: 0.11560740555810667
VOM19980302.0700.2334: 0.1140247178664084
VOM19980325.0900.1209: 0.11052163331873843
VOM19980223.0900.1151: 0.11003225717035552
VOM19980303.0900.2868: 0.10869457181150652
VOM19980319.0700.2278: 0.1056913767786125
VOM19980223.0700.1993: 0.10512614723902737
