VOM19980311.0700.1487: 0.21122370415677896
VOM19980630.0900.0230: 0.20602726605430047
VOM19980303.0900.2128: 0.19392137005703622
VOM19980316.0700.0776: 0.1722918496103581
VOM19980303.0900.0396: 0.16672514670902167
VOM19980304.0700.1058: 0.16421267952137145
VOM19980319.0700.2737: 0.15843534474254792
VOM19980621.0700.0565: 0.13635387520404127
VOM19980304.0700.1276: 0.12642480423291302
VOM19980305.0900.2093: 0.12383776982450354
VOM19980316.0700.0702: 0.12286070458327007
VOM19980225.0700.0585: 0.12245163554340102
VOM19980306.0700.0971: 0.11896992511153727
