VOM19980326.0900.3298: 0.14578799859948188
VOM19980624.0730.0117: 0.1431110814703512
VOM19980603.0700.0457: 0.11394622448478292
VOM19980526.0730.0229: 0.10656155740432396
VOM19980603.0730.0240: 0.10633572672261979
VOM19980403.0700.3400: 0.10330351278252695
VOM19980327.0900.2035: 0.10055282500729444
VOM19980220.0700.0672: 0.09592126119235962
VOM19980613.0700.0546: 0.09429877913168509
VOM19980223.0700.0800: 0.09410371094579956
VOM19980302.0700.0373: 0.0932260873296503
VOM19980527.0700.0466: 0.09261335057802184
VOM19980225.0900.2065: 0.09253633792060334
