VOM19980314.0700.1911: 0.1988012260064556
VOM19980314.0700.0239: 0.19730390580968934
VOM19980316.0900.1667: 0.18990685416760222
VOM19980327.0900.2123: 0.18397097089837441
VOM19980311.0700.1883: 0.1803778248196474
VOM19980228.0700.0448: 0.1680059394390403
VOM19980302.0700.1749: 0.15674325817936183
VOM19980316.0900.1861: 0.15358780549443227
VOM19980319.0900.1922: 0.15232881264831802
VOM19980319.0900.0162: 0.15034614054773854
VOM19980305.0900.2891: 0.14718578855466716
VOM19980302.0700.1577: 0.14687106528863322
VOM19980227.0900.2836: 0.14380423350263152
