VOM19980325.0900.3341: 0.2032404314873332
VOM19980522.0700.0456: 0.14973932076350965
VOM19980326.0700.1668: 0.12897910596649698
VOM19980326.0900.3442: 0.11898112890665992
VOM19980607.0730.0033: 0.11723782347902026
VOM19980306.0700.2852: 0.11677284057967395
VOM19980326.0700.1793: 0.1149297329304083
VOM19980312.0900.0990: 0.1147431924792253
VOM19980222.0700.1501: 0.11467658319530127
VOM19980630.0900.0127: 0.11419046592816204
VOM19980224.0700.2219: 0.11414619357392396
VOM19980522.0730.0286: 0.11355124225863328
VOM19980222.0700.0448: 0.11025547353805851
