VOM19980225.0900.0216: 0.2722131775053591
VOM19980225.0900.1919: 0.2722131775053591
VOM19980222.0700.0448: 0.24986109133696022
VOM19980623.0700.0472: 0.2464625765768354
VOM19980225.0900.0714: 0.2433841854165419
VOM19980316.0900.2774: 0.24100149936461604
VOM19980619.0700.0421: 0.24077170617153837
VOM19980302.0700.0484: 0.2390432274290177
VOM19980221.0700.2087: 0.23742807048692904
VOM19980403.0900.3074: 0.2371587248863409
VOM19980325.0900.0905: 0.23628235808762293
VOM19980225.0700.0221: 0.23618874648666502
VOM19980526.0900.0124: 0.2350520460246484
