VOM19980527.0700.0042: 0.17029457228140013
VOM19980527.0730.0003: 0.1650137263390324
VOM19980527.0900.0008: 0.155871231633981
VOM19980524.0730.0061: 0.14825162363214459
VOM19980524.0700.0265: 0.14825162363214459
VOM19980515.0900.0007: 0.1478917865437905
VOM19980515.0730.0053: 0.13384018682315182
VOM19980421.0900.0146: 0.1301656701171242
VOM19980501.0700.0297: 0.12605896465841757
VOM19980226.0900.1367: 0.12239657194247076
VOM19980515.0700.0102: 0.12136398735123474
VOM19980620.0700.0143: 0.12086348901598598
VOM19980624.0900.0112: 0.11925206512781114
