VOM19980603.0900.0074: 0.28685454672200417
VOM19980605.0730.0276: 0.221956455449264
VOM19980603.0730.0280: 0.21797769463141112
VOM19980604.0900.0213: 0.20451306912187645
VOM19980606.0700.0354: 0.20211435952064205
VOM19980605.0700.0440: 0.19452983233054158
VOM19980604.0730.0250: 0.1845227788428564
VOM19980606.0730.0134: 0.1637157419711306
VOM19980509.0730.0100: 0.1314630851872548
VOM19980224.0900.2258: 0.12175711322957558
VOM19980502.0700.0438: 0.11039566259666599
VOM19980305.0700.0276: 0.1052043181965804
VOM19980319.0700.1874: 0.10501161286281954
