VOM19980603.0700.0103: 0.19150568093781237
VOM19980616.0730.0180: 0.1722908097003559
VOM19980616.0900.0100: 0.17165837737769163
VOM19980616.0730.0252: 0.14961351954530377
VOM19980616.0900.0077: 0.14961351954530377
VOM19980531.0700.0120: 0.13842845250032534
VOM19980317.0700.0723: 0.12225181132405225
VOM19980618.0900.0057: 0.12140485084532607
VOM19980529.0730.0042: 0.11453796775309044
VOM19980529.0900.0046: 0.11453796775309044
VOM19980224.0900.2345: 0.11042625864973792
VOM19980319.0900.2169: 0.10436344256403508
VOM19980604.0700.0039: 0.10305129206362978
