VOM19980315.0700.1310: 0.19304788340861617
VOM19980326.0900.0149: 0.177191504346635
VOM19980226.0900.2900: 0.16839129743681067
VOM19980325.0900.2040: 0.16240294140748948
VOM19980325.0900.0124: 0.1593626116793853
VOM19980624.0730.0254: 0.1588832353806613
VOM19980628.0700.0316: 0.15281747561857587
VOM19980624.0700.0382: 0.14133324361803562
VOM19980506.0900.0257: 0.1403438347684569
VOM19980606.0730.0134: 0.13961222771788293
VOM19980319.0700.0496: 0.1361436324811709
VOM19980508.0700.0452: 0.13295203082017878
VOM19980508.0900.0211: 0.13240388069777265
