VOM19980508.0700.0362: 0.2102087246112311
VOM19980510.0730.0001: 0.20221858696815434
VOM19980506.0700.0042: 0.20117652072413944
VOM19980506.0900.0006: 0.20033837305934443
VOM19980508.0730.0003: 0.19989408815194978
VOM19980508.0900.0007: 0.1991059802281228
VOM19980509.0730.0027: 0.19848873163188563
VOM19980507.0730.0066: 0.19845436990364698
VOM19980507.0700.0242: 0.19816579742781892
VOM19980507.0900.0040: 0.19283164373822348
VOM19980509.0700.0089: 0.192003917145883
VOM19980510.0700.0040: 0.18757501702683965
VOM19980605.0900.0236: 0.1855701004725181
