VOM19980507.0700.0521: 0.22350263646428395
VOM19980511.0900.0004: 0.20033284521483083
VOM19980511.0730.0003: 0.1955534089194312
VOM19980511.0700.0039: 0.1955534089194312
VOM19980529.0900.0148: 0.17259156850612137
VOM19980529.0730.0148: 0.16670506458344267
VOM19980529.0700.0334: 0.14150010957714737
VOM19980302.0900.1291: 0.13278456309578135
VOM19980225.0900.2118: 0.12173056376139524
VOM19980225.0900.0421: 0.12173056376139524
VOM19980301.0700.0168: 0.12002881634284442
VOM19980424.0900.0178: 0.11785050205615012
VOM19980511.0730.0099: 0.11563146172418967
