VOM19980606.0700.0354: 0.3402069087198855
VOM19980603.0900.0074: 0.3380617018914064
VOM19980605.0730.0276: 0.3317017360018885
VOM19980603.0730.0280: 0.31749063746518374
VOM19980604.0900.0213: 0.3133608831737748
VOM19980606.0730.0134: 0.3103522082258882
VOM19980605.0700.0440: 0.291666666666667
VOM19980604.0730.0250: 0.28966206101082903
VOM19980509.0730.0100: 0.27868520085657705
VOM19980628.0700.0527: 0.25809270060438183
VOM19980502.0700.0438: 0.25687341766462074
VOM19980224.0900.2258: 0.2375638170348741
VOM19980304.0900.0276: 0.2291666666666669
