VOM19980315.0700.1310: 0.17952455036344836
VOM19980226.0900.2900: 0.16288540542203914
VOM19980326.0900.0149: 0.1592816401483807
VOM19980325.0900.2040: 0.14134737745482626
VOM19980325.0900.0124: 0.13842304612158157
VOM19980624.0730.0254: 0.13728138455722122
VOM19980628.0700.0316: 0.13243462307755477
VOM19980220.0900.1332: 0.12477894262704343
VOM19980624.0700.0382: 0.12282729780478116
VOM19980606.0730.0134: 0.12059221517802747
VOM19980226.0900.3196: 0.11827794179172864
VOM19980319.0700.0496: 0.11770934998588699
VOM19980506.0900.0257: 0.11679803641313002
