VOM19980314.0700.1261: 0.226176027722723
VOM19980223.0700.1993: 0.20708400945524608
VOM19980314.0700.0818: 0.20513035237081154
VOM19980317.0700.0924: 0.19358258576977352
VOM19980317.0700.0156: 0.19357846208728824
VOM19980403.0900.2349: 0.19347194865435155
VOM19980317.0700.0723: 0.19314818887440052
VOM19980225.0900.1275: 0.18361680659604873
VOM19980223.0900.2779: 0.18295289894842043
VOM19980302.0900.0871: 0.18285349639783152
VOM19980223.0900.2288: 0.18012255664473859
VOM19980224.0700.2219: 0.17960983081690846
VOM19980319.0700.2536: 0.17960474414762442
