VOM19980603.0900.0074: 0.3520828946094388
VOM19980604.0900.0213: 0.24525817996189014
VOM19980603.0730.0280: 0.2397352910521428
VOM19980605.0730.0276: 0.22956954761378603
VOM19980604.0730.0250: 0.2171837295837251
VOM19980605.0700.0440: 0.20884822208157852
VOM19980606.0700.0354: 0.18351542409355492
VOM19980606.0730.0134: 0.13813692116729548
VOM19980223.0900.1854: 0.1054322487908374
VOM19980223.0900.0265: 0.10497043173416636
VOM19980509.0730.0100: 0.09961516256877802
VOM19980224.0900.2258: 0.09714460452536053
VOM19980223.0900.3466: 0.08870246650080421
