VOM19980306.0700.1305: 0.09484166254363617
VOM19980314.0700.2522: 0.09133293098916749
VOM19980505.0700.0193: 0.09084711808739741
VOM19980226.0900.0622: 0.08471413908329843
VOM19980319.0900.2169: 0.08460713098589574
VOM19980507.0700.0127: 0.08427936600652108
VOM19980223.0900.2288: 0.07985544559539622
VOM19980521.0700.0039: 0.07971074024845844
VOM19980515.0900.0007: 0.07900421847134173
VOM19980415.0900.0022: 0.07884395161433835
VOM19980223.0700.1993: 0.07850943747318558
VOM19980623.0700.0314: 0.0780904727230272
VOM19980222.0700.0448: 0.07695436623484656
