VOM19980311.0700.1487: 0.20177644808589834
VOM19980630.0900.0230: 0.19585887800253485
VOM19980303.0900.2128: 0.18183003261904285
VOM19980316.0700.0776: 0.1650971425033477
VOM19980304.0700.1058: 0.1566358582470988
VOM19980303.0900.0396: 0.1550025505064157
VOM19980319.0700.2737: 0.1530758447745277
VOM19980621.0700.0565: 0.1244118201638586
VOM19980304.0700.1276: 0.1212759382981883
VOM19980316.0700.0702: 0.11238976521298726
VOM19980305.0900.2093: 0.11190802035499459
VOM19980326.0700.1793: 0.11136275451555756
VOM19980306.0700.0971: 0.11095090564485267
