VOM19980301.0700.0393: 0.11259011979612397
VOM19980220.0700.2814: 0.10192285881804443
VOM19980620.0700.0552: 0.09488205560657605
VOM19980410.0900.0241: 0.09322643644501066
VOM19980224.0900.3022: 0.09215740785991357
VOM19980627.0700.0572: 0.0834443031318043
VOM19980223.0700.1511: 0.08170086046312396
VOM19980613.0700.0555: 0.07872559766933843
VOM19980220.0700.0707: 0.07694320055707257
VOM19980607.0700.0385: 0.07534694633228518
VOM19980607.0730.0163: 0.07534694633228518
VOM19980515.0900.0007: 0.07476111113507397
VOM19980315.0700.2508: 0.07340240324527636
