VOM19980521.0700.0039: 0.11390394666044683
VOM19980314.0700.2522: 0.11389945712073843
VOM19980222.0700.0448: 0.10984406366504802
VOM19980511.0700.0080: 0.10919503787589141
VOM19980511.0730.0040: 0.10919503787589141
VOM19980306.0700.1305: 0.10912734743740736
VOM19980410.0900.0241: 0.10903892497419987
VOM19980317.0700.0156: 0.10826722833782979
VOM19980220.0900.2583: 0.10784229983742122
VOM19980226.0900.0622: 0.10674807849061847
VOM19980507.0700.0127: 0.1065486400496257
VOM19980319.0900.2169: 0.10390137562699311
VOM19980531.0700.0235: 0.10389906295620066
