VOM19980303.0700.0783: 0.1270342405745879
VOM19980530.0700.0107: 0.11488885511294886
VOM19980326.0900.0118: 0.11404084596905674
VOM19980530.0730.0037: 0.11386339606980862
VOM19980305.0900.2166: 0.11231517969766287
VOM19980315.0700.2670: 0.1120402857796285
VOM19980305.0900.1046: 0.11009487733706895
VOM19980224.0700.1530: 0.1069754413678771
VOM19980612.0700.0080: 0.10636871050088553
VOM19980303.0700.2491: 0.10531854550785862
VOM19980224.0700.2219: 0.10439567907686485
VOM19980623.0900.0051: 0.1037325203844319
VOM19980302.0900.2091: 0.101808833757586
