VOM19980326.0900.3298: 0.14277695967570736
VOM19980624.0730.0117: 0.13850592543219656
VOM19980603.0700.0457: 0.10806839926783196
VOM19980603.0730.0240: 0.1005860800879724
VOM19980526.0730.0229: 0.10016577125464529
VOM19980403.0700.3400: 0.09848176117192524
VOM19980327.0900.2035: 0.09524099132736495
VOM19980223.0700.0800: 0.08889879813154691
VOM19980613.0700.0546: 0.08815071989710989
VOM19980220.0700.0672: 0.08766382185107277
VOM19980527.0700.0466: 0.08596829538256943
VOM19980529.0900.0173: 0.08489211502863984
VOM19980225.0900.2065: 0.08456364280903224
