VOM19980603.0900.0074: 0.35317372907835237
VOM19980604.0900.0213: 0.24504262596549567
VOM19980603.0730.0280: 0.2395958541880211
VOM19980605.0730.0276: 0.22938739087135365
VOM19980604.0730.0250: 0.21695932048181005
VOM19980605.0700.0440: 0.20910801504821916
VOM19980606.0700.0354: 0.18243718622873406
VOM19980606.0730.0134: 0.13699018418713968
VOM19980223.0900.1854: 0.10521074645029627
VOM19980223.0900.0265: 0.10474989962389282
VOM19980509.0730.0100: 0.09772445020739216
VOM19980224.0900.2258: 0.0966027125168387
VOM19980223.0900.3466: 0.0886628499297495
