VOM19980326.0900.3298: 0.14375817077711456
VOM19980624.0730.0117: 0.14002212548156698
VOM19980603.0700.0457: 0.1104022589970563
VOM19980603.0730.0240: 0.1028278867446663
VOM19980526.0730.0229: 0.10239915235599367
VOM19980403.0700.3400: 0.10010530824023552
VOM19980327.0900.2035: 0.09695480640472036
VOM19980613.0700.0546: 0.09092289124181573
VOM19980223.0700.0800: 0.09058899315707228
VOM19980220.0700.0672: 0.09055264278627558
VOM19980527.0700.0466: 0.08820991814487629
VOM19980225.0900.2065: 0.08761272045357399
VOM19980302.0700.0373: 0.08708361369099371
