VOM19980507.0700.0521: 0.2018400295936696
VOM19980511.0900.0004: 0.18248558215783436
VOM19980511.0730.0003: 0.17804506072472825
VOM19980511.0700.0039: 0.17804506072472825
VOM19980529.0900.0148: 0.15981921282758896
VOM19980529.0730.0148: 0.1555175855298102
VOM19980529.0700.0334: 0.1271015151295504
VOM19980302.0900.1291: 0.11839079132862101
VOM19980301.0700.0168: 0.10235142674715564
VOM19980511.0730.0099: 0.09286250438136814
VOM19980225.0900.2118: 0.09271634478387945
VOM19980225.0900.0421: 0.09271634478387945
VOM19980424.0900.0178: 0.09055284652990064
