VOM19980603.0900.0074: 0.27803082270194107
VOM19980605.0730.0276: 0.210739126442119
VOM19980603.0730.0280: 0.20729990049034616
VOM19980604.0900.0213: 0.1923602521391494
VOM19980606.0700.0354: 0.1886689370533115
VOM19980605.0700.0440: 0.18290483974315946
VOM19980604.0730.0250: 0.17257072442165688
VOM19980606.0730.0134: 0.14902905908570388
VOM19980509.0730.0100: 0.11774406140834112
VOM19980224.0900.2258: 0.10906462522090833
VOM19980319.0700.1874: 0.09659786377845654
VOM19980502.0700.0438: 0.09559420188263759
VOM19980305.0700.0276: 0.09338312751695946
