VOM19980325.0900.3341: 0.20678124209012502
VOM19980522.0730.0286: 0.1353590086601234
VOM19980522.0700.0456: 0.12751672822389018
VOM19980607.0730.0033: 0.12244922135602115
VOM19980326.0700.1668: 0.12122651499493871
VOM19980630.0900.0127: 0.11352884148165487
VOM19980531.0700.0235: 0.1102290171803447
VOM19980603.0700.0282: 0.1064332481298212
VOM19980222.0700.0448: 0.10534725941366158
VOM19980522.0730.0037: 0.10263151148732969
VOM19980522.0900.0039: 0.10263151148732969
VOM19980304.0700.0871: 0.10144527993565532
VOM19980302.0900.0457: 0.09998077229090184
