VOM19980527.0700.0042: 0.13393864215675122
VOM19980515.0900.0007: 0.13000067946255298
VOM19980527.0730.0003: 0.12865607677357754
VOM19980524.0730.0061: 0.12585333524666886
VOM19980524.0700.0265: 0.12585333524666886
VOM19980527.0900.0008: 0.12237481340861588
VOM19980515.0730.0053: 0.11904438773519592
VOM19980630.0900.0127: 0.10822091049425786
VOM19980403.0900.2121: 0.10543121371024382
VOM19980515.0700.0102: 0.10431526457232326
VOM19980410.0900.0241: 0.10287107878122273
VOM19980403.0700.0489: 0.1027448649204711
VOM19980421.0900.0146: 0.10244946092015526
