VOM19980515.0900.0007: 0.11852299577622136
VOM19980527.0700.0042: 0.11842721950963062
VOM19980527.0730.0003: 0.11135112176862992
VOM19980515.0730.0053: 0.10832786759592017
VOM19980524.0730.0061: 0.10613397847528037
VOM19980524.0700.0265: 0.10613397847528037
VOM19980527.0900.0008: 0.10536650213526151
VOM19980630.0900.0127: 0.09597065772154358
VOM19980515.0700.0102: 0.09385686794069338
VOM19980403.0900.2121: 0.09123061909791429
VOM19980403.0700.0489: 0.08971349323442956
VOM19980410.0900.0241: 0.08951569531160442
VOM19980421.0900.0146: 0.08430547444143288
