VOM19980508.0700.0362: 0.20559083911481296
VOM19980508.0730.0003: 0.1947540117809018
VOM19980506.0700.0042: 0.19424200004250317
VOM19980510.0730.0001: 0.1935510330794445
VOM19980508.0900.0007: 0.19344014892246034
VOM19980506.0900.0006: 0.19245234473016337
VOM19980507.0700.0242: 0.19207578972972444
VOM19980509.0730.0027: 0.18947137211910267
VOM19980507.0730.0066: 0.188341683918275
VOM19980509.0700.0089: 0.18347902758245055
VOM19980507.0900.0040: 0.18294089611547676
VOM19980510.0700.0040: 0.18223784082802746
VOM19980327.0900.0221: 0.17519824137442075
