VOM19980314.0700.0818: 0.32886214329750296
VOM19980223.0700.1993: 0.32619840085968643
VOM19980314.0700.1261: 0.32497318549430404
VOM19980317.0700.0924: 0.30445110754567245
VOM19980403.0700.0727: 0.3033088418848009
VOM19980403.0900.2349: 0.297636184819597
VOM19980223.0900.2288: 0.2975989820723189
VOM19980224.0700.2219: 0.2943851521147623
VOM19980319.0700.1102: 0.2916907220149899
VOM19980317.0700.0723: 0.29049173054699423
VOM19980327.0900.0757: 0.2903182371254823
VOM19980223.0900.2779: 0.28608336466879875
VOM19980303.0700.2491: 0.2857789553263516
