VOM19980314.0700.1261: 0.20668347587702574
VOM19980223.0700.1993: 0.2029290539176194
VOM19980224.0700.2219: 0.19741895198349485
VOM19980314.0700.0818: 0.1957820632864146
VOM19980303.0700.2491: 0.18737068727532696
VOM19980403.0900.2349: 0.18315406111035967
VOM19980317.0900.0757: 0.18297587859012665
VOM19980317.0700.0924: 0.18067648215565404
VOM19980302.0900.2091: 0.17985680479571495
VOM19980403.0700.0727: 0.1793546410993193
VOM19980225.0700.2209: 0.17893220916358965
VOM19980319.0700.1102: 0.17625456979551352
VOM19980306.0700.1916: 0.17466548247350253
