VOM19980603.0700.0103: 0.19230476967572704
VOM19980616.0730.0180: 0.17224718320347532
VOM19980616.0900.0100: 0.1716149110217192
VOM19980616.0730.0252: 0.14932939306750775
VOM19980616.0900.0077: 0.14932939306750775
VOM19980531.0700.0120: 0.138188156810011
VOM19980317.0700.0723: 0.12276536238731253
VOM19980618.0900.0057: 0.12101636947174967
VOM19980529.0730.0042: 0.1146611184554007
VOM19980529.0900.0046: 0.1146611184554007
VOM19980224.0900.2345: 0.1108700780495057
VOM19980319.0900.2169: 0.10526691402783059
VOM19980604.0700.0039: 0.10336267019073572
