VOM19980616.0730.0180: 0.1099921961501739
VOM19980616.0900.0100: 0.10963183767695714
VOM19980222.0700.0448: 0.10665357599938975
VOM19980319.0900.0364: 0.10548567270552266
VOM19980526.0900.0124: 0.10481788474293022
VOM19980316.0900.2774: 0.10306490651751703
VOM19980302.0700.0484: 0.10277066566310196
VOM19980225.0900.1919: 0.10120289675737458
VOM19980404.0700.1061: 0.10104850826969419
VOM19980526.0730.0065: 0.10070348233183456
VOM19980225.0900.0216: 0.10011100031365378
VOM19980225.0900.0714: 0.09918189516006821
VOM19980221.0700.2690: 0.09542000181120894
