VOM19980325.0900.3341: 0.21229613663099328
VOM19980522.0700.0456: 0.13297280270657377
VOM19980607.0730.0033: 0.12028681174429248
VOM19980326.0700.1668: 0.11198665441881367
VOM19980522.0730.0286: 0.10448045199329004
VOM19980630.0900.0127: 0.0978729654028402
VOM19980312.0900.3445: 0.09204524978652832
VOM19980312.0900.1896: 0.09204524978652832
VOM19980306.0700.2852: 0.08860390295505441
VOM19980326.0900.3442: 0.0868605638469025
VOM19980312.0900.0990: 0.08610839381117572
VOM19980224.0700.2219: 0.08590822480452875
VOM19980607.0700.0121: 0.0856150495989669
