VOM19980508.0700.0362: 0.2167747201784579
VOM19980510.0730.0001: 0.20723564272563214
VOM19980507.0700.0242: 0.20405828665795372
VOM19980508.0730.0003: 0.20375733807638763
VOM19980508.0900.0007: 0.20269744562419445
VOM19980506.0700.0042: 0.2016346704783588
VOM19980507.0730.0066: 0.20135964224290248
VOM19980506.0900.0006: 0.20011782629058356
VOM19980509.0730.0027: 0.19976670184804154
VOM19980507.0900.0040: 0.19558555826331367
VOM19980510.0700.0040: 0.19399230928778016
VOM19980509.0700.0089: 0.19394858275863813
VOM19980527.0700.0388: 0.18388065292374067
