VOM19980314.0700.1261: 0.17740538928657712
VOM19980403.0900.2349: 0.1491209327121914
VOM19980223.0700.1993: 0.14752824690984573
VOM19980224.0700.2219: 0.13825790083949446
VOM19980314.0700.0818: 0.1381919800775094
VOM19980220.0900.2138: 0.13580233161686336
VOM19980303.0700.2491: 0.1349778375033939
VOM19980317.0700.0924: 0.133852504909714
VOM19980317.0900.0757: 0.13343951933498702
VOM19980225.0900.1275: 0.13334186122772412
VOM19980317.0700.0723: 0.13255359482510587
VOM19980316.0900.2774: 0.13083209669102908
VOM19980225.0900.1029: 0.13056661315690118
