VOM19980508.0700.0362: 0.26471903218220016
VOM19980510.0730.0001: 0.2588663049540304
VOM19980507.0730.0066: 0.2584703153247669
VOM19980507.0700.0242: 0.2523748939537163
VOM19980507.0900.0040: 0.2510040251528389
VOM19980508.0900.0007: 0.24411568792293356
VOM19980508.0730.0003: 0.2436802029308368
VOM19980509.0730.0027: 0.2418879496387319
VOM19980510.0700.0040: 0.2413228159876579
VOM19980527.0700.0388: 0.23888459959453348
VOM19980509.0700.0089: 0.23786462312909903
VOM19980506.0700.0042: 0.23370323590736403
VOM19980506.0900.0006: 0.23186839458146224
