VOM19980301.0700.0393: 0.1435746327871342
VOM19980620.0700.0552: 0.1321086496695118
VOM19980410.0900.0241: 0.1306896549157121
VOM19980627.0700.0572: 0.12766241778370946
VOM19980607.0700.0385: 0.11417127148056887
VOM19980607.0730.0163: 0.11417127148056887
VOM19980220.0700.2814: 0.11364905198849103
VOM19980508.0900.0252: 0.11024557555349267
VOM19980403.0900.0398: 0.10789908414876363
VOM19980610.0700.0539: 0.10613973231341907
VOM19980327.0900.3495: 0.10536554667944727
VOM19980515.0900.0007: 0.10470547498092382
VOM19980224.0900.3022: 0.10331430922341513
