VOM19980603.0700.0103: 0.21007400579471175
VOM19980616.0730.0180: 0.17061565483136112
VOM19980616.0900.0100: 0.16998937154291663
VOM19980616.0730.0252: 0.15475980799613664
VOM19980616.0900.0077: 0.15475980799613664
VOM19980531.0700.0120: 0.13435332576784445
VOM19980319.0900.2169: 0.12895360349348708
VOM19980317.0700.0723: 0.1254059315455
VOM19980618.0900.0057: 0.12257676211089596
VOM19980529.0730.0042: 0.12116553469306891
VOM19980529.0900.0046: 0.12116553469306891
VOM19980224.0900.2345: 0.11618782837680394
VOM19980529.0700.0168: 0.11108872243609029
