VOM19980616.0730.0180: 0.11090972459248873
VOM19980616.0900.0100: 0.11045528136971523
VOM19980526.0900.0124: 0.10621278052112959
VOM19980222.0700.0448: 0.10536642267166693
VOM19980319.0900.0364: 0.10409085921347419
VOM19980316.0900.2774: 0.102462400603621
VOM19980225.0900.1919: 0.10205561372488145
VOM19980526.0730.0065: 0.10198678123950683
VOM19980302.0700.0484: 0.10188641872982758
VOM19980225.0900.0216: 0.10097221304116913
VOM19980404.0700.1061: 0.09987635371857671
VOM19980225.0900.0714: 0.09859407594697896
VOM19980221.0700.2690: 0.09488950776106435
