VOM19980603.0900.0074: 0.34383800864521624
VOM19980604.0900.0213: 0.23284510569364994
VOM19980603.0730.0280: 0.2297860357792159
VOM19980605.0730.0276: 0.21963903156989517
VOM19980604.0730.0250: 0.20578461228457867
VOM19980605.0700.0440: 0.1997133445849936
VOM19980606.0700.0354: 0.174784778825746
VOM19980606.0730.0134: 0.12850582893682938
VOM19980223.0900.1854: 0.09811831294195653
VOM19980223.0900.0265: 0.09767206105336033
VOM19980509.0730.0100: 0.09060091935682169
VOM19980224.0900.2258: 0.0894998037824636
VOM19980223.0900.3466: 0.08147940090079672
