VOM19980507.0700.0521: 0.19328904903982685
VOM19980511.0900.0004: 0.1688861093607004
VOM19980511.0730.0003: 0.16173969299496502
VOM19980511.0700.0039: 0.16173969299496502
VOM19980529.0900.0148: 0.14405645418911095
VOM19980302.0900.1291: 0.13395036390943235
VOM19980529.0730.0148: 0.13355401675691977
VOM19980511.0730.0099: 0.1307176710189538
VOM19980424.0900.0178: 0.12633786649349033
VOM19980529.0700.0334: 0.12093531373987353
VOM19980327.0900.2123: 0.11833677718068662
VOM19980302.0700.3469: 0.11681796017849048
VOM19980301.0700.0168: 0.11623415664860848
