VOM19980603.0700.0103: 0.18565819796432034
VOM19980616.0730.0180: 0.16203580392152003
VOM19980616.0900.0100: 0.1605825386559781
VOM19980616.0730.0252: 0.14105234660738902
VOM19980616.0900.0077: 0.14105234660738902
VOM19980319.0900.2169: 0.1271644716330659
VOM19980531.0700.0120: 0.12334812913508825
VOM19980317.0700.0723: 0.12178853884932159
VOM19980224.0900.2345: 0.12062182552986753
VOM19980530.0700.0037: 0.1159260572826072
VOM19980618.0900.0057: 0.11145657014688881
VOM19980529.0700.0168: 0.11005169851480927
VOM19980225.0900.1275: 0.10719598109459492
