VOM19980325.0900.3341: 0.1514451105075372
VOM19980522.0700.0456: 0.10399799286806823
VOM19980224.0700.2219: 0.09527310744234813
VOM19980326.0700.1668: 0.09000156326848378
VOM19980306.0700.2852: 0.08812076856493563
VOM19980223.0900.1151: 0.0860469922947938
VOM19980222.0700.1501: 0.08590527055807931
VOM19980303.0700.2491: 0.08547990740117042
VOM19980326.0700.1793: 0.08463803166534671
VOM19980312.0900.0990: 0.08383428018788619
VOM19980225.0700.2209: 0.08187290876820258
VOM19980221.0700.2087: 0.07972965061200143
VOM19980222.0700.0448: 0.07811943022683615
