VOM19980311.0700.1487: 0.23858419314654003
VOM19980303.0900.2128: 0.22212802806691334
VOM19980304.0700.1058: 0.22117864625989075
VOM19980630.0900.0230: 0.22075021750543117
VOM19980316.0700.0776: 0.20547544984359087
VOM19980319.0700.2737: 0.20383196387040856
VOM19980303.0900.0396: 0.19956624598387432
VOM19980326.0700.1793: 0.17302101067758188
VOM19980306.0700.0971: 0.17112349976683836
VOM19980523.0700.0189: 0.16796911099582887
VOM19980316.0700.0944: 0.16439857754187562
VOM19980305.0900.2093: 0.16356432081465822
VOM19980225.0700.0585: 0.1596826190284111
