VOM19980311.0700.1487: 0.3538369264388295
VOM19980304.0700.1058: 0.3476350106125987
VOM19980303.0900.2128: 0.34348920226018576
VOM19980303.0900.0396: 0.32021786224388343
VOM19980523.0700.0189: 0.3185633056217529
VOM19980630.0900.0230: 0.315473631642656
VOM19980316.0700.0776: 0.30023465001632027
VOM19980319.0700.2737: 0.2946789452118581
VOM19980306.0700.0971: 0.291564847610567
VOM19980305.0900.2093: 0.2914453837359153
VOM19980225.0700.0585: 0.28546266586299796
VOM19980316.0700.0944: 0.28051202830036626
VOM19980326.0700.1793: 0.2777115606641675
