VOM19980314.0700.1261: 0.18208917934362454
VOM19980223.0700.1993: 0.15455089153596147
VOM19980403.0900.2349: 0.15341372737127262
VOM19980314.0700.0818: 0.14550603637326914
VOM19980224.0700.2219: 0.1436351162661591
VOM19980317.0700.0924: 0.139946288210914
VOM19980303.0700.2491: 0.1397852691325356
VOM19980317.0900.0757: 0.13784349938127782
VOM19980220.0900.2138: 0.13753554330226805
VOM19980317.0700.0723: 0.13662189952133785
VOM19980225.0900.1275: 0.1352649649023219
VOM19980223.0900.2779: 0.1344326860174602
VOM19980225.0900.1029: 0.13367527700993662
