VOM19980507.0700.0521: 0.20792688712478913
VOM19980511.0900.0004: 0.18409616514833585
VOM19980511.0730.0003: 0.17971830900590266
VOM19980511.0700.0039: 0.17971830900590266
VOM19980529.0900.0148: 0.16303285185183947
VOM19980529.0730.0148: 0.1590305453588577
VOM19980529.0700.0334: 0.12800339436219094
VOM19980302.0900.1291: 0.11765541054558468
VOM19980301.0700.0168: 0.10271385383488918
VOM19980511.0730.0099: 0.09389597225603696
VOM19980225.0900.2118: 0.09300258887031666
VOM19980225.0900.0421: 0.09300258887031666
VOM19980302.0700.3469: 0.09142117831643168
