VOM19980507.0700.0521: 0.21319556459181252
VOM19980511.0900.0004: 0.1927008282262294
VOM19980511.0730.0003: 0.18530183921780485
VOM19980511.0700.0039: 0.18530183921780485
VOM19980424.0900.0178: 0.16577745368281233
VOM19980511.0730.0099: 0.16061139568618565
VOM19980302.0900.1291: 0.15649605053112506
VOM19980225.0900.2118: 0.15493038904545622
VOM19980225.0900.0421: 0.15493038904545622
VOM19980529.0900.0148: 0.15406286872411973
VOM19980524.0730.0003: 0.1454416083534948
VOM19980511.0900.0067: 0.14440752015771158
VOM19980327.0900.2123: 0.14402351374746536
