VOM19980316.0900.1667: 0.3154452182590805
VOM19980327.0900.2123: 0.29091189510442117
VOM19980319.0900.1922: 0.28595708992550717
VOM19980302.0700.1749: 0.2822861093102111
VOM19980319.0900.0162: 0.2822351470159463
VOM19980314.0700.1911: 0.278679163044801
VOM19980311.0700.1883: 0.2770152941084836
VOM19980314.0700.0239: 0.2725876726877241
VOM19980302.0700.1577: 0.26777272609756947
VOM19980619.0700.0464: 0.2644488862900665
VOM19980619.0730.0212: 0.2601645431638422
VOM19980305.0900.2891: 0.2540383524512598
VOM19980222.0700.0448: 0.2535170320358175
