VOM19980526.0900.0124: 0.121806889583672
VOM19980616.0730.0180: 0.12108072405428869
VOM19980616.0900.0100: 0.12063626991493726
VOM19980526.0730.0065: 0.11665863515168141
VOM19980225.0900.1919: 0.11416213847321639
VOM19980319.0900.0364: 0.11398053554446524
VOM19980225.0900.0216: 0.11286211157934603
VOM19980222.0700.0448: 0.10874809355731904
VOM19980302.0700.0484: 0.10715059863040902
VOM19980316.0900.2774: 0.10617560741718982
VOM19980404.0700.1061: 0.10532097208881895
VOM19980225.0900.0714: 0.10357134649162046
VOM19980326.0700.0480: 0.10004307665147966
