VOM19980602.0900.0127: 0.1483207456084921
VOM19980531.0700.0040: 0.1414693361280911
VOM19980605.0900.0045: 0.12851896754640563
VOM19980605.0730.0042: 0.1245778406880758
VOM19980602.0700.0166: 0.12237431887077697
VOM19980605.0700.0040: 0.1020780025987189
VOM19980220.0900.3537: 0.10190532980774303
VOM19980315.0700.1828: 0.08430488008637733
VOM19980531.0730.0006: 0.08339925986974112
VOM19980628.0700.0527: 0.0833618783696881
VOM19980606.0730.0234: 0.08025690791664009
VOM19980606.0700.0206: 0.07895345156510832
VOM19980403.0700.2289: 0.0769557046793038
