VOM19980314.0700.1261: 0.17764313861246642
VOM19980223.0700.1993: 0.14964763146445503
VOM19980403.0900.2349: 0.14884058380218762
VOM19980314.0700.0818: 0.14018582021519221
VOM19980224.0700.2219: 0.13982494608125115
VOM19980303.0700.2491: 0.13587886672839744
VOM19980317.0700.0924: 0.13489097600222413
VOM19980317.0900.0757: 0.133873757303965
VOM19980220.0900.2138: 0.13365973911231088
VOM19980317.0700.0723: 0.1312309224359526
VOM19980225.0900.1275: 0.13052022142541683
VOM19980223.0900.2779: 0.12951879590790066
VOM19980225.0900.1029: 0.12938376093113768
