VOM19980527.0700.0042: 0.26703560975577223
VOM19980527.0730.0003: 0.24910094751181092
VOM19980226.0900.1367: 0.2468901499389257
VOM19980501.0700.0297: 0.24467509146445987
VOM19980515.0900.0007: 0.24084099726772487
VOM19980524.0730.0061: 0.23946037217307964
VOM19980524.0700.0265: 0.23946037217307964
VOM19980527.0900.0008: 0.23777817717036495
VOM19980312.0900.3403: 0.23376229110609198
VOM19980623.0900.0051: 0.23308403071569933
VOM19980312.0900.1827: 0.23186944788008435
VOM19980317.0900.0330: 0.2300218531141181
VOM19980317.0700.0156: 0.22841609628806464
