VOM19980624.0730.0117: 0.16528707775895107
VOM19980603.0700.0457: 0.15751514335487551
VOM19980326.0900.3298: 0.15484649937564446
VOM19980613.0700.0546: 0.147167261316155
VOM19980603.0730.0240: 0.14625304123495217
VOM19980225.0900.2065: 0.14190084792934649
VOM19980526.0730.0229: 0.14009458517350137
VOM19980220.0700.0672: 0.13954218146451214
VOM19980304.0700.0408: 0.1376339657720539
VOM19980524.0700.0492: 0.13750793748643414
VOM19980302.0700.0373: 0.13732363651313625
VOM19980224.0700.0481: 0.13377702631100014
VOM19980502.0700.0438: 0.1333614034260827
