VOM19980314.0700.1911: 0.20946059638190515
VOM19980314.0700.0239: 0.20759811832930278
VOM19980327.0900.2123: 0.16672446904192917
VOM19980316.0900.1667: 0.164335244138873
VOM19980316.0900.1861: 0.15432387221370303
VOM19980303.0900.1926: 0.13864125438499852
VOM19980228.0700.0448: 0.13794210325396647
VOM19980311.0700.1883: 0.13768478176330087
VOM19980302.0700.3423: 0.13728018565066075
VOM19980303.0900.3358: 0.13574755532026977
VOM19980302.0700.2096: 0.1309622038138579
VOM19980623.0700.0507: 0.13009113776255213
VOM19980623.0730.0101: 0.13009113776255213
