VOM19980314.0700.1911: 0.1891771702441791
VOM19980314.0700.0239: 0.1881000794605208
VOM19980316.0900.1667: 0.17775974596914115
VOM19980327.0900.2123: 0.17321077276366206
VOM19980311.0700.1883: 0.17108985013195596
VOM19980228.0700.0448: 0.15912811673515226
VOM19980302.0700.1749: 0.14523967285981584
VOM19980316.0900.1861: 0.14523613638807398
VOM19980319.0900.1922: 0.1394279722912924
VOM19980319.0900.0162: 0.13761321416447253
VOM19980305.0900.2891: 0.1360416224931303
VOM19980302.0700.1577: 0.13551353128428129
VOM19980227.0900.2836: 0.1352822502306483
