VOM19980314.0700.1911: 0.20947285473881153
VOM19980314.0700.0239: 0.20760968132363408
VOM19980327.0900.2123: 0.1667431808718255
VOM19980316.0900.1667: 0.16435918855844697
VOM19980316.0900.1861: 0.15433119207920626
VOM19980303.0900.1926: 0.13865145594427436
VOM19980228.0700.0448: 0.13795040929305644
VOM19980311.0700.1883: 0.13769995611722255
VOM19980302.0700.3423: 0.1372903290346148
VOM19980303.0900.3358: 0.13575754395415998
VOM19980302.0700.2096: 0.13097085832768215
VOM19980623.0700.0507: 0.13010811991018983
VOM19980623.0730.0101: 0.13010811991018983
