VOM19980508.0700.0362: 0.21961361476500457
VOM19980510.0730.0001: 0.21055531592042553
VOM19980507.0700.0242: 0.20756092758390116
VOM19980508.0730.0003: 0.20598207903681354
VOM19980508.0900.0007: 0.2049877841783106
VOM19980507.0730.0066: 0.20382817499551864
VOM19980506.0700.0042: 0.2027756385252768
VOM19980509.0730.0027: 0.20243739624183912
VOM19980506.0900.0006: 0.2018016528839954
VOM19980507.0900.0040: 0.19794030234825216
VOM19980510.0700.0040: 0.19773675232911433
VOM19980509.0700.0089: 0.19671924900496693
VOM19980527.0700.0388: 0.186857359652435
