VOM19980603.0900.0074: 0.353322661786378
VOM19980604.0900.0213: 0.2479717693157786
VOM19980603.0730.0280: 0.24256980322859248
VOM19980605.0730.0276: 0.2330052171906755
VOM19980604.0730.0250: 0.2201258538982506
VOM19980605.0700.0440: 0.21224637698705529
VOM19980606.0700.0354: 0.18899528161189694
VOM19980606.0730.0134: 0.14457978314920356
VOM19980223.0900.1854: 0.10985973387739441
VOM19980223.0900.0265: 0.10936008083349767
VOM19980509.0730.0100: 0.10653795256396667
VOM19980224.0900.2258: 0.10251704031919182
VOM19980223.0900.3466: 0.09307901587246535
