VOM19980311.0700.1487: 0.2108138519697528
VOM19980630.0900.0230: 0.20481206591422216
VOM19980303.0900.2128: 0.19297365687394846
VOM19980316.0700.0776: 0.17155216486300665
VOM19980303.0900.0396: 0.1658462052629246
VOM19980304.0700.1058: 0.16400086822594398
VOM19980319.0700.2737: 0.15787964824719403
VOM19980621.0700.0565: 0.13652943259278041
VOM19980304.0700.1276: 0.12582501505910945
VOM19980305.0900.2093: 0.12287771609646107
VOM19980316.0700.0702: 0.12186024643146608
VOM19980225.0700.0585: 0.12144991493417343
VOM19980306.0700.0971: 0.11881970804021001
