VOM19980410.0900.0241: 0.15158358889123622
VOM19980301.0700.0393: 0.13198320407384756
VOM19980225.0900.0332: 0.11398271597480411
VOM19980326.0900.2164: 0.11030804289804719
VOM19980326.0700.2359: 0.1103042769303368
VOM19980607.0700.0385: 0.10958340590458646
VOM19980607.0730.0163: 0.10958340590458646
VOM19980526.0730.0229: 0.10765238453745565
VOM19980220.0700.2814: 0.1048991508936847
VOM19980515.0900.0007: 0.10361450701511742
VOM19980620.0700.0552: 0.10210875480900587
VOM19980305.0900.1736: 0.10154627685474256
VOM19980315.0700.2508: 0.10037308382262078
