VOM19980325.0900.3341: 0.24058556498157158
VOM19980522.0730.0286: 0.16529760543963307
VOM19980607.0730.0033: 0.1579974667533254
VOM19980522.0700.0456: 0.15211505432625108
VOM19980326.0700.1668: 0.14778822491278618
VOM19980630.0900.0127: 0.1423678086749626
VOM19980603.0700.0282: 0.14175145868270214
VOM19980522.0730.0037: 0.1416055425999923
VOM19980522.0900.0039: 0.1416055425999923
VOM19980531.0700.0235: 0.1378795096018986
VOM19980302.0900.0457: 0.1342726847147873
VOM19980223.0900.1820: 0.1337651527685876
VOM19980304.0700.0871: 0.1336896150311764
