VOM19980508.0700.0362: 0.20540383870208298
VOM19980508.0730.0003: 0.1931144022083032
VOM19980506.0700.0042: 0.1925883512853436
VOM19980507.0700.0242: 0.19132419717056587
VOM19980508.0900.0007: 0.190792735535856
VOM19980510.0730.0001: 0.18880997876063338
VOM19980506.0900.0006: 0.18806256106629557
VOM19980509.0730.0027: 0.1843812381515467
VOM19980507.0730.0066: 0.1826934920735766
VOM19980510.0700.0040: 0.18228836934952147
VOM19980509.0700.0089: 0.17948969262886005
VOM19980507.0900.0040: 0.17817138344865138
VOM19980327.0900.0221: 0.17115090202198213
