VOM19980508.0700.0362: 0.22549029163947285
VOM19980508.0730.0003: 0.20977268191067386
VOM19980507.0700.0242: 0.20849464917926738
VOM19980508.0900.0007: 0.20582080956120205
VOM19980510.0700.0040: 0.20375923370857738
VOM19980327.0900.0221: 0.1995709417309371
VOM19980510.0730.0001: 0.19790025659992072
VOM19980506.0900.0006: 0.1938760424998797
VOM19980427.0900.0219: 0.19378915211660755
VOM19980509.0730.0027: 0.19328174996085212
VOM19980506.0700.0042: 0.19096225055164776
VOM19980509.0700.0089: 0.18965132420545516
VOM19980507.0730.0066: 0.18703347668135595
