VOM19980303.0700.0783: 0.1203447772338497
VOM19980530.0730.0037: 0.1096913520580552
VOM19980530.0700.0107: 0.1095639093187326
VOM19980305.0900.2166: 0.10708151711386943
VOM19980315.0700.2670: 0.1061741467187535
VOM19980305.0900.1046: 0.10571129158378458
VOM19980303.0700.2491: 0.10259252654380269
VOM19980326.0900.0118: 0.10258981865133378
VOM19980224.0700.2219: 0.10218617260603625
VOM19980302.0900.2091: 0.09960126342157821
VOM19980224.0700.1530: 0.09793864206922294
VOM19980612.0700.0080: 0.0976743731756418
VOM19980623.0900.0051: 0.09664371504028552
