VOM19980315.0700.1310: 0.17810357656828008
VOM19980226.0900.2900: 0.1598440665959502
VOM19980326.0900.0149: 0.15883727841847792
VOM19980325.0900.2040: 0.1422439644271554
VOM19980325.0900.0124: 0.1391389033989212
VOM19980624.0730.0254: 0.13791016052282187
VOM19980628.0700.0316: 0.13306683652488868
VOM19980624.0700.0382: 0.12245415333249231
VOM19980220.0900.1332: 0.12231413778829713
VOM19980606.0730.0134: 0.11986996784093383
VOM19980319.0700.0496: 0.11820074672716394
VOM19980506.0900.0257: 0.11816432753324017
VOM19980226.0900.3196: 0.11563968274673361
