VOM19980306.0700.1305: 0.0950536356869759
VOM19980505.0700.0193: 0.09315197390226984
VOM19980314.0700.2522: 0.08612314317056771
VOM19980507.0700.0127: 0.08591526860113363
VOM19980319.0900.2169: 0.0842652698921041
VOM19980623.0700.0314: 0.08093902162581672
VOM19980226.0900.0622: 0.08090329054109026
VOM19980415.0900.0022: 0.08014344549327553
VOM19980521.0700.0039: 0.07838869120308087
VOM19980515.0900.0007: 0.07758721715166303
VOM19980306.0700.1383: 0.07675510849856655
VOM19980223.0900.2288: 0.07596814592607683
VOM19980410.0900.0104: 0.07460416365702126
