VOM19980314.0700.1911: 0.19880122600645558
VOM19980314.0700.0239: 0.19730390580968923
VOM19980316.0900.1667: 0.18990685416760206
VOM19980327.0900.2123: 0.18397097089837416
VOM19980311.0700.1883: 0.18037782481964704
VOM19980228.0700.0448: 0.16800593943904052
VOM19980302.0700.1749: 0.1567432581793617
VOM19980316.0900.1861: 0.15358780549443224
VOM19980319.0900.1922: 0.15232881264831788
VOM19980319.0900.0162: 0.15034614054773837
VOM19980305.0900.2891: 0.14718578855466705
VOM19980302.0700.1577: 0.14687106528863278
VOM19980227.0900.2836: 0.14380423350263172
