VOM19980314.0700.1261: 0.18211690879395098
VOM19980223.0700.1993: 0.15458189409500317
VOM19980403.0900.2349: 0.15343858281384273
VOM19980314.0700.0818: 0.14553994071506238
VOM19980224.0700.2219: 0.14365807587719007
VOM19980317.0700.0924: 0.139977072232782
VOM19980303.0700.2491: 0.13980818027179112
VOM19980317.0900.0757: 0.13786276271262557
VOM19980220.0900.2138: 0.1375571458682699
VOM19980317.0700.0723: 0.1366536913017926
VOM19980225.0900.1275: 0.13529292923524167
VOM19980223.0900.2779: 0.1344610231260507
VOM19980225.0900.1029: 0.13369803762429447
