VOM19980508.0700.0362: 0.3316880732385366
VOM19980507.0700.0242: 0.32491821664432924
VOM19980510.0730.0001: 0.32461722703211765
VOM19980510.0700.0040: 0.3196099773699324
VOM19980427.0900.0219: 0.31302375463811344
VOM19980507.0730.0066: 0.30658330991377564
VOM19980515.0900.0229: 0.30071599147182304
VOM19980509.0730.0027: 0.30000960046082453
VOM19980508.0730.0003: 0.29841318942364137
VOM19980507.0900.0040: 0.29652865017500407
VOM19980509.0700.0089: 0.29652865017500407
VOM19980527.0700.0388: 0.29652865017500407
VOM19980508.0900.0007: 0.29652865017500407
