VOM19980314.0700.2522: 0.1139188131593847
VOM19980226.0900.0622: 0.10853110499975141
VOM19980220.0900.2583: 0.10709084197532948
VOM19980223.0700.1993: 0.10486179942447678
VOM19980511.0730.0133: 0.10306977300822259
VOM19980222.0700.0448: 0.10202873253991533
VOM19980222.0700.1016: 0.09777388220868015
VOM19980224.0700.2219: 0.09769186769439706
VOM19980223.0900.2973: 0.0974167757052908
VOM19980223.0900.2288: 0.09728521244425245
VOM19980226.0900.2027: 0.09657543340557105
VOM19980225.0900.1428: 0.09494107130042787
VOM19980507.0700.0127: 0.09484919117901656
