VOM19980306.0700.1305: 0.0980267535231212
VOM19980314.0700.2522: 0.09448984244987726
VOM19980505.0700.0193: 0.09295751834728234
VOM19980319.0900.2169: 0.087980170098653
VOM19980226.0900.0622: 0.08731326979992253
VOM19980507.0700.0127: 0.08723924984594335
VOM19980521.0700.0039: 0.08363606143015989
VOM19980223.0900.2288: 0.08238295532160793
VOM19980515.0900.0007: 0.0821522786441466
VOM19980415.0900.0022: 0.08175885428337394
VOM19980223.0700.1993: 0.08096970171520418
VOM19980623.0700.0314: 0.08053237135871016
VOM19980222.0700.0448: 0.08031680272568642
