VOM19980515.0900.0007: 0.11890320872934203
VOM19980527.0700.0042: 0.1185385460865143
VOM19980527.0730.0003: 0.11193448974242305
VOM19980524.0730.0061: 0.10935209032775386
VOM19980524.0700.0265: 0.10935209032775386
VOM19980515.0730.0053: 0.10868151221212113
VOM19980527.0900.0008: 0.10585468359664314
VOM19980630.0900.0127: 0.0968319051217912
VOM19980515.0700.0102: 0.09394937880327346
VOM19980403.0900.2121: 0.09176070984871113
VOM19980410.0900.0241: 0.09099259142011236
VOM19980403.0700.0489: 0.09059205333772265
VOM19980421.0900.0146: 0.0853529348561145
