VOM19980527.0700.0042: 0.13897025770612037
VOM19980527.0730.0003: 0.1339540914709114
VOM19980515.0900.0007: 0.13336986565788314
VOM19980524.0730.0061: 0.1305696508923147
VOM19980524.0700.0265: 0.1305696508923147
VOM19980527.0900.0008: 0.1275551965639395
VOM19980515.0730.0053: 0.12207112097212662
VOM19980630.0900.0127: 0.1108062545378822
VOM19980403.0900.2121: 0.10914048009902431
VOM19980421.0900.0146: 0.10765454367290533
VOM19980515.0700.0102: 0.10754665809887956
VOM19980403.0700.0489: 0.10555498902656751
VOM19980410.0900.0241: 0.10501005224672187
