VOM19980508.0700.0362: 0.21488701236509763
VOM19980510.0730.0001: 0.20374976332422218
VOM19980508.0730.0003: 0.202238338197494
VOM19980507.0700.0242: 0.20193626821915794
VOM19980508.0900.0007: 0.20102375874300196
VOM19980506.0700.0042: 0.1995262634201701
VOM19980506.0900.0006: 0.19821450260390971
VOM19980509.0730.0027: 0.19716042414224488
VOM19980507.0730.0066: 0.19711152950180574
VOM19980510.0700.0040: 0.1922606796514998
VOM19980507.0900.0040: 0.19141627132851385
VOM19980509.0700.0089: 0.1914031744896846
VOM19980327.0900.0221: 0.18245697184840212
