VOM19980325.0900.3341: 0.2211882882761069
VOM19980522.0700.0456: 0.1642974081012333
VOM19980326.0700.1668: 0.14368738515197235
VOM19980607.0730.0033: 0.1346646540881427
VOM19980326.0900.3442: 0.13353345490910537
VOM19980630.0900.0127: 0.1291019855383672
VOM19980306.0700.2852: 0.1284845832182263
VOM19980522.0730.0286: 0.12755941904300827
VOM19980326.0700.1793: 0.12751634828122427
VOM19980312.0900.0990: 0.12701222098981269
VOM19980222.0700.1501: 0.1261704623219033
VOM19980222.0700.0448: 0.12377404526905975
VOM19980316.0700.0944: 0.12372976720665793
