VOM19980508.0700.0362: 0.2123185849385113
VOM19980508.0730.0003: 0.19868457953134344
VOM19980508.0900.0007: 0.19425213496312413
VOM19980507.0700.0242: 0.19232501746317082
VOM19980510.0700.0040: 0.18813336579980486
VOM19980327.0900.0221: 0.18577895090117305
VOM19980506.0900.0006: 0.18175371927429604
VOM19980506.0700.0042: 0.18046976168881743
VOM19980510.0730.0001: 0.17975810846253013
VOM19980509.0730.0027: 0.17669767281959756
VOM19980427.0900.0219: 0.17622870248706454
VOM19980509.0700.0089: 0.17344447728794257
VOM19980504.0700.0025: 0.17244507281239949
