VOM19980314.0700.1911: 0.21120486910352085
VOM19980314.0700.0239: 0.20928055593843153
VOM19980327.0900.2123: 0.16894242548317942
VOM19980316.0900.1667: 0.16697440837785843
VOM19980316.0900.1861: 0.1558894324037818
VOM19980303.0900.1926: 0.14072524686520466
VOM19980228.0700.0448: 0.13969098709469113
VOM19980311.0700.1883: 0.13965251596997325
VOM19980302.0700.3423: 0.139115806501289
VOM19980303.0900.3358: 0.1378374110889923
VOM19980302.0700.2096: 0.13302383893472466
VOM19980623.0700.0507: 0.13198237513286942
VOM19980623.0730.0101: 0.13198237513286942
