VOM19980325.0900.3341: 0.20478213933916606
VOM19980522.0700.0456: 0.12655110602864855
VOM19980607.0730.0033: 0.11165318315214136
VOM19980326.0700.1668: 0.10461089976038256
VOM19980522.0730.0286: 0.09691828368724147
VOM19980630.0900.0127: 0.09007884640448341
VOM19980312.0900.3445: 0.08494013953094796
VOM19980312.0900.1896: 0.08494013953094796
VOM19980306.0700.2852: 0.08290483425340114
VOM19980224.0700.2219: 0.08181098739567969
VOM19980326.0900.3442: 0.08004369833048233
VOM19980312.0900.0990: 0.07985864554166304
VOM19980325.0900.2179: 0.07918270897541049
