VOM19980602.0900.0127: 0.1350721674505666
VOM19980531.0700.0040: 0.1294301059125967
VOM19980602.0700.0166: 0.11524671160265787
VOM19980605.0730.0042: 0.11341508028597153
VOM19980605.0900.0045: 0.11341508028597153
VOM19980220.0900.3537: 0.1089636420575486
VOM19980605.0700.0040: 0.09457816854002185
VOM19980403.0700.2289: 0.08141395560339551
VOM19980628.0700.0527: 0.0762842301421145
VOM19980606.0730.0234: 0.07460912270426814
VOM19980606.0700.0206: 0.07460912270426814
VOM19980319.0700.1874: 0.0733640344046932
VOM19980603.0900.0074: 0.07271787022180644
