VOM19980508.0700.0362: 0.2196603909410037
VOM19980510.0730.0001: 0.21058832136888442
VOM19980507.0700.0242: 0.2076005211221379
VOM19980508.0730.0003: 0.20602290129151607
VOM19980508.0900.0007: 0.20502581167704187
VOM19980507.0730.0066: 0.20386170182629612
VOM19980506.0700.0042: 0.20280344969023967
VOM19980509.0730.0027: 0.20247098430519184
VOM19980506.0900.0006: 0.2018326504113666
VOM19980507.0900.0040: 0.19797140699432003
VOM19980510.0700.0040: 0.19777650977117212
VOM19980509.0700.0089: 0.1967534233379408
VOM19980527.0700.0388: 0.18689610920550415
