VOM19980315.0700.1310: 0.2002650264257359
VOM19980326.0900.0149: 0.17666577158146315
VOM19980226.0900.2900: 0.17444260915736468
VOM19980628.0700.0316: 0.15444716741336975
VOM19980325.0900.2040: 0.15170738834583944
VOM19980624.0730.0254: 0.15073317943498518
VOM19980325.0900.0124: 0.14834791547058013
VOM19980606.0730.0134: 0.1476221248294161
VOM19980624.0700.0382: 0.13919647155226844
VOM19980508.0700.0452: 0.13627750385875217
VOM19980508.0730.0240: 0.13508895273068014
VOM19980508.0900.0211: 0.13465084895661428
VOM19980226.0900.3196: 0.1333570378976379
