VOM19980508.0700.0362: 0.20048787657104455
VOM19980508.0730.0003: 0.18913392083308309
VOM19980508.0900.0007: 0.18719667066222678
VOM19980506.0700.0042: 0.18621103285987176
VOM19980507.0700.0242: 0.1851734456392092
VOM19980510.0730.0001: 0.1834548535102344
VOM19980506.0900.0006: 0.18343706918060948
VOM19980509.0730.0027: 0.17881586643134628
VOM19980510.0700.0040: 0.17641806993213033
VOM19980507.0730.0066: 0.17621147663447556
VOM19980509.0700.0089: 0.17351405834930855
VOM19980507.0900.0040: 0.17112009585595483
VOM19980327.0900.0221: 0.1680472824753598
