VOM19980602.0900.0127: 0.20014634266660097
VOM19980531.0700.0040: 0.19146772892166658
VOM19980220.0900.3537: 0.17084239600970796
VOM19980602.0700.0166: 0.16420940916380294
VOM19980605.0900.0045: 0.16408265807581018
VOM19980628.0700.0527: 0.1591662882402787
VOM19980605.0730.0042: 0.15887528007165197
VOM19980531.0730.0006: 0.14905302064879974
VOM19980315.0700.1828: 0.1469016279711591
VOM19980606.0730.0234: 0.1300396868272897
VOM19980605.0700.0040: 0.12904845767964038
VOM19980606.0700.0206: 0.12786334443668335
VOM19980604.0900.0159: 0.11800033861760845
