VOM19980311.0700.1487: 0.25014672348295774
VOM19980303.0900.2128: 0.24280345357825742
VOM19980630.0900.0230: 0.22177923187436338
VOM19980304.0700.1058: 0.22049044453874228
VOM19980303.0900.0396: 0.2204823972067238
VOM19980621.0700.0565: 0.19716065359768756
VOM19980316.0700.0776: 0.19517160397808941
VOM19980523.0700.0189: 0.19271405823331317
VOM19980305.0900.2093: 0.18460469261143947
VOM19980319.0700.2737: 0.18340273094859058
VOM19980225.0700.0585: 0.18011866499302756
VOM19980306.0700.0971: 0.17712294645245558
VOM19980316.0700.0944: 0.16496018195712264
