VOM19980224.0700.2219: 0.13360475050132672
VOM19980303.0700.2491: 0.13113092468412058
VOM19980302.0900.2091: 0.13017747470240254
VOM19980303.0700.0783: 0.11996170232614946
VOM19980305.0900.2166: 0.1166884556840152
VOM19980305.0900.1046: 0.11642473979309974
VOM19980316.0900.2108: 0.11560740555810711
VOM19980302.0700.2334: 0.11402471786640873
VOM19980325.0900.1209: 0.11052163331873831
VOM19980223.0900.1151: 0.11003225717035597
VOM19980303.0900.2868: 0.10869457181150644
VOM19980319.0700.2278: 0.10569137677861228
VOM19980223.0700.1993: 0.10512614723902736
