VOM19980603.0900.0074: 0.3463560932840115
VOM19980604.0900.0213: 0.2360001382843091
VOM19980603.0730.0280: 0.23025421354629919
VOM19980605.0730.0276: 0.22097974483116975
VOM19980604.0730.0250: 0.21011912510595676
VOM19980605.0700.0440: 0.20343099497689038
VOM19980606.0700.0354: 0.1779299454900954
VOM19980606.0730.0134: 0.1316429323029939
VOM19980223.0900.1854: 0.10138697134284025
VOM19980223.0900.0265: 0.10097004844171725
VOM19980509.0730.0100: 0.09290884825911927
VOM19980224.0900.2258: 0.09276346365698845
VOM19980223.0900.3466: 0.08490942383700416
