VOM19980508.0700.0362: 0.2515197769168283
VOM19980510.0730.0001: 0.23922530158570346
VOM19980507.0730.0066: 0.23916705888056977
VOM19980507.0700.0242: 0.23531727572490357
VOM19980508.0730.0003: 0.2325963630762901
VOM19980508.0900.0007: 0.23237321667227204
VOM19980507.0900.0040: 0.23230882915913545
VOM19980510.0700.0040: 0.22489250136044048
VOM19980509.0730.0027: 0.22411488734231524
VOM19980506.0700.0042: 0.22324190575081881
VOM19980527.0700.0388: 0.2216055214535774
VOM19980509.0700.0089: 0.22048984119213536
VOM19980506.0900.0006: 0.21950827647870977
