VOM19980508.0700.0362: 0.21487559118701843
VOM19980510.0730.0001: 0.2037514358424569
VOM19980508.0730.0003: 0.20222881108748533
VOM19980507.0700.0242: 0.20193049850584244
VOM19980508.0900.0007: 0.20101756235019744
VOM19980506.0700.0042: 0.19952639336278896
VOM19980506.0900.0006: 0.198210777994521
VOM19980509.0730.0027: 0.1971582115818778
VOM19980507.0730.0066: 0.19711625770312421
VOM19980510.0700.0040: 0.1922533890516492
VOM19980507.0900.0040: 0.1914222685277451
VOM19980509.0700.0089: 0.19140078948550096
VOM19980327.0900.0221: 0.18244369706973337
