VOM19980511.0700.0080: 0.12942584537191576
VOM19980511.0730.0040: 0.12942584537191576
VOM19980410.0900.0241: 0.12789247958836714
VOM19980521.0700.0039: 0.12651061545985107
VOM19980314.0700.2522: 0.12396601368031829
VOM19980317.0700.0156: 0.1225032622346954
VOM19980306.0700.1305: 0.12127480834962491
VOM19980222.0700.0448: 0.11997292064769485
VOM19980220.0900.2583: 0.1185002036359658
VOM19980507.0700.0127: 0.11809150153148223
VOM19980319.0900.2169: 0.11644409459324993
VOM19980531.0700.0235: 0.11591007607218137
VOM19980226.0900.0622: 0.11560974750222941
