VOM19980603.0700.0103: 0.20208206417847407
VOM19980616.0730.0180: 0.1759667530631832
VOM19980616.0900.0100: 0.17438854402587234
VOM19980616.0730.0252: 0.15426757063339125
VOM19980616.0900.0077: 0.15426757063339125
VOM19980319.0900.2169: 0.14244511632380571
VOM19980531.0700.0120: 0.13876894941874185
VOM19980317.0700.0723: 0.13419463367213463
VOM19980224.0900.2345: 0.13231540117689428
VOM19980530.0700.0037: 0.13016168247772664
VOM19980618.0900.0057: 0.12624621987649312
VOM19980529.0700.0168: 0.12453631940312915
VOM19980225.0900.1275: 0.11891246254885139
