VOM19980616.0730.0180: 0.12041211259014259
VOM19980616.0900.0100: 0.11997011274015208
VOM19980526.0900.0124: 0.11960547686855874
VOM19980225.0900.1919: 0.11473174003570843
VOM19980526.0730.0065: 0.11455026670365319
VOM19980319.0900.0364: 0.11416778137789974
VOM19980225.0900.0216: 0.11342522677639388
VOM19980222.0700.0448: 0.11234438273919028
VOM19980302.0700.0484: 0.10934106014369714
VOM19980316.0900.2774: 0.10862112487466846
VOM19980404.0700.1061: 0.10729024202838501
VOM19980225.0900.0714: 0.10546549549415878
VOM19980221.0700.2690: 0.10007082482762374
