VOM19980311.0700.1487: 0.18731697078127627
VOM19980304.0700.1058: 0.17309345421751046
VOM19980319.0700.2737: 0.1662256481274774
VOM19980630.0900.0230: 0.16344337786194488
VOM19980316.0700.0776: 0.15975693562692286
VOM19980303.0900.2128: 0.15895126538121504
VOM19980303.0900.0396: 0.13736299100489208
VOM19980326.0700.1793: 0.13295282738800562
VOM19980306.0700.0971: 0.12112563382944624
VOM19980304.0700.1276: 0.11968795445178632
VOM19980316.0700.0944: 0.11942572348325237
VOM19980404.0700.2918: 0.11210970322201226
VOM19980317.0700.1605: 0.1052830769241285
