VOM19980301.0700.0393: 0.11610327257670212
VOM19980220.0700.2814: 0.10410995460669767
VOM19980410.0900.0241: 0.0982999901047626
VOM19980620.0700.0552: 0.09643439224848842
VOM19980224.0900.3022: 0.09477900286758593
VOM19980627.0700.0572: 0.08587543020106532
VOM19980223.0700.1511: 0.08456765217284622
VOM19980220.0700.0707: 0.08033557923722123
VOM19980607.0700.0385: 0.07989718686088298
VOM19980607.0730.0163: 0.07989718686088298
VOM19980613.0700.0555: 0.07978143046576473
VOM19980515.0900.0007: 0.07871639037323182
VOM19980315.0700.2508: 0.0766430510136185
