VOM19980311.0700.1487: 0.23629757802327386
VOM19980303.0900.2128: 0.227298811037772
VOM19980630.0900.0230: 0.208573869524274
VOM19980304.0700.1058: 0.20710525036476896
VOM19980303.0900.0396: 0.20502996503528173
VOM19980621.0700.0565: 0.18411887439956673
VOM19980316.0700.0776: 0.1835444402300469
VOM19980523.0700.0189: 0.17366220066897783
VOM19980319.0700.2737: 0.17354455052054402
VOM19980305.0900.2093: 0.16691201601285663
VOM19980306.0700.0971: 0.16381113925627794
VOM19980225.0700.0585: 0.162398821152602
VOM19980316.0700.0944: 0.15233432325709292
