VOM19980315.0700.1310: 0.1928224924390279
VOM19980226.0900.2900: 0.1688637040026731
VOM19980326.0900.0149: 0.16696417220449916
VOM19980628.0700.0316: 0.14619460289931122
VOM19980325.0900.2040: 0.14342540508838877
VOM19980624.0730.0254: 0.14094379956478123
VOM19980325.0900.0124: 0.13980583176961212
VOM19980606.0730.0134: 0.1380557001968561
VOM19980624.0700.0382: 0.130329754354917
VOM19980508.0700.0452: 0.1268546617561985
VOM19980220.0900.1332: 0.1263483394677696
VOM19980508.0900.0211: 0.12617318699052388
VOM19980226.0900.3196: 0.12607632915700728
