VOM19980303.0700.0783: 0.12873504047725945
VOM19980530.0700.0107: 0.11559711191177335
VOM19980326.0900.0118: 0.11501094622874376
VOM19980530.0730.0037: 0.11467401273348683
VOM19980305.0900.2166: 0.1141026109328172
VOM19980315.0700.2670: 0.11367897391579748
VOM19980305.0900.1046: 0.1119385516788004
VOM19980224.0700.1530: 0.10784032181065077
VOM19980612.0700.0080: 0.10751488541393621
VOM19980303.0700.2491: 0.10716360278224198
VOM19980224.0700.2219: 0.10619897255648643
VOM19980623.0900.0051: 0.10550720564091032
VOM19980302.0900.2091: 0.10360334385702163
