VOM19980616.0730.0180: 0.11090421822983154
VOM19980616.0900.0100: 0.1104495081720338
VOM19980526.0900.0124: 0.10620645528519854
VOM19980222.0700.0448: 0.10537570785584319
VOM19980319.0900.0364: 0.10408663213832686
VOM19980316.0900.2774: 0.10247104576499734
VOM19980225.0900.1919: 0.1020575174458889
VOM19980526.0730.0065: 0.10198291285556256
VOM19980302.0700.0484: 0.10189207486083406
VOM19980225.0900.0216: 0.10097481010306232
VOM19980404.0700.1061: 0.09988154340229838
VOM19980225.0900.0714: 0.09860430384232498
VOM19980221.0700.2690: 0.09490075400444188
