VOM19980526.0900.0124: 0.12612322285979174
VOM19980616.0730.0180: 0.12532265991369085
VOM19980616.0900.0100: 0.12480883388576981
VOM19980225.0900.1919: 0.12310460899877868
VOM19980225.0900.0216: 0.1217986173635281
VOM19980526.0730.0065: 0.1211076446477111
VOM19980319.0900.0364: 0.1195457780361012
VOM19980222.0700.0448: 0.11846232452766992
VOM19980302.0700.0484: 0.11548209484970871
VOM19980316.0900.2774: 0.11442912218914024
VOM19980404.0700.1061: 0.11287206886504181
VOM19980225.0900.0714: 0.11144935733040566
VOM19980623.0700.0472: 0.10643960989977988
