VOM19980603.0700.0457: 0.14051963547923904
VOM19980624.0730.0117: 0.13145600452792142
VOM19980326.0900.3298: 0.13006292274523787
VOM19980603.0730.0240: 0.12493926283036828
VOM19980403.0700.3400: 0.10792304528205825
VOM19980220.0700.0672: 0.10645647273860086
VOM19980225.0900.2065: 0.10552823413379414
VOM19980613.0700.0546: 0.10214733135861949
VOM19980311.0700.3445: 0.10198454602520325
VOM19980527.0700.0466: 0.10177049129487523
VOM19980227.0900.2416: 0.10017227198928129
VOM19980526.0730.0229: 0.09922257091458425
VOM19980504.0700.0300: 0.0990484091255133
