VOM19980603.0700.0457: 0.10059853082871581
VOM19980326.0900.3298: 0.08680807051576075
VOM19980624.0730.0117: 0.08174912282817613
VOM19980603.0730.0240: 0.08124583780609053
VOM19980403.0700.3400: 0.06852302902080172
VOM19980224.0700.2219: 0.06610359540927761
VOM19980311.0700.3445: 0.06360446499564329
VOM19980227.0900.2416: 0.06063894230613677
VOM19980306.0700.2852: 0.056077364130516984
VOM19980314.0700.2522: 0.054801180418456615
VOM19980311.0700.0800: 0.05435831946416615
VOM19980225.0900.2065: 0.05204756892562004
VOM19980222.0700.2119: 0.05077526888334731
