VOM19980314.0700.1261: 0.18005181665103628
VOM19980224.0700.2219: 0.17940865452035706
VOM19980223.0700.1993: 0.17905098198664798
VOM19980314.0700.0818: 0.1695198085757417
VOM19980303.0700.2491: 0.1676569963791377
VOM19980302.0900.2091: 0.1612893185349699
VOM19980317.0900.0757: 0.16128045909175937
VOM19980225.0700.2209: 0.15837321580124122
VOM19980403.0900.2349: 0.15619249376683098
VOM19980317.0700.0924: 0.1548893814618347
VOM19980306.0700.1916: 0.15400089606281286
VOM19980403.0700.0727: 0.15373567942341854
VOM19980319.0700.1102: 0.15112270026311245
