VOM19980508.0700.0362: 0.24059874753827115
VOM19980508.0730.0003: 0.22314234032671335
VOM19980508.0900.0007: 0.22222908717136933
VOM19980510.0730.0001: 0.2215650787626167
VOM19980507.0730.0066: 0.22082363805423857
VOM19980507.0700.0242: 0.22080182189217906
VOM19980507.0900.0040: 0.2145671326004439
VOM19980506.0700.0042: 0.21332426907397423
VOM19980510.0700.0040: 0.21123340964045398
VOM19980506.0900.0006: 0.20787560935303
VOM19980509.0730.0027: 0.20769531906720687
VOM19980527.0700.0388: 0.20576113064760776
VOM19980509.0700.0089: 0.20461539826211797
