VOM19980314.0700.1261: 0.17766719036092454
VOM19980223.0700.1993: 0.14967543182447843
VOM19980403.0900.2349: 0.1488618150040561
VOM19980314.0700.0818: 0.14021621816920607
VOM19980224.0700.2219: 0.13984565978820263
VOM19980303.0700.2491: 0.13589931499616253
VOM19980317.0700.0924: 0.1349182878514128
VOM19980317.0900.0757: 0.13389035806329214
VOM19980220.0900.2138: 0.13367823516944188
VOM19980317.0700.0723: 0.13125821162916881
VOM19980225.0900.1275: 0.1305438569368263
VOM19980223.0900.2779: 0.12954336513936035
VOM19980225.0900.1029: 0.1294031710292685
