VOM19980303.0700.0783: 0.18450922983814086
VOM19980326.0900.0118: 0.17868872769805438
VOM19980612.0700.0080: 0.17286749027811493
VOM19980224.0700.1530: 0.16967392648956908
VOM19980326.0700.0452: 0.1690895630174914
VOM19980305.0900.2166: 0.16282882466308896
VOM19980623.0900.0051: 0.16041577820633365
VOM19980315.0700.2670: 0.15727081976226034
VOM19980223.0700.0240: 0.1569673102873691
VOM19980603.0730.0115: 0.15440732623178932
VOM19980303.0700.0324: 0.1541651857219739
VOM19980225.0900.0178: 0.15400991602466066
VOM19980530.0700.0107: 0.1539159447500786
