VOM19980306.0700.1305: 0.09304883216412906
VOM19980505.0700.0193: 0.09021358892665418
VOM19980314.0700.2522: 0.08763837105466626
VOM19980507.0700.0127: 0.08242479396496268
VOM19980319.0900.2169: 0.08228756330612776
VOM19980226.0900.0622: 0.08173240554977614
VOM19980623.0700.0314: 0.07728764141406635
VOM19980223.0900.2288: 0.07695004511435281
VOM19980415.0900.0022: 0.07682260934638621
VOM19980521.0700.0039: 0.07681375419346352
VOM19980515.0900.0007: 0.07638359819645249
VOM19980223.0700.1993: 0.07538678410294175
VOM19980306.0700.1383: 0.07422047553858051
