VOM19980222.0700.0448: 0.10812187931179094
VOM19980220.0700.2208: 0.10704440752550877
VOM19980221.0700.2690: 0.10490660363470587
VOM19980316.0900.2774: 0.10445049110139254
VOM19980221.0700.2087: 0.10276955713757639
VOM19980326.0900.2164: 0.10132567253479566
VOM19980326.0700.2359: 0.10132567253479566
VOM19980325.0900.0905: 0.10083589596324152
VOM19980225.0900.0714: 0.10021844641071972
VOM19980226.0900.2027: 0.09885276803419796
VOM19980403.0900.0619: 0.09870722537699879
VOM19980228.0700.0636: 0.09525864327989667
VOM19980302.0700.0484: 0.09472418008942103
