VOM19980603.0900.0074: 0.3533098261658858
VOM19980604.0900.0213: 0.2479610337891633
VOM19980603.0730.0280: 0.24257194063360063
VOM19980605.0730.0276: 0.23301158247560935
VOM19980604.0730.0250: 0.2201186952663434
VOM19980605.0700.0440: 0.21224805115473933
VOM19980606.0700.0354: 0.1890090624209067
VOM19980606.0730.0134: 0.14459534056519413
VOM19980223.0900.1854: 0.1098595755059592
VOM19980223.0900.0265: 0.10935977984431162
VOM19980509.0730.0100: 0.10655406144301695
VOM19980224.0900.2258: 0.10253002052808258
VOM19980223.0900.3466: 0.0930798978214612
