VOM19980311.0700.1487: 0.2075108762087971
VOM19980630.0900.0230: 0.20530885900470802
VOM19980303.0900.2128: 0.19293957806593434
VOM19980316.0700.0776: 0.16951578226633746
VOM19980303.0900.0396: 0.1659837531135218
VOM19980304.0700.1058: 0.1596897226565039
VOM19980319.0700.2737: 0.15498994698336188
VOM19980621.0700.0565: 0.13573434332773168
VOM19980304.0700.1276: 0.12383226620745783
VOM19980305.0900.2093: 0.12303997036345628
VOM19980316.0700.0702: 0.12241693619164695
VOM19980225.0700.0585: 0.12193847035537939
VOM19980306.0700.0971: 0.11593116243472001
