VOM19980303.0700.0783: 0.12117380696140843
VOM19980530.0700.0107: 0.10976632816965773
VOM19980530.0730.0037: 0.10829531166992219
VOM19980305.0900.2166: 0.10739009746567607
VOM19980315.0700.2670: 0.10669593227885586
VOM19980305.0900.1046: 0.10600496233564712
VOM19980303.0700.2491: 0.1025427450716941
VOM19980224.0700.2219: 0.10201770386031324
VOM19980326.0900.0118: 0.1000200438547628
VOM19980302.0900.2091: 0.09941855562437397
VOM19980224.0700.1530: 0.09880929088908028
VOM19980612.0700.0080: 0.09808388563897107
VOM19980623.0900.0051: 0.09696064049282321
