VOM19980303.0700.0783: 0.27325770742977135
VOM19980305.0900.2166: 0.2549850871436122
VOM19980302.0700.2334: 0.2518226243734691
VOM19980225.0900.0714: 0.25129547554422293
VOM19980404.0700.0676: 0.2500200312487809
VOM19980623.0900.0051: 0.24571461259108546
VOM19980305.0900.1046: 0.2451186653096007
VOM19980315.0700.2670: 0.2443148742014208
VOM19980311.0700.1006: 0.24419543455275752
VOM19980612.0700.0080: 0.24359938288234506
VOM19980303.0900.2868: 0.24336184076550474
VOM19980303.0700.2491: 0.24269371723350325
VOM19980319.0700.2278: 0.2421855614066332
