VOM19980314.0700.2522: 0.12393569599447458
VOM19980220.0900.2583: 0.11769071993870553
VOM19980226.0900.0622: 0.1173952096551964
VOM19980511.0730.0133: 0.11725653572580637
VOM19980223.0700.1993: 0.1126738496228115
VOM19980222.0700.0448: 0.11168598932090588
VOM19980222.0700.1016: 0.10867717894051145
VOM19980618.0730.0234: 0.10572864911912708
VOM19980223.0900.2973: 0.10563662915020709
VOM19980223.0900.2288: 0.10563242746572792
VOM19980507.0700.0127: 0.1056212021528059
VOM19980226.0900.2027: 0.10534036277246135
VOM19980315.0700.3008: 0.1048776621471897
