VOM19980303.0700.0783: 0.1203365618410486
VOM19980530.0730.0037: 0.1096868162574866
VOM19980530.0700.0107: 0.10955887467770269
VOM19980305.0900.2166: 0.10706857415554207
VOM19980315.0700.2670: 0.10616640137499118
VOM19980305.0900.1046: 0.10569991178976576
VOM19980326.0900.0118: 0.10259349071227239
VOM19980303.0700.2491: 0.10257573672875352
VOM19980224.0700.2219: 0.1021692272404975
VOM19980302.0900.2091: 0.09958473231394128
VOM19980224.0700.1530: 0.09793673750619145
VOM19980612.0700.0080: 0.09767076392525781
VOM19980623.0900.0051: 0.09663626041801225
