VOM19980315.0700.1310: 0.20939521346354942
VOM19980326.0900.0149: 0.18825117556152043
VOM19980226.0900.2900: 0.1819649818837548
VOM19980628.0700.0316: 0.1639367365453405
VOM19980624.0730.0254: 0.16207459608793498
VOM19980325.0900.2040: 0.16127587680661878
VOM19980606.0730.0134: 0.1590658773424319
VOM19980325.0900.0124: 0.1583135895489619
VOM19980624.0700.0382: 0.14979298626461
VOM19980508.0700.0452: 0.1476703827289055
VOM19980508.0730.0240: 0.1463644519543535
VOM19980508.0900.0211: 0.14486948190109056
VOM19980226.0900.3196: 0.1427964283798757
