VOM19980314.0700.1261: 0.17365645212561637
VOM19980223.0700.1993: 0.1464322106432057
VOM19980403.0900.2349: 0.1449560802670802
VOM19980224.0700.2219: 0.13760857600617965
VOM19980314.0700.0818: 0.1365062812218038
VOM19980303.0700.2491: 0.13338443202936814
VOM19980317.0900.0757: 0.13122898299881872
VOM19980317.0700.0924: 0.13115777511455615
VOM19980220.0900.2138: 0.13005306878126596
VOM19980225.0900.1029: 0.12577019986917154
VOM19980317.0700.0723: 0.12575772587620648
VOM19980316.0900.2774: 0.12530364128283186
VOM19980223.0900.2779: 0.12520851716568168
