VOM19980605.0900.0045: 0.21246405551155848
VOM19980605.0730.0042: 0.20609058431797145
VOM19980531.0700.0040: 0.20409690104407907
VOM19980602.0900.0127: 0.19825883424434965
VOM19980531.0730.0006: 0.17788548540773638
VOM19980605.0700.0040: 0.17216286320448715
VOM19980602.0700.0166: 0.1712615030455665
VOM19980628.0700.0527: 0.17119264737717674
VOM19980220.0900.3537: 0.16567155251494048
VOM19980526.0730.0229: 0.162058423659119
VOM19980315.0700.1828: 0.16137580987823005
VOM19980606.0730.0234: 0.15138515514023276
VOM19980606.0700.0206: 0.14899768248834372
