VOM19980315.0700.1310: 0.16880454196086242
VOM19980226.0900.2900: 0.1655750323490829
VOM19980326.0900.0149: 0.14031226986399742
VOM19980220.0900.1332: 0.13451214567190484
VOM19980628.0700.0316: 0.1296876885411958
VOM19980325.0900.2040: 0.12701342479483288
VOM19980325.0900.0124: 0.12322172966069272
VOM19980606.0730.0134: 0.12097871893635566
VOM19980624.0730.0254: 0.12076936340812311
VOM19980226.0900.3196: 0.12072026680720219
VOM19980319.0700.0496: 0.11674014985248529
VOM19980508.0700.0452: 0.11474192922179431
VOM19980624.0700.0382: 0.11376494994604679
