VOM19980508.0700.0362: 0.26476272557340075
VOM19980510.0730.0001: 0.25890859558115026
VOM19980507.0730.0066: 0.25850163441402696
VOM19980507.0700.0242: 0.252417702617466
VOM19980507.0900.0040: 0.2510325962003475
VOM19980508.0900.0007: 0.2441482200472276
VOM19980508.0730.0003: 0.2437158035685578
VOM19980509.0730.0027: 0.24192401666868357
VOM19980510.0700.0040: 0.24136734126777712
VOM19980527.0700.0388: 0.23892075995813555
VOM19980509.0700.0089: 0.23790041792092198
VOM19980506.0700.0042: 0.23372515752077783
VOM19980506.0900.0006: 0.23189757680353731
