VOM19980616.0730.0180: 0.11449227711686054
VOM19980616.0900.0100: 0.11411717539491094
VOM19980526.0900.0124: 0.11136389244550184
VOM19980319.0900.0364: 0.10962802843008342
VOM19980222.0700.0448: 0.1079388966286558
VOM19980526.0730.0065: 0.1069925404695436
VOM19980225.0900.1919: 0.10626172684229157
VOM19980302.0700.0484: 0.10512116272453588
VOM19980225.0900.0216: 0.10511524976149324
VOM19980316.0900.2774: 0.10484318058847693
VOM19980404.0700.1061: 0.10337671547838069
VOM19980225.0900.0714: 0.10151195422182133
VOM19980221.0700.2690: 0.09666459209096413
