VOM19980603.0700.0103: 0.17745518931050588
VOM19980616.0730.0180: 0.15822727319330307
VOM19980616.0900.0100: 0.15770888606598954
VOM19980616.0730.0252: 0.1320073744320326
VOM19980616.0900.0077: 0.1320073744320326
VOM19980531.0700.0120: 0.12485031894764766
VOM19980317.0700.0723: 0.11480949636544896
VOM19980618.0900.0057: 0.10625509579995722
VOM19980224.0900.2345: 0.10378322970551004
VOM19980529.0730.0042: 0.10143958054270227
VOM19980529.0900.0046: 0.10143958054270227
VOM19980225.0900.1275: 0.09507788158024856
VOM19980319.0900.2169: 0.09397590163958476
