VOM19980314.0700.1261: 0.20614221321634302
VOM19980223.0700.1993: 0.1907834741696083
VOM19980314.0700.0818: 0.18656065657062232
VOM19980317.0700.0924: 0.17462439115174289
VOM19980403.0900.2349: 0.17354204286341562
VOM19980224.0700.2219: 0.16848574979826772
VOM19980317.0700.0723: 0.16585795252509558
VOM19980303.0700.2491: 0.16336112992140944
VOM19980223.0900.2288: 0.1614924512527526
VOM19980302.0900.0871: 0.16103697148504723
VOM19980223.0900.2779: 0.160955578280789
VOM19980326.0700.2676: 0.1581341555586463
VOM19980403.0700.0727: 0.15808859142989534
