VOM19980314.0700.1261: 0.1795011939546635
VOM19980223.0700.1993: 0.15159532537343068
VOM19980403.0900.2349: 0.15073522618179266
VOM19980314.0700.0818: 0.14231661369893683
VOM19980224.0700.2219: 0.14130330759301782
VOM19980303.0700.2491: 0.13741591390510347
VOM19980317.0700.0924: 0.13693409993640718
VOM19980317.0900.0757: 0.13544767688083773
VOM19980220.0900.2138: 0.1352842864429709
VOM19980317.0700.0723: 0.13354401463957136
VOM19980225.0900.1275: 0.13260767081314861
VOM19980223.0900.2779: 0.13156703869363834
VOM19980225.0900.1029: 0.13116241638903944
