VOM19980303.0700.0783: 0.1725374702960303
VOM19980326.0900.0118: 0.16364783442406355
VOM19980612.0700.0080: 0.16023025841497213
VOM19980224.0700.1530: 0.1571190561712265
VOM19980326.0700.0452: 0.15339373904282158
VOM19980305.0900.2166: 0.15272782737212134
VOM19980623.0900.0051: 0.1478959508603133
VOM19980530.0700.0107: 0.14676982931258906
VOM19980315.0700.2670: 0.14655015374446503
VOM19980223.0700.0240: 0.1439569293973321
VOM19980305.0900.1046: 0.14377380526785644
VOM19980602.0700.0199: 0.1417991391497128
VOM19980603.0730.0115: 0.14023861675127988
