VOM19980314.0700.2522: 0.08751774150683672
VOM19980226.0900.0622: 0.08197068741220005
VOM19980223.0700.1993: 0.08195980581369804
VOM19980222.0700.0448: 0.081938778264709
VOM19980220.0900.2583: 0.07968332470101369
VOM19980223.0900.2288: 0.07481303245684677
VOM19980224.0700.2219: 0.07085561228003562
VOM19980222.0700.1016: 0.06910566054009776
VOM19980223.0900.2973: 0.06907585509697381
VOM19980225.0900.1428: 0.06813807944671331
VOM19980404.0700.0676: 0.06714576954285945
VOM19980314.0700.0818: 0.06699029014338073
VOM19980226.0900.2027: 0.06684497246325767
