VOM19980526.0900.0124: 0.12282895183422228
VOM19980616.0730.0180: 0.1227383543864981
VOM19980616.0900.0100: 0.12226827717524011
VOM19980225.0900.1919: 0.11854450363127836
VOM19980526.0730.0065: 0.11773069551123536
VOM19980225.0900.0216: 0.11722407078597527
VOM19980319.0900.0364: 0.11669717378707048
VOM19980222.0700.0448: 0.11489180888996085
VOM19980302.0700.0484: 0.11197695346669857
VOM19980316.0900.2774: 0.11104589167771084
VOM19980404.0700.1061: 0.10970052490126343
VOM19980225.0900.0714: 0.10800880264678166
VOM19980326.0700.0480: 0.10241885168712489
