VOM19980507.0700.0521: 0.20287697340191746
VOM19980511.0900.0004: 0.18151683911246722
VOM19980511.0730.0003: 0.17495596119005974
VOM19980511.0700.0039: 0.17495596119005974
VOM19980529.0900.0148: 0.16164177319681725
VOM19980529.0730.0148: 0.15241781917994446
VOM19980302.0900.1291: 0.15205371154969685
VOM19980529.0700.0334: 0.1448859639854918
VOM19980302.0700.3469: 0.1362779762481618
VOM19980327.0900.2123: 0.13154736729242306
VOM19980511.0730.0099: 0.13149551479938362
VOM19980301.0700.0168: 0.12579936890996674
VOM19980424.0900.0178: 0.1238931010994993
