VOM19980314.0700.1911: 0.23249892692189722
VOM19980314.0700.0239: 0.228225854896453
VOM19980316.0900.1667: 0.22451852694093588
VOM19980327.0900.2123: 0.21192058318970047
VOM19980319.0900.1922: 0.1875826541278068
VOM19980319.0900.0162: 0.18634487398994948
VOM19980305.0700.0354: 0.18137933012104784
VOM19980302.0700.1749: 0.17901617767117808
VOM19980311.0700.1883: 0.17335612405639783
VOM19980623.0700.0507: 0.17234024251249924
VOM19980623.0730.0101: 0.17234024251249924
VOM19980619.0700.0464: 0.17099706484770458
VOM19980303.0900.0203: 0.17035980144586552
