VOM19980603.0900.0074: 0.24412149027947125
VOM19980605.0730.0276: 0.17169986686798788
VOM19980603.0730.0280: 0.16970751870578996
VOM19980604.0900.0213: 0.15208000666184954
VOM19980606.0700.0354: 0.1512189795922565
VOM19980605.0700.0440: 0.14419306849774316
VOM19980604.0730.0250: 0.13438509196828122
VOM19980606.0730.0134: 0.10656888006307733
VOM19980509.0730.0100: 0.0784840360658286
VOM19980319.0700.1874: 0.0749787155457941
VOM19980224.0900.2258: 0.0694684046160564
VOM19980403.0700.2482: 0.06098953661043382
VOM19980314.0700.2522: 0.05900270034263573
