VOM19980220.0700.2814: 0.12156809232844072
VOM19980410.0900.0241: 0.1173348986344807
VOM19980301.0700.0393: 0.11610731269652733
VOM19980223.0700.1511: 0.11151559990939922
VOM19980224.0900.3022: 0.10940683340784862
VOM19980326.0900.2164: 0.10423196853750509
VOM19980326.0700.2359: 0.10423196853750509
VOM19980227.0900.3069: 0.09889658412834296
VOM19980620.0700.0552: 0.09790461098372387
VOM19980315.0700.2508: 0.0977627570885198
VOM19980220.0700.0707: 0.09486234446785008
VOM19980317.0900.2819: 0.0931293563548216
VOM19980515.0900.0007: 0.09079930211722587
