VOM19980325.0900.3341: 0.21233465724886424
VOM19980522.0700.0456: 0.1330061234254186
VOM19980607.0730.0033: 0.12031801866251539
VOM19980326.0700.1668: 0.11202498733991328
VOM19980522.0730.0286: 0.10453376287836447
VOM19980630.0900.0127: 0.09791588239933992
VOM19980312.0900.3445: 0.09207805692103398
VOM19980312.0900.1896: 0.09207805692103398
VOM19980306.0700.2852: 0.08863304979444213
VOM19980326.0900.3442: 0.08690251208548645
VOM19980312.0900.0990: 0.08614469653234105
VOM19980224.0700.2219: 0.08593485788553432
VOM19980607.0700.0121: 0.08564866928091433
