VOM19980603.0700.0103: 0.24298386424141846
VOM19980616.0730.0180: 0.19765768469394762
VOM19980616.0900.0100: 0.1968477990363256
VOM19980616.0730.0252: 0.18209423087548623
VOM19980616.0900.0077: 0.18209423087548623
VOM19980531.0700.0120: 0.1660845085165287
VOM19980319.0900.2169: 0.15870725537695354
VOM19980618.0900.0057: 0.1539123678061244
VOM19980317.0700.0723: 0.1491356577705157
VOM19980529.0730.0042: 0.14422104572471764
VOM19980529.0900.0046: 0.14422104572471764
VOM19980529.0700.0168: 0.13965531876270554
VOM19980224.0900.2345: 0.1376779443003472
