VOM19980602.0900.0127: 0.20043665018837448
VOM19980531.0700.0040: 0.19329159834141293
VOM19980220.0900.3537: 0.1730819795459765
VOM19980605.0900.0045: 0.1667932135836949
VOM19980602.0700.0166: 0.16514308488798787
VOM19980605.0730.0042: 0.16178658143821692
VOM19980628.0700.0527: 0.16115865121425252
VOM19980531.0730.0006: 0.15125880396929708
VOM19980315.0700.1828: 0.14833067403311526
VOM19980606.0730.0234: 0.13247807736931283
VOM19980605.0700.0040: 0.1319417684924408
VOM19980606.0700.0206: 0.1303877270861549
VOM19980507.0700.0355: 0.11985542838498124
