VOM19980605.0900.0045: 0.21241685383865055
VOM19980605.0730.0042: 0.20604073681434346
VOM19980531.0700.0040: 0.2040656758666937
VOM19980602.0900.0127: 0.1982473083956989
VOM19980531.0730.0006: 0.17785033592541305
VOM19980605.0700.0040: 0.17211823210297994
VOM19980602.0700.0166: 0.17124441521707043
VOM19980628.0700.0527: 0.17115779462682307
VOM19980220.0900.3537: 0.16564380857701974
VOM19980526.0730.0229: 0.16201047031088267
VOM19980315.0700.1828: 0.1613466291299185
VOM19980606.0730.0234: 0.15135507679103138
VOM19980606.0700.0206: 0.14896686936901748
