VOM19980311.0700.1487: 0.2249373364073067
VOM19980304.0700.1058: 0.20779606912118112
VOM19980630.0900.0230: 0.2074651616817745
VOM19980303.0900.2128: 0.20716178043341182
VOM19980319.0700.2737: 0.19349727126766372
VOM19980316.0700.0776: 0.1934782515850397
VOM19980303.0900.0396: 0.18481485418193386
VOM19980326.0700.1793: 0.161607995783338
VOM19980306.0700.0971: 0.1579734989959853
VOM19980316.0700.0944: 0.15179253793858044
VOM19980523.0700.0189: 0.15037666703619576
VOM19980305.0900.2093: 0.1471889568536653
VOM19980304.0700.1276: 0.14680874160855142
