VOM19980303.0700.0783: 0.13273400432311142
VOM19980326.0900.0118: 0.11999326410500201
VOM19980530.0700.0107: 0.1182042982300719
VOM19980305.0900.2166: 0.11734430508420188
VOM19980315.0700.2670: 0.11714009198299759
VOM19980530.0730.0037: 0.116294130208232
VOM19980305.0900.1046: 0.11489117794849567
VOM19980612.0700.0080: 0.11223464569511704
VOM19980224.0700.1530: 0.11223062345906779
VOM19980623.0900.0051: 0.10954202403304714
VOM19980303.0700.2491: 0.1094208139495514
VOM19980224.0700.2219: 0.10818046749838131
VOM19980302.0900.2091: 0.1055738873483969
