VOM19980603.0900.0074: 0.36961348684928524
VOM19980604.0900.0213: 0.2684858195412645
VOM19980603.0730.0280: 0.2612205207746191
VOM19980605.0730.0276: 0.2518443703866798
VOM19980604.0730.0250: 0.23940091329680366
VOM19980605.0700.0440: 0.23068203602038584
VOM19980606.0700.0354: 0.1985896034246221
VOM19980606.0730.0134: 0.15910078142317605
VOM19980223.0900.1854: 0.12891160444858374
VOM19980223.0900.0265: 0.12838149491475237
VOM19980509.0730.0100: 0.12066665511942519
VOM19980224.0900.2258: 0.12030918039211005
VOM19980223.0900.3466: 0.11535866625679644
