VOM19980511.0730.0133: 0.23873003074657942
VOM19980410.0900.0241: 0.23804761428476157
VOM19980511.0700.0080: 0.22649412708342592
VOM19980511.0730.0040: 0.22649412708342592
VOM19980220.0900.2583: 0.2189387441031574
VOM19980314.0700.2522: 0.21723058904326437
VOM19980222.0700.1016: 0.2075735113207763
VOM19980222.0700.0448: 0.20410446018002829
VOM19980618.0730.0234: 0.20405350181565024
VOM19980225.0900.0253: 0.20211302086361083
VOM19980225.0900.1953: 0.20026720118795746
VOM19980304.0700.0512: 0.20004001200400146
VOM19980317.0900.0330: 0.19959498361736527
