VOM19980302.0700.0373: 0.2718695339280606
VOM19980325.0900.3341: 0.2684724167775244
VOM19980502.0700.0438: 0.2647853616768619
VOM19980220.0700.0672: 0.26325807268576723
VOM19980224.0700.0481: 0.26296449721851356
VOM19980430.0900.0149: 0.25561566171859856
VOM19980603.0700.0457: 0.2543735095345843
VOM19980618.0700.0379: 0.2531404750828212
VOM19980506.0700.0104: 0.2504897164340596
VOM19980225.0900.2065: 0.24852506087385423
VOM19980302.0900.0166: 0.24420255616625702
VOM19980506.0900.0045: 0.24120300162633487
VOM19980624.0730.0117: 0.23877515503216273
