VOM19980507.0700.0521: 0.20793673369327434
VOM19980511.0900.0004: 0.18410515928741839
VOM19980511.0730.0003: 0.1797285163200436
VOM19980511.0700.0039: 0.1797285163200436
VOM19980529.0900.0148: 0.1630385471283705
VOM19980529.0730.0148: 0.15903790467465478
VOM19980529.0700.0334: 0.12800400174903326
VOM19980302.0900.1291: 0.11764604409540654
VOM19980301.0700.0168: 0.10271350103322258
VOM19980511.0730.0099: 0.09389038530191776
VOM19980225.0900.2118: 0.09301438070305386
VOM19980225.0900.0421: 0.09301438070305386
VOM19980302.0700.3469: 0.09141085471751845
