VOM19980303.0700.0783: 0.1251289959836581
VOM19980530.0700.0107: 0.11349204467670362
VOM19980530.0730.0037: 0.11327839137413317
VOM19980326.0900.0118: 0.1125166887851468
VOM19980305.0900.2166: 0.11082632609969119
VOM19980315.0700.2670: 0.11047721304495442
VOM19980305.0900.1046: 0.10864173072091592
VOM19980224.0700.1530: 0.1052506988435459
VOM19980303.0700.2491: 0.10401881089165138
VOM19980612.0700.0080: 0.10393393068226164
VOM19980224.0700.2219: 0.10322704031971833
VOM19980623.0900.0051: 0.10207117370491786
VOM19980302.0900.2091: 0.10066013773436172
