VOM19980314.0700.1261: 0.2352769573839712
VOM19980223.0700.1993: 0.21557090717589442
VOM19980314.0700.0818: 0.21442495517784552
VOM19980317.0700.0156: 0.20647930490882632
VOM19980317.0700.0723: 0.20439528171826563
VOM19980317.0700.0924: 0.20268674402391876
VOM19980403.0900.2349: 0.2025977647298642
VOM19980225.0900.1275: 0.19423238316602465
VOM19980302.0900.0871: 0.19264564183589633
VOM19980223.0900.2779: 0.1926164313619891
VOM19980326.0900.0433: 0.1897997412152956
VOM19980613.0700.0112: 0.18961060674746555
VOM19980319.0700.2536: 0.18954920524731866
