VOM19980306.0700.1305: 0.09320158096332866
VOM19980505.0700.0193: 0.08972398827626514
VOM19980314.0700.2522: 0.08906353543732416
VOM19980226.0900.0622: 0.08267548227096926
VOM19980319.0900.2169: 0.08261406802113808
VOM19980507.0700.0127: 0.08234931771745832
VOM19980223.0900.2288: 0.07794559248814595
VOM19980521.0700.0039: 0.07779812865529506
VOM19980515.0900.0007: 0.0770086869869226
VOM19980623.0700.0314: 0.07687193305731613
VOM19980223.0700.1993: 0.0765507778400502
VOM19980415.0900.0022: 0.07643981026162337
VOM19980222.0700.0448: 0.07485882384616789
