VOM19980603.0700.0103: 0.19228583010181935
VOM19980616.0730.0180: 0.1722389727732176
VOM19980616.0900.0100: 0.1716067307296998
VOM19980616.0730.0252: 0.14931803993941514
VOM19980616.0900.0077: 0.14931803993941514
VOM19980531.0700.0120: 0.13818269982789666
VOM19980317.0700.0723: 0.12275830754697649
VOM19980618.0900.0057: 0.12100855131273405
VOM19980529.0730.0042: 0.11465158720955684
VOM19980529.0900.0046: 0.11465158720955684
VOM19980224.0900.2345: 0.110861962279233
VOM19980319.0900.2169: 0.10524941214662699
VOM19980604.0700.0039: 0.10335470547772442
