VOM19980603.0900.0074: 0.3533164351302001
VOM19980604.0900.0213: 0.2479886592502141
VOM19980603.0730.0280: 0.24258674438093003
VOM19980605.0730.0276: 0.23302894401217544
VOM19980604.0730.0250: 0.22014142278042886
VOM19980605.0700.0440: 0.21226120528716705
VOM19980606.0700.0354: 0.18902092778684196
VOM19980606.0730.0134: 0.1446065929427251
VOM19980223.0900.1854: 0.10986639493509846
VOM19980223.0900.0265: 0.10936671159604587
VOM19980509.0730.0100: 0.10656310912035093
VOM19980224.0900.2258: 0.10253477471776529
VOM19980223.0900.3466: 0.09308571455452336
