VOM19980315.0700.1310: 0.17915569418723093
VOM19980226.0900.2900: 0.1618267132049014
VOM19980326.0900.0149: 0.15893975703863353
VOM19980325.0900.2040: 0.14063776231272015
VOM19980325.0900.0124: 0.13770439877164117
VOM19980624.0730.0254: 0.13650840645978274
VOM19980628.0700.0316: 0.13165736567898978
VOM19980220.0900.1332: 0.12355288202488499
VOM19980624.0700.0382: 0.12184925834907777
VOM19980606.0730.0134: 0.11945716138116172
VOM19980226.0900.3196: 0.117031359668477
VOM19980319.0700.0496: 0.11654609956989247
VOM19980506.0900.0257: 0.11551085132951597
