VOM19980602.0900.0127: 0.18899123532253018
VOM19980531.0700.0040: 0.17914325139615905
VOM19980220.0900.3537: 0.16015909598652378
VOM19980602.0700.0166: 0.15435410541465638
VOM19980605.0900.0045: 0.14932177685997208
VOM19980605.0730.0042: 0.14483958485716683
VOM19980628.0700.0527: 0.14405461694682664
VOM19980531.0730.0006: 0.13312199160371518
VOM19980315.0700.1828: 0.1327727456352771
VOM19980606.0730.0234: 0.11836711956292688
VOM19980605.0700.0040: 0.11732918143437679
VOM19980606.0700.0206: 0.1164994238142545
VOM19980507.0700.0355: 0.108971859693929
