VOM19980603.0900.0074: 0.2868293651318373
VOM19980605.0730.0276: 0.22191002335191665
VOM19980603.0730.0280: 0.21793568530761243
VOM19980604.0900.0213: 0.2044696757513454
VOM19980606.0700.0354: 0.20205926695243082
VOM19980605.0700.0440: 0.19449152521341706
VOM19980604.0730.0250: 0.1844818915023612
VOM19980606.0730.0134: 0.163660401698972
VOM19980509.0730.0100: 0.13140790928106985
VOM19980224.0900.2258: 0.12171548293200925
VOM19980502.0700.0438: 0.11034346846810682
VOM19980305.0700.0276: 0.10516160395800978
VOM19980319.0700.1874: 0.10497555386298198
