VOM19980410.0900.0241: 0.21732214719777312
VOM19980225.0900.0332: 0.20421871282803158
VOM19980305.0900.1736: 0.19281410879594515
VOM19980326.0900.2164: 0.1925188517272263
VOM19980326.0700.2359: 0.1925188517272263
VOM19980301.0700.0393: 0.1849968970806185
VOM19980526.0730.0229: 0.18444084864196308
VOM19980317.0900.2819: 0.1793878537123401
VOM19980302.0900.0402: 0.17744279014685366
VOM19980227.0900.3069: 0.1770627326593606
VOM19980223.0700.0664: 0.17601439465465735
VOM19980222.0700.2148: 0.17462871037597738
VOM19980404.0700.0406: 0.17284270433717025
