VOM19980602.0900.0127: 0.20043156454552066
VOM19980531.0700.0040: 0.19329138714458693
VOM19980220.0900.3537: 0.1730878647659887
VOM19980605.0900.0045: 0.16680539561042365
VOM19980602.0700.0166: 0.165144929175656
VOM19980605.0730.0042: 0.1618015874072046
VOM19980628.0700.0527: 0.1611584937580305
VOM19980531.0730.0006: 0.15126059607392855
VOM19980315.0700.1828: 0.14832605645516608
VOM19980606.0730.0234: 0.13248123709833268
VOM19980605.0700.0040: 0.13195532847808353
VOM19980606.0700.0206: 0.13039189531202805
VOM19980507.0700.0355: 0.11985799108412454
