VOM19980314.0700.1261: 0.235324335236403
VOM19980223.0700.1993: 0.21562397316395296
VOM19980314.0700.0818: 0.21448240901676577
VOM19980317.0700.0156: 0.2065220070417451
VOM19980317.0700.0723: 0.20444345202513484
VOM19980317.0700.0924: 0.20273785861032403
VOM19980403.0900.2349: 0.20264602428786105
VOM19980225.0900.1275: 0.19427389034643958
VOM19980302.0900.0871: 0.1926945978010091
VOM19980223.0900.2779: 0.19266398033300958
VOM19980326.0900.0433: 0.18984352335385327
VOM19980613.0700.0112: 0.1896536200133186
VOM19980319.0700.2536: 0.18959995651501704
