VOM19980602.0900.0127: 0.20152281978837208
VOM19980531.0700.0040: 0.19181931191476673
VOM19980220.0900.3537: 0.17248390928505306
VOM19980602.0700.0166: 0.16525142455976916
VOM19980605.0900.0045: 0.16381690849492261
VOM19980628.0700.0527: 0.16006793148019668
VOM19980605.0730.0042: 0.15861796440168688
VOM19980531.0730.0006: 0.1500555095467909
VOM19980315.0700.1828: 0.14717215842384157
VOM19980606.0730.0234: 0.1307533508798341
VOM19980605.0700.0040: 0.1286316679717822
VOM19980606.0700.0206: 0.12856506461756748
VOM19980604.0900.0159: 0.11906126976837321
