VOM19980314.0700.1911: 0.23252524163763344
VOM19980314.0700.0239: 0.22825066834902008
VOM19980316.0900.1667: 0.22456633846290883
VOM19980327.0900.2123: 0.2119616571812386
VOM19980319.0900.1922: 0.1876356409583147
VOM19980319.0900.0162: 0.18639646527017484
VOM19980305.0700.0354: 0.18141150597390432
VOM19980302.0700.1749: 0.17906746276390503
VOM19980311.0700.1883: 0.17340209449413338
VOM19980623.0700.0507: 0.17237071428703127
VOM19980623.0730.0101: 0.17237071428703127
VOM19980619.0700.0464: 0.1710469088208838
VOM19980303.0900.0203: 0.17038933462858627
