VOM19980325.0900.3341: 0.21231720602960663
VOM19980522.0700.0456: 0.1329862203933611
VOM19980607.0730.0033: 0.12030637144179848
VOM19980326.0700.1668: 0.11200653324713909
VOM19980522.0730.0286: 0.10451220724456389
VOM19980630.0900.0127: 0.09789619613056146
VOM19980312.0900.3445: 0.09206418655175375
VOM19980312.0900.1896: 0.09206418655175375
VOM19980306.0700.2852: 0.08861582215380658
VOM19980326.0900.3442: 0.08687847536993629
VOM19980312.0900.0990: 0.08612547257949765
VOM19980224.0700.2219: 0.0859194508525714
VOM19980607.0700.0121: 0.08563180566576697
