VOM19980311.0700.1487: 0.21330813901661289
VOM19980630.0900.0230: 0.20736401886201325
VOM19980303.0900.2128: 0.19557983551538496
VOM19980316.0700.0776: 0.17425389888120493
VOM19980303.0900.0396: 0.16851744722875941
VOM19980304.0700.1058: 0.1671424280827925
VOM19980319.0700.2737: 0.16065044038570636
VOM19980621.0700.0565: 0.13771269800521313
VOM19980304.0700.1276: 0.12835967898935968
VOM19980305.0900.2093: 0.1261288930670312
VOM19980316.0700.0702: 0.1247207164954686
VOM19980225.0700.0585: 0.12454196230701692
VOM19980306.0700.0971: 0.1216789854922858
