VOM19980314.0700.1911: 0.21362331545758897
VOM19980314.0700.0239: 0.21009906709079434
VOM19980316.0900.1667: 0.20164077772156122
VOM19980327.0900.2123: 0.19180424687290606
VOM19980319.0900.1922: 0.16197028345699258
VOM19980319.0900.0162: 0.16095063485059818
VOM19980311.0700.1883: 0.1577038159438847
VOM19980302.0700.1749: 0.1575774612119998
VOM19980305.0700.0354: 0.15539594856546654
VOM19980623.0700.0507: 0.15438728593005446
VOM19980623.0730.0101: 0.15438728593005446
VOM19980316.0900.1861: 0.15328664510998094
VOM19980304.0700.0347: 0.14786572566466505
