VOM19980306.0700.1305: 0.0980459859643301
VOM19980314.0700.2522: 0.09452170960158114
VOM19980505.0700.0193: 0.09296637243586284
VOM19980319.0900.2169: 0.08800476919288039
VOM19980226.0900.0622: 0.08734544319503039
VOM19980507.0700.0127: 0.0872707781055642
VOM19980521.0700.0039: 0.08367008448929447
VOM19980223.0900.2288: 0.0824086227940767
VOM19980515.0900.0007: 0.08217758437488425
VOM19980415.0900.0022: 0.08178003506761386
VOM19980223.0700.1993: 0.08100156130173033
VOM19980623.0700.0314: 0.08055070430576579
VOM19980222.0700.0448: 0.08035513273379051
