VOM19980314.0700.1261: 0.1728993678776549
VOM19980223.0700.1993: 0.14522677801205364
VOM19980403.0900.2349: 0.14434085135879318
VOM19980224.0700.2219: 0.1368121044504605
VOM19980314.0700.0818: 0.13518829279853303
VOM19980303.0700.2491: 0.13267356448335071
VOM19980317.0900.0757: 0.1306710289579687
VOM19980317.0700.0924: 0.13007908639721513
VOM19980220.0900.2138: 0.12997319113562397
VOM19980225.0900.1029: 0.1254557225611769
VOM19980316.0900.2774: 0.1251224447702317
VOM19980317.0700.0723: 0.1251189111477503
VOM19980225.0900.1275: 0.12487244800296415
