VOM19980508.0700.0362: 0.21962850464623404
VOM19980510.0730.0001: 0.2105585415587894
VOM19980507.0700.0242: 0.20757096319409596
VOM19980508.0730.0003: 0.20599447669460336
VOM19980508.0900.0007: 0.20499694744393085
VOM19980507.0730.0066: 0.2038281460204306
VOM19980506.0700.0042: 0.20277822137892382
VOM19980509.0730.0027: 0.20244404303669908
VOM19980506.0900.0006: 0.20180854626560313
VOM19980507.0900.0040: 0.19793882073588825
VOM19980510.0700.0040: 0.1977481016387945
VOM19980509.0700.0089: 0.19672593498691993
VOM19980527.0700.0388: 0.1868640354626046
