VOM19980311.0700.1487: 0.19711254037992829
VOM19980304.0700.1058: 0.17318294636475073
VOM19980303.0900.2128: 0.1715541577213298
VOM19980630.0900.0230: 0.1623061212541444
VOM19980316.0700.0776: 0.15185236797829582
VOM19980303.0900.0396: 0.149920538898861
VOM19980319.0700.2737: 0.14981598548224354
VOM19980621.0700.0565: 0.1275073159994502
VOM19980306.0700.0971: 0.12548649941672185
VOM19980326.0700.1793: 0.12094106699552926
VOM19980316.0700.0944: 0.12041805436367893
VOM19980523.0700.0189: 0.11839117011874507
VOM19980305.0900.2093: 0.10830552320156525
