VOM19980603.0700.0103: 0.19572661729556598
VOM19980616.0730.0180: 0.17496410254924122
VOM19980616.0900.0100: 0.1742940052694812
VOM19980616.0730.0252: 0.15219667961561484
VOM19980616.0900.0077: 0.15219667961561484
VOM19980531.0700.0120: 0.14124512584293958
VOM19980317.0700.0723: 0.1252834294102567
VOM19980618.0900.0057: 0.12413164913330557
VOM19980529.0730.0042: 0.11692480860027323
VOM19980529.0900.0046: 0.11692480860027323
VOM19980224.0900.2345: 0.11326673103589606
VOM19980319.0900.2169: 0.10874415796592861
VOM19980604.0700.0039: 0.10604639652473785
