VOM19980603.0700.0103: 0.24302319695718225
VOM19980616.0730.0180: 0.1976915073481733
VOM19980616.0900.0100: 0.1968809672427814
VOM19980616.0730.0252: 0.1821250094996073
VOM19980616.0900.0077: 0.1821250094996073
VOM19980531.0700.0120: 0.16611549285833083
VOM19980319.0900.2169: 0.15875366248839048
VOM19980618.0900.0057: 0.1539439784607353
VOM19980317.0700.0723: 0.14916664047786724
VOM19980529.0730.0042: 0.14424336931375825
VOM19980529.0900.0046: 0.14424336931375825
VOM19980529.0700.0168: 0.1396940338519605
VOM19980224.0900.2345: 0.13771042364612776
