VOM19980315.0700.1310: 0.17901465235793101
VOM19980226.0900.2900: 0.16181472506364258
VOM19980326.0900.0149: 0.158991303837652
VOM19980325.0900.2040: 0.1411092630980832
VOM19980325.0900.0124: 0.1381366929631815
VOM19980624.0730.0254: 0.1369539189432238
VOM19980628.0700.0316: 0.13208193219396797
VOM19980220.0900.1332: 0.12375495071495686
VOM19980624.0700.0382: 0.12215058806555286
VOM19980606.0730.0134: 0.11971834728709109
VOM19980319.0700.0496: 0.11722368519143996
VOM19980226.0900.3196: 0.11706647109721208
VOM19980506.0900.0257: 0.11636285888038286
