VOM19980315.0700.1310: 0.18204654339084314
VOM19980226.0900.2900: 0.1648462923572952
VOM19980326.0900.0149: 0.16225749650995794
VOM19980325.0900.2040: 0.14352171017043505
VOM19980325.0900.0124: 0.14071795003669246
VOM19980624.0730.0254: 0.13998340612365892
VOM19980628.0700.0316: 0.13469589373117452
VOM19980220.0900.1332: 0.12618814146245105
VOM19980624.0700.0382: 0.12546037111211625
VOM19980606.0730.0134: 0.12354874415123056
VOM19980226.0900.3196: 0.12078513501363347
VOM19980319.0700.0496: 0.11963252198259038
VOM19980506.0900.0257: 0.11897104753826175
