VOM19980306.0700.1305: 0.08950869476654218
VOM19980505.0700.0193: 0.08733690778441949
VOM19980314.0700.2522: 0.08534971759961638
VOM19980226.0900.0622: 0.07978449296271678
VOM19980319.0900.2169: 0.07881244080489003
VOM19980507.0700.0127: 0.0780515695231012
VOM19980223.0900.2288: 0.07514605357209718
VOM19980623.0700.0314: 0.07411597560430126
VOM19980223.0700.1993: 0.07367343294044319
VOM19980415.0900.0022: 0.073278988233655
VOM19980515.0900.0007: 0.07315497312995552
VOM19980521.0700.0039: 0.07306896925951017
VOM19980306.0700.1383: 0.07189580283771159
