VOM19980314.0700.1261: 0.1977771586158702
VOM19980223.0700.1993: 0.19458525699411441
VOM19980224.0700.2219: 0.1911526382160742
VOM19980314.0700.0818: 0.18667665045078133
VOM19980303.0700.2491: 0.18066252138042221
VOM19980317.0900.0757: 0.17565523271932038
VOM19980403.0900.2349: 0.17420044059117312
VOM19980302.0900.2091: 0.17339196090187764
VOM19980317.0700.0924: 0.1719087175950698
VOM19980225.0700.2209: 0.17183997655488847
VOM19980403.0700.0727: 0.17051562504779771
VOM19980319.0700.1102: 0.16768625176650057
VOM19980306.0700.1916: 0.16746913365349253
