VOM19980314.0700.1261: 0.1794756469996317
VOM19980223.0700.1993: 0.1515662468547925
VOM19980403.0900.2349: 0.1507125176391637
VOM19980314.0700.0818: 0.14228480363836782
VOM19980224.0700.2219: 0.1412817094428832
VOM19980303.0700.2491: 0.13739448554575662
VOM19980317.0700.0924: 0.1369053807745998
VOM19980317.0900.0757: 0.13543001166606158
VOM19980220.0900.2138: 0.13526450823401875
VOM19980317.0700.0723: 0.13351484310378472
VOM19980225.0900.1275: 0.13258221033151715
VOM19980223.0900.2779: 0.13154091358340197
VOM19980225.0900.1029: 0.13114163217236172
