VOM19980507.0700.0521: 0.2221500835561216
VOM19980511.0900.0004: 0.19803456563204763
VOM19980511.0730.0003: 0.19340804143305562
VOM19980511.0700.0039: 0.19340804143305562
VOM19980529.0900.0148: 0.17209230389808217
VOM19980529.0730.0148: 0.1669725469899075
VOM19980529.0700.0334: 0.1393062804839999
VOM19980302.0900.1291: 0.1293926488181719
VOM19980301.0700.0168: 0.11634074864375749
VOM19980225.0900.2118: 0.11431046385073824
VOM19980225.0900.0421: 0.11431046385073824
VOM19980424.0900.0178: 0.11098280845779392
VOM19980511.0730.0099: 0.11044479406072208
