VOM19980602.0900.0127: 0.20014114518035891
VOM19980531.0700.0040: 0.19146338271121194
VOM19980220.0900.3537: 0.17084476025834502
VOM19980602.0700.0166: 0.16420204687800885
VOM19980605.0900.0045: 0.16406539315142227
VOM19980628.0700.0527: 0.1591662485072009
VOM19980605.0730.0042: 0.15885856307224624
VOM19980531.0730.0006: 0.14904665517202942
VOM19980315.0700.1828: 0.1469004161232199
VOM19980606.0730.0234: 0.130034551923995
VOM19980605.0700.0040: 0.129033898269833
VOM19980606.0700.0206: 0.12785829547105876
VOM19980604.0900.0159: 0.1179922587710205
