VOM19980515.0900.0007: 0.10541827255101872
VOM19980226.0900.1367: 0.10084631375053296
VOM19980527.0700.0042: 0.09452021369885327
VOM19980515.0730.0053: 0.09392403603442306
VOM19980224.0700.2219: 0.093258438499336
VOM19980223.0700.1993: 0.0899793730734412
VOM19980223.0900.2288: 0.08659543278660217
VOM19980302.0700.1233: 0.0863604123735368
VOM19980515.0700.0102: 0.08542715451962432
VOM19980403.0700.2289: 0.08059783654071988
VOM19980305.0900.2166: 0.0798457757747891
VOM19980225.0700.2209: 0.0786194168400501
VOM19980403.0700.1724: 0.07790902578060384
