VOM19980314.0700.2522: 0.12389374505809811
VOM19980220.0900.2583: 0.11764567206321758
VOM19980226.0900.0622: 0.11735880038182367
VOM19980511.0730.0133: 0.11720595926868066
VOM19980223.0700.1993: 0.11263763387381406
VOM19980222.0700.0448: 0.11164454286813319
VOM19980222.0700.1016: 0.10863441355851505
VOM19980618.0730.0234: 0.10568747790298502
VOM19980223.0900.2973: 0.10560392651146057
VOM19980223.0900.2288: 0.10559896285381139
VOM19980507.0700.0127: 0.10558787949721246
VOM19980226.0900.2027: 0.10530456618689366
VOM19980315.0700.3008: 0.10483771600362597
