VOM19980301.0700.0393: 0.10428255826412684
VOM19980220.0700.2814: 0.09855407786485275
VOM19980224.0900.3022: 0.08852865261076347
VOM19980620.0700.0552: 0.08844019620284123
VOM19980410.0900.0241: 0.08264678470986751
VOM19980223.0700.1511: 0.07813538011321385
VOM19980613.0700.0555: 0.07632183039429616
VOM19980627.0700.0572: 0.07541573955492822
VOM19980220.0700.0707: 0.07153116888939577
VOM19980315.0700.2508: 0.06863187978430939
VOM19980515.0900.0007: 0.06744637860006333
VOM19980607.0700.0385: 0.06604830791354617
VOM19980607.0730.0163: 0.06604830791354617
