VOM19980507.0700.0521: 0.22204446853874107
VOM19980511.0900.0004: 0.1980374128851983
VOM19980511.0730.0003: 0.19337422719345035
VOM19980511.0700.0039: 0.19337422719345035
VOM19980529.0900.0148: 0.17148176968972967
VOM19980529.0730.0148: 0.16620056758811372
VOM19980529.0700.0334: 0.13876503458252856
VOM19980302.0900.1291: 0.12922491981141068
VOM19980301.0700.0168: 0.116505207863348
VOM19980225.0900.2118: 0.11555226069664813
VOM19980225.0900.0421: 0.11555226069664813
VOM19980424.0900.0178: 0.11213765432106021
VOM19980511.0730.0099: 0.11103015474995315
