VOM19980314.0700.1911: 0.19837516589821733
VOM19980314.0700.0239: 0.1967199825619593
VOM19980327.0900.2123: 0.1605682058498764
VOM19980316.0900.1667: 0.15762476330342307
VOM19980316.0900.1861: 0.146552765001376
VOM19980228.0700.0448: 0.13379249834892457
VOM19980311.0700.1883: 0.13358072068476187
VOM19980303.0900.1926: 0.12855679106738543
VOM19980302.0700.3423: 0.1272179228149251
VOM19980303.0900.3358: 0.12599793711823684
VOM19980302.0700.2096: 0.12093213283392516
VOM19980623.0700.0507: 0.1208949597057865
VOM19980623.0730.0101: 0.1208949597057865
