VOM19980527.0700.0042: 0.15895032481994
VOM19980515.0900.0007: 0.15616305219104118
VOM19980226.0900.1367: 0.14554578466425722
VOM19980527.0730.0003: 0.14431951900591475
VOM19980515.0730.0053: 0.14202755944639556
VOM19980524.0730.0061: 0.14056379167506175
VOM19980524.0700.0265: 0.14056379167506175
VOM19980515.0700.0102: 0.1371902951655349
VOM19980527.0900.0008: 0.13642790741788435
VOM19980302.0700.1233: 0.13127156749511124
VOM19980403.0700.2289: 0.12864280035288017
VOM19980305.0900.2166: 0.12747330004083673
VOM19980223.0900.2288: 0.12515112378283863
