VOM19980603.0900.0074: 0.3062971771483838
VOM19980604.0900.0213: 0.26782123483049347
VOM19980605.0730.0276: 0.2664847826496673
VOM19980603.0730.0280: 0.260503869759447
VOM19980604.0730.0250: 0.23997324639257667
VOM19980606.0700.0354: 0.23481173410453982
VOM19980605.0700.0440: 0.22884522145640798
VOM19980606.0730.0134: 0.19966436320031614
VOM19980509.0730.0100: 0.16377825762220566
VOM19980502.0700.0438: 0.1457629697928302
VOM19980224.0900.2258: 0.13969383622297435
VOM19980628.0700.0527: 0.13568976473724617
VOM19980605.0900.0045: 0.1301325265921377
