VOM19980603.0700.0103: 0.32042752190073187
VOM19980616.0730.0180: 0.2655624521237171
VOM19980616.0900.0100: 0.2631806779839076
VOM19980319.0900.2169: 0.255279860355828
VOM19980616.0730.0252: 0.24123762618319158
VOM19980616.0900.0077: 0.24123762618319158
VOM19980627.0730.0153: 0.2369352361686759
VOM19980627.0700.0205: 0.23395480008935168
VOM19980531.0700.0120: 0.23108408032649083
VOM19980530.0700.0037: 0.2285265222535616
VOM19980529.0700.0168: 0.2249648519876011
VOM19980529.0730.0003: 0.218856889818253
VOM19980529.0900.0008: 0.218856889818253
