VOM19980314.0700.1261: 0.17550630677008408
VOM19980223.0700.1993: 0.14742472255209751
VOM19980403.0900.2349: 0.14683677113515883
VOM19980224.0700.2219: 0.13835817891896388
VOM19980314.0700.0818: 0.13767340114019078
VOM19980303.0700.2491: 0.13434751262713637
VOM19980317.0700.0924: 0.13254045418315366
VOM19980317.0900.0757: 0.13241102075091146
VOM19980220.0900.2138: 0.1321944774103836
VOM19980317.0700.0723: 0.1286135883368941
VOM19980225.0900.1275: 0.12828868915765076
VOM19980225.0900.1029: 0.1277115076999328
VOM19980316.0900.2774: 0.12741781337872857
