VOM19980325.0900.3341: 0.21231357226197498
VOM19980522.0700.0456: 0.13299269454811366
VOM19980607.0730.0033: 0.12029844540562931
VOM19980326.0700.1668: 0.11200509660343205
VOM19980522.0730.0286: 0.10450199663168877
VOM19980630.0900.0127: 0.0978926398527254
VOM19980312.0900.3445: 0.09205911040818313
VOM19980312.0900.1896: 0.09205911040818313
VOM19980306.0700.2852: 0.08862112020038976
VOM19980326.0900.3442: 0.08688458917705687
VOM19980312.0900.0990: 0.08612760741362845
VOM19980224.0700.2219: 0.0859236242079003
VOM19980607.0700.0121: 0.08563190158916481
