VOM19980314.0700.1261: 0.17270496368911517
VOM19980223.0700.1993: 0.14602839287352298
VOM19980403.0900.2349: 0.14435337649569455
VOM19980224.0700.2219: 0.1379035144978901
VOM19980314.0700.0818: 0.1358895751410775
VOM19980303.0700.2491: 0.13351623312472397
VOM19980317.0900.0757: 0.131420553158017
VOM19980317.0700.0924: 0.1305463966497576
VOM19980220.0900.2138: 0.1298869324076183
VOM19980225.0900.1029: 0.1254939546829761
VOM19980316.0900.2774: 0.12506079925283967
VOM19980223.0900.2779: 0.1246935985924174
VOM19980317.0700.0723: 0.12464478027520315
