VOM19980311.0700.1487: 0.2172598772260697
VOM19980630.0900.0230: 0.21042380662456284
VOM19980303.0900.2128: 0.19991085289276042
VOM19980316.0700.0776: 0.177187969941893
VOM19980303.0900.0396: 0.17294016004553436
VOM19980304.0700.1058: 0.17130040188155307
VOM19980319.0700.2737: 0.16323841577297243
VOM19980621.0700.0565: 0.14230107878762266
VOM19980305.0900.2093: 0.13120385526312048
VOM19980304.0700.1276: 0.13079650687022507
VOM19980225.0700.0585: 0.12956277361911375
VOM19980316.0700.0702: 0.12886859104819717
VOM19980306.0700.0971: 0.1259608797325564
