VOM19980508.0700.0362: 0.20048557177093532
VOM19980508.0730.0003: 0.1891329469250446
VOM19980508.0900.0007: 0.18719944124011914
VOM19980506.0700.0042: 0.18622002838905105
VOM19980507.0700.0242: 0.1851788893756124
VOM19980510.0730.0001: 0.1834700600604386
VOM19980506.0900.0006: 0.18344398628461714
VOM19980509.0730.0027: 0.17882695406788596
VOM19980510.0700.0040: 0.17642129984904037
VOM19980507.0730.0066: 0.17622982913851884
VOM19980509.0700.0089: 0.1735243962866427
VOM19980507.0900.0040: 0.17113917476436297
VOM19980327.0900.0221: 0.16804515220448435
