VOM19980510.0730.0001: 0.2387237870235323
VOM19980507.0730.0066: 0.2377523402609896
VOM19980508.0700.0362: 0.23551672049207176
VOM19980509.0730.0027: 0.2353971134821916
VOM19980506.0900.0006: 0.23527731498294974
VOM19980506.0700.0042: 0.23237294079588022
VOM19980507.0900.0040: 0.2318673911241184
VOM19980508.0900.0007: 0.22920574123299106
VOM19980605.0900.0236: 0.22832431865859154
VOM19980508.0730.0003: 0.2280333935070894
VOM19980509.0700.0089: 0.22800244128052877
VOM19980507.0700.0242: 0.2269602941499336
VOM19980527.0700.0388: 0.21825718139169406
