VOM19980624.0730.0117: 0.16531948418464779
VOM19980603.0700.0457: 0.1575615172281605
VOM19980326.0900.3298: 0.15487200199208637
VOM19980613.0700.0546: 0.14721321333406032
VOM19980603.0730.0240: 0.14629616955748956
VOM19980225.0900.2065: 0.14194964261657758
VOM19980526.0730.0229: 0.1401339993198531
VOM19980220.0700.0672: 0.1395949628229307
VOM19980304.0700.0408: 0.13767565265845566
VOM19980524.0700.0492: 0.1375515982062082
VOM19980302.0700.0373: 0.13738050615764877
VOM19980224.0700.0481: 0.13383437756246827
VOM19980502.0700.0438: 0.13341788022971063
