VOM19980225.0900.1919: 0.17921957109251105
VOM19980225.0900.0216: 0.17731826729386663
VOM19980526.0900.0124: 0.170334445689214
VOM19980526.0730.0065: 0.16356070715641893
VOM19980623.0700.0472: 0.1622352781629443
VOM19980222.0700.0448: 0.15669172043225707
VOM19980319.0900.0364: 0.151784526284861
VOM19980326.0700.0480: 0.14913474106094463
VOM19980302.0700.0484: 0.14659777472050373
VOM19980404.0700.1061: 0.14651513083174114
VOM19980616.0730.0180: 0.1462982994450697
VOM19980316.0700.0219: 0.14620146509525928
VOM19980616.0900.0100: 0.14569847277248524
