VOM19980602.0900.0127: 0.2010931849302373
VOM19980531.0700.0040: 0.1939376223690876
VOM19980220.0900.3537: 0.17288942207802124
VOM19980605.0900.0045: 0.16776131471174974
VOM19980602.0700.0166: 0.1654433175472921
VOM19980605.0730.0042: 0.16252938174251236
VOM19980628.0700.0527: 0.1621759582407198
VOM19980531.0730.0006: 0.1525474328020071
VOM19980315.0700.1828: 0.1495514516000993
VOM19980606.0730.0234: 0.13284771179065397
VOM19980605.0700.0040: 0.13235333368565128
VOM19980606.0700.0206: 0.1306656173893629
VOM19980604.0900.0159: 0.1198685322994178
