VOM19980222.0700.0448: 0.13774626155593173
VOM19980316.0900.2774: 0.1354193832960056
VOM19980225.0900.0714: 0.1340911452136595
VOM19980221.0700.2690: 0.13225451823403211
VOM19980225.0900.0216: 0.13079832496964075
VOM19980225.0900.1919: 0.13079832496964075
VOM19980220.0700.2208: 0.13033030364743367
VOM19980221.0700.2087: 0.13032772424279424
VOM19980325.0900.0905: 0.12909133467327183
VOM19980302.0700.0484: 0.1288773807907384
VOM19980326.0900.2164: 0.12754263274468883
VOM19980326.0700.2359: 0.12754263274468883
VOM19980403.0900.0619: 0.1264198180175774
