VOM19980515.0900.0007: 0.1444099439590855
VOM19980527.0700.0042: 0.1438057770349386
VOM19980226.0900.1367: 0.13343911897408697
VOM19980515.0730.0053: 0.13119515704754653
VOM19980527.0730.0003: 0.12910228023929882
VOM19980515.0700.0102: 0.12511754290148375
VOM19980524.0730.0061: 0.12507583905242403
VOM19980524.0700.0265: 0.12507583905242403
VOM19980527.0900.0008: 0.12136939392076465
VOM19980302.0700.1233: 0.11921606995854972
VOM19980403.0700.2289: 0.11634433367332807
VOM19980305.0900.2166: 0.1154734268223898
VOM19980223.0900.2288: 0.11489448746560178
