VOM19980315.0700.1310: 0.2710786390627123
VOM19980226.0900.2900: 0.25435278748579154
VOM19980326.0900.0149: 0.24569214109141893
VOM19980606.0730.0134: 0.22989052461176915
VOM19980628.0700.0316: 0.22076637542634764
VOM19980226.0900.3196: 0.22056085937569095
VOM19980508.0700.0452: 0.21919864974047634
VOM19980624.0730.0254: 0.2177684193360495
VOM19980508.0730.0240: 0.21629522817435
VOM19980325.0900.2040: 0.2112500740992097
VOM19980312.0900.2127: 0.21040932949551605
VOM19980508.0900.0211: 0.2100653726679565
VOM19980326.0900.3077: 0.20987654320987645
