VOM19980315.0700.1310: 0.1791420987301257
VOM19980226.0900.2900: 0.16181722865120107
VOM19980326.0900.0149: 0.15892952722278214
VOM19980325.0900.2040: 0.14063001399500502
VOM19980325.0900.0124: 0.13769726261989368
VOM19980624.0730.0254: 0.13650035350854783
VOM19980628.0700.0316: 0.131644357231553
VOM19980220.0900.1332: 0.12354670202756558
VOM19980624.0700.0382: 0.12184032484305148
VOM19980606.0730.0134: 0.11944362585803818
VOM19980226.0900.3196: 0.11702317282358245
VOM19980319.0700.0496: 0.1165387075537537
VOM19980506.0900.0257: 0.1155060056067521
