VOM19980314.0700.1261: 0.17367771224583492
VOM19980223.0700.1993: 0.14645780476783227
VOM19980403.0900.2349: 0.14497454516635933
VOM19980224.0700.2219: 0.13762781794981283
VOM19980314.0700.0818: 0.1365341467086467
VOM19980303.0700.2491: 0.13340316776710026
VOM19980317.0900.0757: 0.13124372015440816
VOM19980317.0700.0924: 0.13118248136773333
VOM19980220.0900.2138: 0.1300689885326974
VOM19980225.0900.1029: 0.12578698436199223
VOM19980317.0700.0723: 0.12578115240190457
VOM19980316.0900.2774: 0.12532020544334563
VOM19980223.0900.2779: 0.1252300210101038
