VOM19980326.0900.3298: 0.1432666767253377
VOM19980624.0730.0117: 0.13939281042349086
VOM19980603.0700.0457: 0.11032403155966884
VOM19980603.0730.0240: 0.10260492035775565
VOM19980526.0730.0229: 0.10152765084478285
VOM19980403.0700.3400: 0.1000897718863929
VOM19980327.0900.2035: 0.09648925571495018
VOM19980220.0700.0672: 0.09019026507976874
VOM19980223.0700.0800: 0.09017529727595883
VOM19980613.0700.0546: 0.08954408191245254
VOM19980527.0700.0466: 0.08815613105343813
VOM19980225.0900.2065: 0.08707836428858741
VOM19980302.0700.0373: 0.08656094130680181
