VOM19980603.0700.0103: 0.20203018235200138
VOM19980616.0730.0180: 0.17592856113363856
VOM19980616.0900.0100: 0.17435069463176306
VOM19980616.0730.0252: 0.15423061912775748
VOM19980616.0900.0077: 0.15423061912775748
VOM19980319.0900.2169: 0.14239764366226682
VOM19980531.0700.0120: 0.13873355465089982
VOM19980317.0700.0723: 0.1341602653878602
VOM19980224.0900.2345: 0.1322817536580624
VOM19980530.0700.0037: 0.13012136762179324
VOM19980618.0900.0057: 0.12621108070432865
VOM19980529.0700.0168: 0.12449562718127788
VOM19980225.0900.1275: 0.11887938917510033
