VOM19980314.0700.1911: 0.22243316432328983
VOM19980314.0700.0239: 0.21859467946947275
VOM19980316.0900.1667: 0.21146776039675322
VOM19980327.0900.2123: 0.20052913856032356
VOM19980319.0900.1922: 0.1731938216165541
VOM19980319.0900.0162: 0.1720831838406615
VOM19980305.0700.0354: 0.16736672605202582
VOM19980302.0700.1749: 0.16663620848234742
VOM19980311.0700.1883: 0.16426571142489793
VOM19980623.0700.0507: 0.16248315425808352
VOM19980623.0730.0101: 0.16248315425808352
VOM19980316.0900.1861: 0.1608866470108141
VOM19980303.0900.0203: 0.15787336929554718
