VOM19980222.0700.0448: 0.14899388756361706
VOM19980225.0900.0216: 0.14671514900366278
VOM19980225.0900.1919: 0.14671514900366278
VOM19980316.0900.2774: 0.14665501342101683
VOM19980225.0900.0714: 0.1459573632646089
VOM19980221.0700.2690: 0.14231451496386055
VOM19980302.0700.0484: 0.14117850089060038
VOM19980221.0700.2087: 0.14078711347967832
VOM19980325.0900.0905: 0.13974605308309693
VOM19980220.0700.2208: 0.13847972614898232
VOM19980326.0900.2164: 0.1370324692496477
VOM19980326.0700.2359: 0.1370324692496477
VOM19980403.0900.0619: 0.13633223304014458
