VOM19980527.0700.0042: 0.15899918593945764
VOM19980515.0900.0007: 0.1562031193618144
VOM19980226.0900.1367: 0.14559420751795418
VOM19980527.0730.0003: 0.1443655558208581
VOM19980515.0730.0053: 0.14206349453355938
VOM19980524.0730.0061: 0.14060574921836458
VOM19980524.0700.0265: 0.14060574921836458
VOM19980515.0700.0102: 0.13722858168875765
VOM19980527.0900.0008: 0.13647172313743275
VOM19980302.0700.1233: 0.13131580323094957
VOM19980403.0700.2289: 0.1286817149730527
VOM19980305.0900.2166: 0.12751213416230886
VOM19980223.0900.2288: 0.12518766769411904
