VOM19980527.0700.0042: 0.1866748362137348
VOM19980527.0730.0003: 0.18207692042861412
VOM19980527.0900.0008: 0.1728528576755229
VOM19980524.0730.0061: 0.16544266979281494
VOM19980524.0700.0265: 0.16544266979281494
VOM19980515.0900.0007: 0.1596972222546514
VOM19980421.0900.0146: 0.1482724602784159
VOM19980501.0700.0297: 0.14682997935267966
VOM19980515.0730.0053: 0.14472135956123103
VOM19980620.0700.0143: 0.13821834358265583
VOM19980624.0900.0112: 0.13780898716146311
VOM19980316.0900.1960: 0.1366223065275854
VOM19980317.0700.0156: 0.13519727004178117
