VOM19980314.0700.1911: 0.21261203884370433
VOM19980314.0700.0239: 0.2106258792882851
VOM19980327.0900.2123: 0.17173914717759872
VOM19980316.0900.1667: 0.170419442999605
VOM19980316.0900.1861: 0.1573974675408171
VOM19980303.0900.1926: 0.14278067628277968
VOM19980311.0700.1883: 0.14248842411535378
VOM19980228.0700.0448: 0.14208964758960824
VOM19980302.0700.3423: 0.14080111642318277
VOM19980303.0900.3358: 0.13996033655033419
VOM19980302.0700.2096: 0.13505226477615873
VOM19980623.0700.0507: 0.1341008120462886
VOM19980623.0730.0101: 0.1341008120462886
