VOM19980531.0700.0040: 0.18894404057933697
VOM19980605.0730.0042: 0.1883235153878166
VOM19980605.0900.0045: 0.1883235153878166
VOM19980602.0900.0127: 0.18012658591868733
VOM19980220.0900.3537: 0.17469401678503474
VOM19980605.0700.0040: 0.16083657195375214
VOM19980602.0700.0166: 0.16065016488147668
VOM19980628.0700.0527: 0.15338323237871032
VOM19980531.0730.0006: 0.15137253551702323
VOM19980606.0730.0234: 0.1408752346484749
VOM19980606.0700.0206: 0.1408752346484749
VOM19980315.0700.1828: 0.13834518791214417
VOM19980526.0730.0229: 0.13645604235029204
