VOM19980508.0700.0362: 0.2020735493469659
VOM19980508.0730.0003: 0.18895816840841256
VOM19980506.0700.0042: 0.18658559856663962
VOM19980507.0700.0242: 0.18639792164781308
VOM19980508.0900.0007: 0.18618043414893193
VOM19980510.0730.0001: 0.18203647924765462
VOM19980506.0900.0006: 0.18098439455740736
VOM19980510.0700.0040: 0.1780663780267066
VOM19980509.0730.0027: 0.1763251798831648
VOM19980507.0730.0066: 0.17462484507551346
VOM19980509.0700.0089: 0.17201111531489324
VOM19980507.0900.0040: 0.17030245510376676
VOM19980327.0900.0221: 0.16475913998040678
