VOM19980508.0700.0362: 0.21680300676704164
VOM19980510.0730.0001: 0.20726006144895892
VOM19980507.0700.0242: 0.2040832969285226
VOM19980508.0730.0003: 0.20378278120703505
VOM19980508.0900.0007: 0.20272316499974763
VOM19980506.0700.0042: 0.20165704973551032
VOM19980507.0730.0066: 0.20138797874875497
VOM19980506.0900.0006: 0.20013864522857594
VOM19980509.0730.0027: 0.1997889595061337
VOM19980507.0900.0040: 0.19561308220631768
VOM19980510.0700.0040: 0.1940163879338743
VOM19980509.0700.0089: 0.19397149796551372
VOM19980527.0700.0388: 0.18390819962228594
