VOM19980314.0700.2522: 0.08666610984836819
VOM19980223.0700.1993: 0.08361589555820385
VOM19980226.0900.0622: 0.08258598933000694
VOM19980224.0700.2219: 0.08201748353874018
VOM19980220.0900.2583: 0.07835996146898923
VOM19980222.0700.0448: 0.0752244509944982
VOM19980223.0900.2288: 0.0736552793205615
VOM19980223.0900.2973: 0.07270046071153452
VOM19980226.0900.2027: 0.07234010681790472
VOM19980225.0900.1428: 0.07055969220569029
VOM19980316.0900.2108: 0.07051869859909553
VOM19980304.0900.1406: 0.06915812365304014
VOM19980220.0700.2208: 0.06914887353684566
