VOM19980315.0700.1310: 0.18203656727476406
VOM19980226.0900.2900: 0.16484320547676842
VOM19980326.0900.0149: 0.16224557206295614
VOM19980325.0900.2040: 0.14351287811899582
VOM19980325.0900.0124: 0.14070903756407172
VOM19980624.0730.0254: 0.13997274456724787
VOM19980628.0700.0316: 0.13468857095553394
VOM19980220.0900.1332: 0.1261884843986546
VOM19980624.0700.0382: 0.1254507940089349
VOM19980606.0730.0134: 0.12354025595385748
VOM19980226.0900.3196: 0.12078171041961046
VOM19980319.0700.0496: 0.1196297078564792
VOM19980506.0900.0257: 0.1189673829065323
