VOM19980602.0900.0127: 0.18855941096619488
VOM19980531.0700.0040: 0.18129703345937997
VOM19980220.0900.3537: 0.15796821838257585
VOM19980602.0700.0166: 0.15376046693905784
VOM19980605.0900.0045: 0.1500151611887795
VOM19980605.0730.0042: 0.14541483804422659
VOM19980628.0700.0527: 0.1410720930836048
VOM19980315.0700.1828: 0.1322915606684846
VOM19980531.0730.0006: 0.1320777735873059
VOM19980606.0730.0234: 0.11851115456296775
VOM19980605.0700.0040: 0.11833282583631878
VOM19980606.0700.0206: 0.11658640912793415
VOM19980507.0700.0355: 0.1086260317618183
