VOM19980315.0700.1310: 0.1775321384755754
VOM19980226.0900.2900: 0.1729662457473244
VOM19980326.0900.0149: 0.15080450236361603
VOM19980220.0900.1332: 0.14048322939163307
VOM19980628.0700.0316: 0.13845181462031472
VOM19980325.0900.2040: 0.13577928587139731
VOM19980325.0900.0124: 0.13229257058404265
VOM19980606.0730.0134: 0.1312323199062998
VOM19980624.0730.0254: 0.13082697713401964
VOM19980226.0900.3196: 0.1296973478605864
VOM19980319.0700.0496: 0.1255074251245109
VOM19980508.0700.0452: 0.12496693049102098
VOM19980508.0730.0240: 0.1233116662753433
