VOM19980325.0900.3341: 0.20479482635314122
VOM19980522.0700.0456: 0.12655866405258107
VOM19980607.0730.0033: 0.11166424361408187
VOM19980326.0700.1668: 0.10462442128063726
VOM19980522.0730.0286: 0.09694317052141553
VOM19980630.0900.0127: 0.0900953898819472
VOM19980312.0900.3445: 0.08495242055563608
VOM19980312.0900.1896: 0.08495242055563608
VOM19980306.0700.2852: 0.08291243889377822
VOM19980224.0700.2219: 0.08181936371162617
VOM19980326.0900.3442: 0.08005606999923469
VOM19980312.0900.0990: 0.07987092498338155
VOM19980325.0900.2179: 0.07918550798120856
