VOM19980603.0900.0074: 0.3417327302356392
VOM19980604.0900.0213: 0.2311676304417692
VOM19980603.0730.0280: 0.22604606547867792
VOM19980605.0730.0276: 0.21664070566450225
VOM19980604.0730.0250: 0.20564827011268044
VOM19980605.0700.0440: 0.19882108262228737
VOM19980606.0700.0354: 0.17526570842624564
VOM19980606.0730.0134: 0.12811604317696831
VOM19980223.0900.1854: 0.09744458306959998
VOM19980223.0900.0265: 0.09704387203410884
VOM19980509.0730.0100: 0.09031860032049746
VOM19980224.0900.2258: 0.08896912422651283
VOM19980223.0900.3466: 0.08050500747611093
