VOM19980311.0700.1487: 0.2172350203115444
VOM19980630.0900.0230: 0.2104098945382818
VOM19980303.0900.2128: 0.1998818728659867
VOM19980316.0700.0776: 0.1771721857566381
VOM19980303.0900.0396: 0.17291032340966137
VOM19980304.0700.1058: 0.17126949728732452
VOM19980319.0700.2737: 0.16322171110196648
VOM19980621.0700.0565: 0.14226933461218716
VOM19980305.0900.2093: 0.13117430203989833
VOM19980304.0700.1276: 0.13078701980989327
VOM19980225.0700.0585: 0.12953481434851666
VOM19980316.0700.0702: 0.12885087639555232
VOM19980306.0700.0971: 0.1259317914726473
