VOM19980311.0700.1487: 0.2385278430368968
VOM19980303.0900.2128: 0.22207076740574402
VOM19980304.0700.1058: 0.22111664352051022
VOM19980630.0900.0230: 0.2207054733468764
VOM19980316.0700.0776: 0.20542981600055019
VOM19980319.0700.2737: 0.203785983568478
VOM19980303.0900.0396: 0.19951035640124032
VOM19980326.0700.1793: 0.1729709634635404
VOM19980306.0700.0971: 0.17106738738035537
VOM19980523.0700.0189: 0.16790359973658076
VOM19980316.0700.0944: 0.16434454368596488
VOM19980305.0900.2093: 0.16350926787242034
VOM19980225.0700.0585: 0.15962921706137362
