VOM19980306.0700.1305: 0.0955062696524184
VOM19980505.0700.0193: 0.09137131381095345
VOM19980314.0700.2522: 0.09129428175523675
VOM19980319.0900.2169: 0.0851009005178689
VOM19980507.0700.0127: 0.08467431371695731
VOM19980226.0900.0622: 0.08460867935298365
VOM19980521.0700.0039: 0.08044401948115792
VOM19980223.0900.2288: 0.0797857861894572
VOM19980515.0900.0007: 0.07930265385606426
VOM19980415.0900.0022: 0.07893234575544214
VOM19980623.0700.0314: 0.0787201001215414
VOM19980223.0700.1993: 0.07833739433904602
VOM19980222.0700.0448: 0.07712311536052038
