VOM19980511.0700.0080: 0.12937598379275858
VOM19980511.0730.0040: 0.12937598379275858
VOM19980410.0900.0241: 0.12783733317835314
VOM19980521.0700.0039: 0.12647740418496456
VOM19980314.0700.2522: 0.12392513540398828
VOM19980317.0700.0156: 0.12246243518044962
VOM19980306.0700.1305: 0.12124669630298127
VOM19980222.0700.0448: 0.1199334428365721
VOM19980220.0900.2583: 0.11845566120536047
VOM19980507.0700.0127: 0.11805867963076246
VOM19980319.0900.2169: 0.11641254111500052
VOM19980531.0700.0235: 0.11587821793985749
VOM19980226.0900.0622: 0.11557462380731293
