VOM19980315.0700.1310: 0.1820540796763696
VOM19980226.0900.2900: 0.1648557887918095
VOM19980326.0900.0149: 0.1622608013239896
VOM19980325.0900.2040: 0.14352462765532314
VOM19980325.0900.0124: 0.14072035783997403
VOM19980624.0730.0254: 0.1399855359579088
VOM19980628.0700.0316: 0.13470544469589768
VOM19980220.0900.1332: 0.12619699988134525
VOM19980624.0700.0382: 0.12546407254062733
VOM19980606.0730.0134: 0.12355840304276401
VOM19980226.0900.3196: 0.12079370187126773
VOM19980319.0700.0496: 0.11964078330251338
VOM19980506.0900.0257: 0.11897646520621323
