VOM19980311.0700.1487: 0.21365678379210792
VOM19980630.0900.0230: 0.20745132010067627
VOM19980303.0900.2128: 0.19624926888680583
VOM19980316.0700.0776: 0.1739786576961775
VOM19980303.0900.0396: 0.16914861376276236
VOM19980304.0700.1058: 0.1670333171821679
VOM19980319.0700.2737: 0.16007785881646372
VOM19980621.0700.0565: 0.13928902078065292
VOM19980304.0700.1276: 0.1278935191560566
VOM19980305.0900.2093: 0.1266671842059191
VOM19980225.0700.0585: 0.12519195694794874
VOM19980316.0700.0702: 0.1250595406851462
VOM19980306.0700.0971: 0.12183733130544984
