VOM19980507.0700.0521: 0.22212445612970155
VOM19980511.0900.0004: 0.19701683284252045
VOM19980511.0730.0003: 0.1925768841365063
VOM19980511.0700.0039: 0.1925768841365063
VOM19980529.0900.0148: 0.17136377892942875
VOM19980529.0730.0148: 0.16705881488556273
VOM19980529.0700.0334: 0.1372860779843885
VOM19980302.0900.1291: 0.12612344973887724
VOM19980301.0700.0168: 0.11359848582672925
VOM19980225.0900.2118: 0.1090985975747608
VOM19980225.0900.0421: 0.1090985975747608
VOM19980511.0730.0099: 0.10637976561214549
VOM19980424.0900.0178: 0.10598518122075436
