VOM19980508.0700.0362: 0.17247126514044023
VOM19980508.0730.0003: 0.1603535030111029
VOM19980508.0900.0007: 0.15389385466136082
VOM19980507.0700.0242: 0.14433484925788928
VOM19980510.0700.0040: 0.14255906835830476
VOM19980506.0700.0042: 0.14062205375169035
VOM19980327.0900.0221: 0.13593322151323967
VOM19980506.0900.0006: 0.13497565879252113
VOM19980504.0700.0025: 0.12933395819183327
VOM19980510.0730.0001: 0.12365283670068447
VOM19980509.0730.0027: 0.12100514498640286
VOM19980427.0900.0219: 0.12018453242549312
VOM19980509.0700.0089: 0.11987984265076557
