VOM19980314.0700.1261: 0.17679387308127706
VOM19980223.0700.1993: 0.148918061201272
VOM19980403.0900.2349: 0.14815993144262907
VOM19980224.0700.2219: 0.13953495143191785
VOM19980314.0700.0818: 0.1392838002792861
VOM19980303.0700.2491: 0.13553337039630617
VOM19980317.0700.0924: 0.1340492547518275
VOM19980317.0900.0757: 0.1335993424883153
VOM19980220.0900.2138: 0.13328268020023368
VOM19980317.0700.0723: 0.13013955328986762
VOM19980225.0900.1275: 0.12958262636441645
VOM19980225.0900.1029: 0.12893728895495615
VOM19980223.0900.2779: 0.12881777714162093
