VOM19980314.0700.1911: 0.20220050112861288
VOM19980314.0700.0239: 0.20065459799218768
VOM19980327.0900.2123: 0.1616989128532158
VOM19980316.0900.1667: 0.15821325322238855
VOM19980316.0900.1861: 0.1502006105043967
VOM19980228.0700.0448: 0.13506736834129626
VOM19980311.0700.1883: 0.13414017575532494
VOM19980303.0900.1926: 0.13252303389274184
VOM19980302.0700.3423: 0.13117461369658287
VOM19980303.0900.3358: 0.12988523400823912
VOM19980302.0700.2096: 0.1250600409141519
VOM19980623.0700.0507: 0.12334821644378934
VOM19980623.0730.0101: 0.12334821644378934
