VOM19980424.0900.0178: 0.2662283443595082
VOM19980225.0900.2118: 0.26407261378462515
VOM19980225.0900.0421: 0.26407261378462515
VOM19980507.0700.0521: 0.25368079688239686
VOM19980511.0900.0004: 0.250319488948253
VOM19980327.0900.2123: 0.25010210333282495
VOM19980511.0730.0099: 0.24918166719880078
VOM19980511.0700.0193: 0.2471557663714904
VOM19980302.0900.1291: 0.2451837351654218
VOM19980305.0700.0436: 0.24139748818321966
VOM19980511.0730.0003: 0.2401460532140373
VOM19980511.0700.0039: 0.2401460532140373
VOM19980302.0700.3469: 0.23816525581123346
