VOM19980303.0700.0783: 0.1572860809826375
VOM19980303.0700.2491: 0.1542237951189239
VOM19980224.0700.2219: 0.15415922845718086
VOM19980302.0900.2091: 0.15116072109285045
VOM19980305.0900.2166: 0.15058834328530377
VOM19980305.0900.1046: 0.1470644201037219
VOM19980302.0700.2334: 0.1445249067400459
VOM19980316.0900.2108: 0.14303669536398714
VOM19980303.0900.2868: 0.14068649414852125
VOM19980325.0900.1209: 0.14041620169255847
VOM19980315.0700.2670: 0.14017813663104342
VOM19980319.0700.2278: 0.13847324631963984
VOM19980225.0900.0714: 0.1365989858128157
