VOM19980306.0700.1305: 0.09320965172662703
VOM19980505.0700.0193: 0.08972848540700297
VOM19980314.0700.2522: 0.08907573161581628
VOM19980226.0900.0622: 0.08268822929048085
VOM19980319.0900.2169: 0.08262406473113565
VOM19980507.0700.0127: 0.08236192341279233
VOM19980223.0900.2288: 0.07795578600175289
VOM19980521.0700.0039: 0.07781486122170084
VOM19980515.0900.0007: 0.07701809018811351
VOM19980623.0700.0314: 0.076881168025077
VOM19980223.0700.1993: 0.07656392738121116
VOM19980415.0900.0022: 0.07644586093430747
VOM19980222.0700.0448: 0.07487554625489472
