VOM19980314.0700.1911: 0.2013071969194926
VOM19980314.0700.0239: 0.19986802918471588
VOM19980327.0900.2123: 0.15963675062738508
VOM19980316.0900.1667: 0.15637093378913844
VOM19980316.0900.1861: 0.14831261809045992
VOM19980228.0700.0448: 0.13411427801256182
VOM19980311.0700.1883: 0.13363929844358546
VOM19980303.0900.1926: 0.13076701058784812
VOM19980302.0700.3423: 0.12941034884505442
VOM19980303.0900.3358: 0.12818397620773628
VOM19980302.0700.2096: 0.12304603071882683
VOM19980623.0700.0507: 0.12204335216987082
VOM19980623.0730.0101: 0.12204335216987082
