VOM19980314.0700.1261: 0.18213532453055267
VOM19980223.0700.1993: 0.1546086653054794
VOM19980403.0900.2349: 0.15345867239927583
VOM19980314.0700.0818: 0.14556905278602822
VOM19980224.0700.2219: 0.1436839665393672
VOM19980317.0700.0924: 0.14000113818978793
VOM19980303.0700.2491: 0.1398323681046427
VOM19980317.0900.0757: 0.1378858324338017
VOM19980220.0900.2138: 0.1375752762805952
VOM19980317.0700.0723: 0.13667261552271026
VOM19980225.0900.1275: 0.13530734614977605
VOM19980223.0900.2779: 0.13448232358510112
VOM19980225.0900.1029: 0.13371677061874568
