VOM19980303.0700.0783: 0.1270556839741437
VOM19980530.0700.0107: 0.11490542210307392
VOM19980326.0900.0118: 0.11406226180802494
VOM19980530.0730.0037: 0.11387482725533314
VOM19980305.0900.2166: 0.1123348357808452
VOM19980315.0700.2670: 0.11205630878046849
VOM19980305.0900.1046: 0.11011134747328975
VOM19980224.0700.1530: 0.10699798380579939
VOM19980612.0700.0080: 0.10639218435198566
VOM19980303.0700.2491: 0.10533558254375196
VOM19980224.0700.2219: 0.10441138160716971
VOM19980623.0900.0051: 0.10375223490305692
VOM19980302.0900.2091: 0.101823245027758
