VOM19980225.0900.1919: 0.1791725058860078
VOM19980225.0900.0216: 0.177270448681172
VOM19980526.0900.0124: 0.17030079290980144
VOM19980526.0730.0065: 0.16352485667156838
VOM19980623.0700.0472: 0.16219032842384057
VOM19980222.0700.0448: 0.15664723322947668
VOM19980319.0900.0364: 0.15175286854049794
VOM19980326.0700.0480: 0.1491000633341545
VOM19980302.0700.0484: 0.14655546501874694
VOM19980404.0700.1061: 0.14647670653160424
VOM19980616.0730.0180: 0.14626772848083885
VOM19980316.0700.0219: 0.14615796299615463
VOM19980616.0900.0100: 0.1456684088254811
