VOM19980224.0700.2219: 0.14772985224477903
VOM19980303.0700.2491: 0.14713213058658178
VOM19980303.0700.0783: 0.14623508792014064
VOM19980302.0900.2091: 0.1446240261147325
VOM19980305.0900.2166: 0.1408285559332456
VOM19980305.0900.1046: 0.1379543333390999
VOM19980302.0700.2334: 0.1350887777581797
VOM19980316.0900.2108: 0.134609296013854
VOM19980325.0900.1209: 0.13152321720545967
VOM19980303.0900.2868: 0.1311752061880274
VOM19980315.0700.2670: 0.12999961589813996
VOM19980319.0700.2278: 0.1287931837395706
VOM19980223.0900.1151: 0.1265187343994644
