VOM19980531.0700.0040: 0.1889801140170243
VOM19980605.0730.0042: 0.1883750272443044
VOM19980605.0900.0045: 0.1883750272443044
VOM19980602.0900.0127: 0.18014771500904908
VOM19980220.0900.3537: 0.1747172102653759
VOM19980605.0700.0040: 0.1608831383893729
VOM19980602.0700.0166: 0.16067305682226793
VOM19980628.0700.0527: 0.1534177804438952
VOM19980531.0730.0006: 0.15141083049805162
VOM19980606.0730.0234: 0.14090841185423394
VOM19980606.0700.0206: 0.14090841185423394
VOM19980315.0700.1828: 0.138378490279714
VOM19980526.0730.0229: 0.1365056784466244
