VOM19980314.0700.1911: 0.19883771907051997
VOM19980314.0700.0239: 0.19733864418799646
VOM19980316.0900.1667: 0.1899622720935885
VOM19980327.0900.2123: 0.18401868500724028
VOM19980311.0700.1883: 0.18042230026886327
VOM19980228.0700.0448: 0.1680416918197692
VOM19980302.0700.1749: 0.1567980956499916
VOM19980316.0900.1861: 0.15361553862835964
VOM19980319.0900.1922: 0.1523856153705844
VOM19980319.0900.0162: 0.15040220394058498
VOM19980305.0900.2891: 0.1472311959398753
VOM19980302.0700.1577: 0.14692328602818935
VOM19980404.0700.0676: 0.14384647958848598
