VOM19980603.0700.0103: 0.19930881134773115
VOM19980616.0730.0180: 0.1776838428137959
VOM19980616.0900.0100: 0.17695533463146373
VOM19980616.0730.0252: 0.15480591520440973
VOM19980616.0900.0077: 0.15480591520440973
VOM19980531.0700.0120: 0.14415927906473117
VOM19980317.0700.0723: 0.12822776160569896
VOM19980618.0900.0057: 0.12703957485857886
VOM19980529.0730.0042: 0.1190823455542813
VOM19980529.0900.0046: 0.1190823455542813
VOM19980224.0900.2345: 0.11622982663371026
VOM19980319.0900.2169: 0.11298662081613607
VOM19980604.0700.0039: 0.1091132025196543
