VOM19980507.0700.0521: 0.21996717559275292
VOM19980511.0900.0004: 0.19552518706760807
VOM19980511.0730.0003: 0.19092792545874193
VOM19980511.0700.0039: 0.19092792545874193
VOM19980529.0900.0148: 0.1703830299052
VOM19980529.0730.0148: 0.16549037255192467
VOM19980529.0700.0334: 0.13635376121508747
VOM19980302.0900.1291: 0.12639211598079644
VOM19980301.0700.0168: 0.11342472746318083
VOM19980225.0900.2118: 0.1101345181951154
VOM19980225.0900.0421: 0.1101345181951154
VOM19980424.0900.0178: 0.10720140133095728
VOM19980511.0730.0099: 0.10719094958187257
