VOM19980602.0900.0127: 0.2014002077592564
VOM19980531.0700.0040: 0.19643154579244046
VOM19980220.0900.3537: 0.1747277997473981
VOM19980605.0900.0045: 0.17172275046389868
VOM19980605.0730.0042: 0.16656814840240036
VOM19980602.0700.0166: 0.16637851924869454
VOM19980628.0700.0527: 0.1647801573708237
VOM19980531.0730.0006: 0.15563936223544686
VOM19980315.0700.1828: 0.15199888005045298
VOM19980605.0700.0040: 0.13625001894341626
VOM19980606.0730.0234: 0.1357733110992541
VOM19980606.0700.0206: 0.1336309658528748
VOM19980507.0700.0355: 0.12188709924532741
