VOM19980314.0700.1261: 0.17270082718866067
VOM19980223.0700.1993: 0.14505051967819144
VOM19980403.0900.2349: 0.14428243820453526
VOM19980224.0700.2219: 0.13688458541502213
VOM19980314.0700.0818: 0.13498310122144327
VOM19980303.0700.2491: 0.1327171541638321
VOM19980317.0900.0757: 0.1307714695940498
VOM19980220.0900.2138: 0.13016296570920846
VOM19980317.0700.0924: 0.12992496383558527
VOM19980225.0900.1029: 0.12552567529840405
VOM19980316.0900.2774: 0.12526325053419637
VOM19980317.0700.0723: 0.1251648195057517
VOM19980225.0900.1275: 0.12504730873455538
