VOM19980603.0700.0457: 0.15192399574213677
VOM19980624.0730.0117: 0.14595548407123402
VOM19980326.0900.3298: 0.14066246802647892
VOM19980603.0730.0240: 0.13706412114035194
VOM19980220.0700.0672: 0.12667157311610605
VOM19980225.0900.2065: 0.12279811232751607
VOM19980302.0700.0373: 0.12130598144933528
VOM19980403.0700.3400: 0.12017594852949402
VOM19980527.0700.0466: 0.11905251266049341
VOM19980502.0700.0438: 0.11786673906808422
VOM19980224.0700.0481: 0.11755465579809728
VOM19980526.0730.0229: 0.11664697904140264
VOM19980311.0700.3445: 0.11549693318479011
