VOM19980527.0700.0042: 0.1308619470260485
VOM19980515.0900.0007: 0.12699388957011912
VOM19980527.0730.0003: 0.12634582929157753
VOM19980524.0730.0061: 0.12317404669539361
VOM19980524.0700.0265: 0.12317404669539361
VOM19980527.0900.0008: 0.12024407218316557
VOM19980515.0730.0053: 0.11640312835629277
VOM19980630.0900.0127: 0.10727642678061236
VOM19980403.0900.2121: 0.10460306812934479
VOM19980410.0900.0241: 0.10357146034426978
VOM19980403.0700.0489: 0.1021796825835733
VOM19980515.0700.0102: 0.10121393487954188
VOM19980421.0900.0146: 0.10047045833576532
