VOM19980314.0700.1911: 0.15724389154250515
VOM19980314.0700.0239: 0.156617805215083
VOM19980316.0900.1667: 0.1492577249202393
VOM19980311.0700.1883: 0.14860092805585395
VOM19980327.0900.2123: 0.146456207596477
VOM19980228.0700.0448: 0.1358955024301792
VOM19980302.0700.1749: 0.11906491104719452
VOM19980302.0900.2091: 0.1176409879670539
VOM19980316.0900.1861: 0.11641521485606027
VOM19980224.0700.2219: 0.11566644698200208
VOM19980227.0900.2836: 0.11390526876034081
VOM19980404.0700.0676: 0.11272374669540353
VOM19980302.0700.1577: 0.10881363959538934
