VOM19980325.0900.3341: 0.22205393577881885
VOM19980522.0730.0286: 0.14936345840097295
VOM19980607.0730.0033: 0.13856853632667906
VOM19980522.0700.0456: 0.1384100717808387
VOM19980326.0700.1668: 0.1327995225893668
VOM19980630.0900.0127: 0.12647010890797486
VOM19980531.0700.0235: 0.12273622814813805
VOM19980603.0700.0282: 0.1221873661412706
VOM19980522.0730.0037: 0.12001471065392716
VOM19980522.0900.0039: 0.12001471065392716
VOM19980304.0700.0871: 0.11575803199358681
VOM19980222.0700.0448: 0.1156470517206916
VOM19980302.0900.0457: 0.1154056144166239
