VOM19980311.0700.1487: 0.2501467234829577
VOM19980303.0900.2128: 0.2428034535782573
VOM19980630.0900.0230: 0.22177923187436335
VOM19980304.0700.1058: 0.22049044453874234
VOM19980303.0900.0396: 0.2204823972067239
VOM19980621.0700.0565: 0.19716065359768767
VOM19980316.0700.0776: 0.19517160397808947
VOM19980523.0700.0189: 0.1927140582333132
VOM19980305.0900.2093: 0.18460469261143944
VOM19980319.0700.2737: 0.18340273094859066
VOM19980225.0700.0585: 0.18011866499302756
VOM19980306.0700.0971: 0.17712294645245558
VOM19980316.0700.0944: 0.16496018195712275
