VOM19980603.0900.0074: 0.35317372907835226
VOM19980604.0900.0213: 0.2450426259654957
VOM19980603.0730.0280: 0.23959585418802107
VOM19980605.0730.0276: 0.2293873908713536
VOM19980604.0730.0250: 0.21695932048181005
VOM19980605.0700.0440: 0.2091080150482191
VOM19980606.0700.0354: 0.182437186228734
VOM19980606.0730.0134: 0.13699018418713974
VOM19980223.0900.1854: 0.10521074645029628
VOM19980223.0900.0265: 0.10474989962389285
VOM19980509.0730.0100: 0.09772445020739222
VOM19980224.0900.2258: 0.09660271251683868
VOM19980223.0900.3466: 0.08866284992974949
