VOM19980527.0700.0042: 0.15610159356152667
VOM19980527.0730.0003: 0.14960186249234975
VOM19980527.0900.0008: 0.14048890272611167
VOM19980515.0900.0007: 0.13839423742452728
VOM19980524.0730.0061: 0.13296154474812505
VOM19980524.0700.0265: 0.13296154474812505
VOM19980515.0730.0053: 0.12499918003604352
VOM19980226.0900.1367: 0.11378969415146706
VOM19980421.0900.0146: 0.11361911164800546
VOM19980515.0700.0102: 0.11172511540004662
VOM19980501.0700.0297: 0.1086680061731735
VOM19980620.0700.0143: 0.10469502853177247
VOM19980527.0900.0223: 0.1027682952844506
