VOM19980326.0900.3298: 0.14210031938623152
VOM19980624.0730.0117: 0.13747839596206002
VOM19980603.0700.0457: 0.10655984245180943
VOM19980603.0730.0240: 0.09915663944288204
VOM19980526.0730.0229: 0.09876069298923153
VOM19980403.0700.3400: 0.09727084626978734
VOM19980327.0900.2035: 0.09404038733498275
VOM19980223.0700.0800: 0.08771286009941343
VOM19980613.0700.0546: 0.08688122115693268
VOM19980220.0700.0672: 0.08564171853149703
VOM19980527.0700.0466: 0.08428411616216405
VOM19980529.0900.0173: 0.08410856193733503
VOM19980311.0700.0357: 0.08381980833888725
