VOM19980507.0700.0521: 0.2079367336932743
VOM19980511.0900.0004: 0.18410515928741847
VOM19980511.0730.0003: 0.17972851632004355
VOM19980511.0700.0039: 0.17972851632004355
VOM19980529.0900.0148: 0.16303854712837043
VOM19980529.0730.0148: 0.15903790467465473
VOM19980529.0700.0334: 0.12800400174903329
VOM19980302.0900.1291: 0.11764604409540647
VOM19980301.0700.0168: 0.10271350103322255
VOM19980511.0730.0099: 0.09389038530191778
VOM19980225.0900.2118: 0.09301438070305384
VOM19980225.0900.0421: 0.09301438070305384
VOM19980302.0700.3469: 0.0914108547175184
