VOM19980314.0700.1261: 0.17289936787765517
VOM19980223.0700.1993: 0.1452267780120537
VOM19980403.0900.2349: 0.14434085135879318
VOM19980224.0700.2219: 0.1368121044504606
VOM19980314.0700.0818: 0.135188292798533
VOM19980303.0700.2491: 0.13267356448335088
VOM19980317.0900.0757: 0.13067102895796856
VOM19980317.0700.0924: 0.13007908639721522
VOM19980220.0900.2138: 0.12997319113562397
VOM19980225.0900.1029: 0.12545572256117687
VOM19980316.0900.2774: 0.12512244477023182
VOM19980317.0700.0723: 0.12511891114775026
VOM19980225.0900.1275: 0.12487244800296411
