VOM19980507.0700.0521: 0.19328904903982677
VOM19980511.0900.0004: 0.1688861093607004
VOM19980511.0730.0003: 0.16173969299496505
VOM19980511.0700.0039: 0.16173969299496505
VOM19980529.0900.0148: 0.14405645418911098
VOM19980302.0900.1291: 0.13395036390943246
VOM19980529.0730.0148: 0.13355401675691975
VOM19980511.0730.0099: 0.13071767101895376
VOM19980424.0900.0178: 0.12633786649349033
VOM19980529.0700.0334: 0.12093531373987346
VOM19980327.0900.2123: 0.11833677718068668
VOM19980302.0700.3469: 0.11681796017849046
VOM19980301.0700.0168: 0.1162341566486085
