VOM19980314.0700.1261: 0.20663128311672305
VOM19980223.0700.1993: 0.2028735443794743
VOM19980224.0700.2219: 0.19737333991419373
VOM19980314.0700.0818: 0.19572315798038115
VOM19980303.0700.2491: 0.18732547185111062
VOM19980403.0900.2349: 0.18310474254924788
VOM19980317.0900.0757: 0.1829321100115989
VOM19980317.0700.0924: 0.1806222461845245
VOM19980302.0900.2091: 0.17981085907619368
VOM19980403.0700.0727: 0.17930053555815997
VOM19980225.0700.2209: 0.17888714381817056
VOM19980319.0700.1102: 0.17620439576023494
VOM19980306.0700.1916: 0.17461924208923768
