VOM19980603.0900.0074: 0.3533098261658857
VOM19980604.0900.0213: 0.2479610337891632
VOM19980603.0730.0280: 0.24257194063360069
VOM19980605.0730.0276: 0.2330115824756094
VOM19980604.0730.0250: 0.2201186952663434
VOM19980605.0700.0440: 0.21224805115473935
VOM19980606.0700.0354: 0.18900906242090676
VOM19980606.0730.0134: 0.14459534056519413
VOM19980223.0900.1854: 0.10985957550595922
VOM19980223.0900.0265: 0.10935977984431165
VOM19980509.0730.0100: 0.10655406144301698
VOM19980224.0900.2258: 0.1025300205280826
VOM19980223.0900.3466: 0.0930798978214612
