VOM19980603.0900.0074: 0.35320424908807735
VOM19980604.0900.0213: 0.24533974304868145
VOM19980603.0730.0280: 0.2401123447132186
VOM19980605.0730.0276: 0.23002423667666383
VOM19980604.0730.0250: 0.21732868601677488
VOM19980605.0700.0440: 0.20962413319701323
VOM19980606.0700.0354: 0.18370506309051576
VOM19980606.0730.0134: 0.13844611834076942
VOM19980223.0900.1854: 0.10610613088637003
VOM19980223.0900.0265: 0.10563434695801086
VOM19980509.0730.0100: 0.0994516250918728
VOM19980224.0900.2258: 0.09774547974419201
VOM19980223.0900.3466: 0.08950309026080482
