VOM19980315.0700.1310: 0.177492764574113
VOM19980226.0900.2900: 0.17293102471785218
VOM19980326.0900.0149: 0.1507686083740303
VOM19980220.0900.1332: 0.14045534546732588
VOM19980628.0700.0316: 0.1384194093603508
VOM19980325.0900.2040: 0.13575045946478667
VOM19980325.0900.0124: 0.13226360697091386
VOM19980606.0730.0134: 0.13119493323336698
VOM19980624.0730.0254: 0.13079494114183604
VOM19980226.0900.3196: 0.12966205967800584
VOM19980319.0700.0496: 0.12548028843887085
VOM19980508.0700.0452: 0.12493195598225709
VOM19980508.0730.0240: 0.12327715502556015
