VOM19980507.0700.0521: 0.1496639971950844
VOM19980511.0900.0004: 0.1309462133537576
VOM19980529.0900.0148: 0.12720908782496806
VOM19980511.0730.0003: 0.12445690320289338
VOM19980511.0700.0039: 0.12445690320289338
VOM19980529.0730.0148: 0.1199416102291305
VOM19980302.0900.1291: 0.11043118836967797
VOM19980529.0700.0334: 0.0991932862173921
VOM19980327.0900.2123: 0.08967233880899066
VOM19980403.0700.2482: 0.08938424317530114
VOM19980302.0700.0779: 0.0853939294089305
VOM19980302.0700.3469: 0.08437549441497733
VOM19980306.0700.1916: 0.08344322027726472
