VOM19980314.0700.1911: 0.18917717024417913
VOM19980314.0700.0239: 0.1881000794605209
VOM19980316.0900.1667: 0.1777597459691418
VOM19980327.0900.2123: 0.1732107727636623
VOM19980311.0700.1883: 0.17108985013195552
VOM19980228.0700.0448: 0.15912811673515198
VOM19980302.0700.1749: 0.14523967285981615
VOM19980316.0900.1861: 0.14523613638807406
VOM19980319.0900.1922: 0.13942797229129225
VOM19980319.0900.0162: 0.13761321416447272
VOM19980305.0900.2891: 0.13604162249313015
VOM19980302.0700.1577: 0.13551353128428165
VOM19980227.0900.2836: 0.13528225023064852
