VOM19980314.0700.1911: 0.2094728547388116
VOM19980314.0700.0239: 0.20760968132363405
VOM19980327.0900.2123: 0.1667431808718255
VOM19980316.0900.1667: 0.164359188558447
VOM19980316.0900.1861: 0.1543311920792063
VOM19980303.0900.1926: 0.13865145594427436
VOM19980228.0700.0448: 0.13795040929305658
VOM19980311.0700.1883: 0.1376999561172227
VOM19980302.0700.3423: 0.13729032903461483
VOM19980303.0900.3358: 0.13575754395415993
VOM19980302.0700.2096: 0.13097085832768218
VOM19980623.0700.0507: 0.13010811991018983
VOM19980623.0730.0101: 0.13010811991018983
