VOM19980301.0700.0393: 0.1126254581974352
VOM19980220.0700.2814: 0.10182241040111711
VOM19980620.0700.0552: 0.09575692782045606
VOM19980224.0900.3022: 0.09183255537406414
VOM19980410.0900.0241: 0.09177809992022135
VOM19980627.0700.0572: 0.08424123385384931
VOM19980223.0700.1511: 0.08136157479451425
VOM19980613.0700.0555: 0.07911211037600666
VOM19980220.0700.0707: 0.07709079026543064
VOM19980607.0700.0385: 0.07491499320022164
VOM19980607.0730.0163: 0.07491499320022164
VOM19980515.0900.0007: 0.0742274316724955
VOM19980315.0700.2508: 0.07279549511333769
