VOM19980531.0700.0040: 0.1757327992481035
VOM19980602.0900.0127: 0.17334084219135737
VOM19980605.0730.0042: 0.1712416162408287
VOM19980605.0900.0045: 0.1712416162408287
VOM19980220.0900.3537: 0.16335089543999037
VOM19980602.0700.0166: 0.15359711952409164
VOM19980605.0700.0040: 0.14552846940260425
VOM19980628.0700.0527: 0.13838856209077446
VOM19980531.0730.0006: 0.1343819153399959
VOM19980606.0730.0234: 0.12690770320003011
VOM19980606.0700.0206: 0.12690770320003011
VOM19980315.0700.1828: 0.12474614678410734
VOM19980603.0900.0074: 0.12253643606020433
