VOM19980508.0700.0362: 0.20048787657104467
VOM19980508.0730.0003: 0.1891339208330831
VOM19980508.0900.0007: 0.18719667066222684
VOM19980506.0700.0042: 0.18621103285987176
VOM19980507.0700.0242: 0.18517344563920923
VOM19980510.0730.0001: 0.18345485351023444
VOM19980506.0900.0006: 0.1834370691806095
VOM19980509.0730.0027: 0.1788158664313463
VOM19980510.0700.0040: 0.17641806993213038
VOM19980507.0730.0066: 0.1762114766344756
VOM19980509.0700.0089: 0.1735140583493085
VOM19980507.0900.0040: 0.1711200958559548
VOM19980327.0900.0221: 0.16804728247535985
