VOM19980314.0700.1261: 0.18208917934362456
VOM19980223.0700.1993: 0.15455089153596158
VOM19980403.0900.2349: 0.1534137273712727
VOM19980314.0700.0818: 0.1455060363732692
VOM19980224.0700.2219: 0.14363511626615924
VOM19980317.0700.0924: 0.13994628821091407
VOM19980303.0700.2491: 0.1397852691325356
VOM19980317.0900.0757: 0.13784349938127802
VOM19980220.0900.2138: 0.13753554330226803
VOM19980317.0700.0723: 0.13662189952133783
VOM19980225.0900.1275: 0.1352649649023219
VOM19980223.0900.2779: 0.13443268601746022
VOM19980225.0900.1029: 0.1336752770099365
