VOM19980527.0700.0042: 0.2670356097557722
VOM19980527.0730.0003: 0.2491009475118112
VOM19980226.0900.1367: 0.24689014993892572
VOM19980501.0700.0297: 0.24467509146445984
VOM19980515.0900.0007: 0.24084099726772487
VOM19980524.0730.0061: 0.2394603721730798
VOM19980524.0700.0265: 0.2394603721730798
VOM19980527.0900.0008: 0.23777817717036523
VOM19980312.0900.3403: 0.23376229110609217
VOM19980623.0900.0051: 0.23308403071569891
VOM19980312.0900.1827: 0.23186944788008404
VOM19980317.0900.0330: 0.230021853114118
VOM19980317.0700.0156: 0.2284160962880644
