VOM19980314.0700.1261: 0.21972755950849782
VOM19980223.0700.1993: 0.2013673136507846
VOM19980314.0700.0818: 0.198776195597069
VOM19980317.0700.0924: 0.1872675446485425
VOM19980403.0900.2349: 0.18701018875195635
VOM19980317.0700.0723: 0.18482487155321067
VOM19980317.0700.0156: 0.1832023189282778
VOM19980223.0900.2779: 0.17599535469664437
VOM19980302.0900.0871: 0.17586868263883979
VOM19980225.0900.1275: 0.17558906956094286
VOM19980224.0700.2219: 0.17558263011413372
VOM19980223.0900.2288: 0.17376102472115762
VOM19980319.0700.2536: 0.1724983978562223
