VOM19980303.0700.0783: 0.12034477723384975
VOM19980530.0730.0037: 0.10969135205805519
VOM19980530.0700.0107: 0.10956390931873258
VOM19980305.0900.2166: 0.10708151711386939
VOM19980315.0700.2670: 0.10617414671875348
VOM19980305.0900.1046: 0.10571129158378458
VOM19980303.0700.2491: 0.10259252654380249
VOM19980326.0900.0118: 0.1025898186513338
VOM19980224.0700.2219: 0.10218617260603638
VOM19980302.0900.2091: 0.09960126342157842
VOM19980224.0700.1530: 0.09793864206922294
VOM19980612.0700.0080: 0.09767437317564179
VOM19980623.0900.0051: 0.0966437150402855
