VOM19980602.0900.0127: 0.18855794352911895
VOM19980531.0700.0040: 0.18129377982832093
VOM19980220.0900.3537: 0.15795792324228705
VOM19980602.0700.0166: 0.15376127312625604
VOM19980605.0900.0045: 0.15002221601119212
VOM19980605.0730.0042: 0.14542167652542026
VOM19980628.0700.0527: 0.14106143671495724
VOM19980315.0700.1828: 0.13228322627393238
VOM19980531.0730.0006: 0.13207256815054166
VOM19980606.0730.0234: 0.11850751005530477
VOM19980605.0700.0040: 0.11833891864405101
VOM19980606.0700.0206: 0.11658282381089768
VOM19980507.0700.0355: 0.10861732149653672
