VOM19980303.0700.0783: 0.1211738069614084
VOM19980530.0700.0107: 0.10976632816965771
VOM19980530.0730.0037: 0.1082953116699222
VOM19980305.0900.2166: 0.10739009746567603
VOM19980315.0700.2670: 0.10669593227885583
VOM19980305.0900.1046: 0.1060049623356471
VOM19980303.0700.2491: 0.10254274507169396
VOM19980224.0700.2219: 0.10201770386031328
VOM19980326.0900.0118: 0.1000200438547628
VOM19980302.0900.2091: 0.09941855562437382
VOM19980224.0700.1530: 0.09880929088908026
VOM19980612.0700.0080: 0.09808388563897111
VOM19980623.0900.0051: 0.0969606404928232
