VOM19980515.0900.0007: 0.14440994395908538
VOM19980527.0700.0042: 0.1438057770349387
VOM19980226.0900.1367: 0.13343911897408714
VOM19980515.0730.0053: 0.13119515704754642
VOM19980527.0730.0003: 0.12910228023929887
VOM19980515.0700.0102: 0.12511754290148347
VOM19980524.0730.0061: 0.1250758390524241
VOM19980524.0700.0265: 0.1250758390524241
VOM19980527.0900.0008: 0.12136939392076466
VOM19980302.0700.1233: 0.11921606995854991
VOM19980403.0700.2289: 0.11634433367332818
VOM19980305.0900.2166: 0.11547342682239002
VOM19980223.0900.2288: 0.11489448746560191
