VOM19980306.0700.1305: 0.09804009486974906
VOM19980314.0700.2522: 0.0945061835087603
VOM19980505.0700.0193: 0.09296611076475841
VOM19980319.0900.2169: 0.08799547445251032
VOM19980226.0900.0622: 0.08732962890939742
VOM19980507.0700.0127: 0.08725664940345249
VOM19980521.0700.0039: 0.08365806978568699
VOM19980223.0900.2288: 0.08239664431509633
VOM19980515.0900.0007: 0.0821664765420951
VOM19980415.0900.0022: 0.08177024599912808
VOM19980223.0700.1993: 0.08098599347729833
VOM19980623.0700.0314: 0.08054585570183014
VOM19980222.0700.0448: 0.08033765240212694
