VOM19980603.0900.0074: 0.35304636438164244
VOM19980604.0900.0213: 0.24700798494339093
VOM19980603.0730.0280: 0.24139562437704215
VOM19980605.0730.0276: 0.23144574204398424
VOM19980604.0730.0250: 0.21896294180934853
VOM19980605.0700.0440: 0.2106938264936742
VOM19980606.0700.0354: 0.18602680083874915
VOM19980606.0730.0134: 0.14110220380087946
VOM19980223.0900.1854: 0.1075255791994196
VOM19980223.0900.0265: 0.10704748392132377
VOM19980509.0730.0100: 0.10264569926615238
VOM19980224.0900.2258: 0.09959999805809364
VOM19980223.0900.3466: 0.09078270577875938
