VOM19980326.0900.3298: 0.14170779263627675
VOM19980624.0730.0117: 0.13706387628895678
VOM19980603.0700.0457: 0.1077382907203637
VOM19980603.0730.0240: 0.10006475009906243
VOM19980526.0730.0229: 0.09849360823324813
VOM19980403.0700.3400: 0.09751759607375819
VOM19980327.0900.2035: 0.09365676300205045
VOM19980613.0700.0546: 0.08772223398621316
VOM19980223.0700.0800: 0.08744862159626944
VOM19980220.0700.0672: 0.08603912096666047
VOM19980527.0700.0466: 0.08462868718708522
VOM19980529.0900.0173: 0.08359064387738024
VOM19980225.0900.2065: 0.08356830058387363
