VOM19980314.0700.1261: 0.17365645212561615
VOM19980223.0700.1993: 0.1464322106432056
VOM19980403.0900.2349: 0.14495608026708034
VOM19980224.0700.2219: 0.1376085760061796
VOM19980314.0700.0818: 0.1365062812218037
VOM19980303.0700.2491: 0.13338443202936828
VOM19980317.0900.0757: 0.1312289829988187
VOM19980317.0700.0924: 0.1311577751145561
VOM19980220.0900.2138: 0.13005306878126605
VOM19980225.0900.1029: 0.12577019986917148
VOM19980317.0700.0723: 0.1257577258762065
VOM19980316.0900.2774: 0.1253036412828319
VOM19980223.0900.2779: 0.12520851716568165
