VOM19980314.0700.1261: 0.17766719036092452
VOM19980223.0700.1993: 0.14967543182447848
VOM19980403.0900.2349: 0.148861815004056
VOM19980314.0700.0818: 0.14021621816920601
VOM19980224.0700.2219: 0.13984565978820268
VOM19980303.0700.2491: 0.13589931499616248
VOM19980317.0700.0924: 0.1349182878514127
VOM19980317.0900.0757: 0.133890358063292
VOM19980220.0900.2138: 0.13367823516944174
VOM19980317.0700.0723: 0.1312582116291689
VOM19980225.0900.1275: 0.1305438569368263
VOM19980223.0900.2779: 0.1295433651393604
VOM19980225.0900.1029: 0.12940317102926846
