VOM19980314.0700.2522: 0.0866661098483682
VOM19980223.0700.1993: 0.08361589555820359
VOM19980226.0900.0622: 0.08258598933000706
VOM19980224.0700.2219: 0.08201748353873979
VOM19980220.0900.2583: 0.07835996146898927
VOM19980222.0700.0448: 0.0752244509944978
VOM19980223.0900.2288: 0.0736552793205614
VOM19980223.0900.2973: 0.07270046071153455
VOM19980226.0900.2027: 0.07234010681790475
VOM19980225.0900.1428: 0.07055969220569056
VOM19980316.0900.2108: 0.07051869859909497
VOM19980304.0900.1406: 0.06915812365304003
VOM19980220.0700.2208: 0.06914887353684566
