VOM19980603.0900.0074: 0.35332266178637783
VOM19980604.0900.0213: 0.24797176931577852
VOM19980603.0730.0280: 0.24256980322859253
VOM19980605.0730.0276: 0.23300521719067552
VOM19980604.0730.0250: 0.22012585389825062
VOM19980605.0700.0440: 0.21224637698705534
VOM19980606.0700.0354: 0.1889952816118969
VOM19980606.0730.0134: 0.14457978314920356
VOM19980223.0900.1854: 0.10985973387739442
VOM19980223.0900.0265: 0.10936008083349769
VOM19980509.0730.0100: 0.10653795256396673
VOM19980224.0900.2258: 0.10251704031919179
VOM19980223.0900.3466: 0.09307901587246534
