VOM19980602.0900.0127: 0.19639656253418972
VOM19980531.0700.0040: 0.18556002915540676
VOM19980220.0900.3537: 0.16821711751518714
VOM19980602.0700.0166: 0.1609642558336046
VOM19980605.0900.0045: 0.1571733565039823
VOM19980628.0700.0527: 0.15458737796266667
VOM19980605.0730.0042: 0.15227162771631858
VOM19980531.0730.0006: 0.14409494686593866
VOM19980315.0700.1828: 0.1415393992849455
VOM19980606.0730.0234: 0.12607656230377579
VOM19980606.0700.0206: 0.12400568763812385
VOM19980605.0700.0040: 0.12329788039110913
VOM19980604.0900.0159: 0.11561906021023172
