VOM19980311.0700.1487: 0.2046443089353567
VOM19980630.0900.0230: 0.20075043601422166
VOM19980303.0900.2128: 0.187584401698978
VOM19980316.0700.0776: 0.1672440664772805
VOM19980303.0900.0396: 0.16063616187275517
VOM19980304.0700.1058: 0.1579144887526271
VOM19980319.0700.2737: 0.15382491742960183
VOM19980621.0700.0565: 0.13021095432950416
VOM19980304.0700.1276: 0.12240696527572549
VOM19980305.0900.2093: 0.11756861421681256
VOM19980316.0700.0702: 0.1175087520668012
VOM19980225.0700.0585: 0.11626361316895062
VOM19980306.0700.0971: 0.11322427978101283
