VOM19980325.0900.3341: 0.22118828827610656
VOM19980522.0700.0456: 0.16429740810123344
VOM19980326.0700.1668: 0.14368738515197196
VOM19980607.0730.0033: 0.1346646540881427
VOM19980326.0900.3442: 0.1335334549091052
VOM19980630.0900.0127: 0.12910198553836716
VOM19980306.0700.2852: 0.12848458321822537
VOM19980522.0730.0286: 0.12755941904300824
VOM19980326.0700.1793: 0.12751634828122393
VOM19980312.0900.0990: 0.12701222098981327
VOM19980222.0700.1501: 0.1261704623219042
VOM19980222.0700.0448: 0.1237740452690596
VOM19980316.0700.0944: 0.12372976720665761
