VOM19980314.0700.1261: 0.17947564699963173
VOM19980223.0700.1993: 0.15156624685479275
VOM19980403.0900.2349: 0.1507125176391637
VOM19980314.0700.0818: 0.14228480363836765
VOM19980224.0700.2219: 0.14128170944288343
VOM19980303.0700.2491: 0.13739448554575673
VOM19980317.0700.0924: 0.1369053807745998
VOM19980317.0900.0757: 0.1354300116660617
VOM19980220.0900.2138: 0.13526450823401875
VOM19980317.0700.0723: 0.13351484310378467
VOM19980225.0900.1275: 0.13258221033151713
VOM19980223.0900.2779: 0.131540913583402
VOM19980225.0900.1029: 0.1311416321723618
