VOM19980325.0900.3341: 0.204252148143031
VOM19980522.0700.0456: 0.1261755586498378
VOM19980607.0730.0033: 0.11070151637931919
VOM19980326.0700.1668: 0.10334223427069289
VOM19980522.0730.0286: 0.09540836328170015
VOM19980630.0900.0127: 0.08889599072532607
VOM19980312.0900.3445: 0.08434732751280574
VOM19980312.0900.1896: 0.08434732751280574
VOM19980306.0700.2852: 0.08178172294955521
VOM19980224.0700.2219: 0.08102033354101394
VOM19980325.0900.2179: 0.07944133052365028
VOM19980326.0900.3442: 0.07886128698838189
VOM19980312.0900.0990: 0.07859973034029455
