VOM19980311.0700.1487: 0.213308139016613
VOM19980630.0900.0230: 0.20736401886201325
VOM19980303.0900.2128: 0.1955798355153849
VOM19980316.0700.0776: 0.17425389888120493
VOM19980303.0900.0396: 0.1685174472287594
VOM19980304.0700.1058: 0.1671424280827925
VOM19980319.0700.2737: 0.16065044038570625
VOM19980621.0700.0565: 0.13771269800521316
VOM19980304.0700.1276: 0.12835967898935965
VOM19980305.0900.2093: 0.12612889306703118
VOM19980316.0700.0702: 0.12472071649546868
VOM19980225.0700.0585: 0.12454196230701693
VOM19980306.0700.0971: 0.12167898549228574
