VOM19980314.0700.1911: 0.20937512347740356
VOM19980314.0700.0239: 0.20766905911222247
VOM19980327.0900.2123: 0.16516930962298002
VOM19980316.0900.1667: 0.16212063478365976
VOM19980316.0900.1861: 0.1545410572270487
VOM19980303.0900.1926: 0.13839735324484725
VOM19980228.0700.0448: 0.13725845015285404
VOM19980302.0700.3423: 0.13710146427526468
VOM19980311.0700.1883: 0.13644389734579648
VOM19980303.0900.3358: 0.13550874484742564
VOM19980302.0700.2096: 0.13081637134160018
VOM19980623.0700.0507: 0.1288431073147101
VOM19980623.0730.0101: 0.1288431073147101
