VOM19980602.0900.0127: 0.2014088338304032
VOM19980531.0700.0040: 0.1964422001989856
VOM19980220.0900.3537: 0.1747302902526943
VOM19980605.0900.0045: 0.17174796713101223
VOM19980605.0730.0042: 0.16659260814077886
VOM19980602.0700.0166: 0.16638920721277503
VOM19980628.0700.0527: 0.164787451804397
VOM19980531.0730.0006: 0.1556541502090867
VOM19980315.0700.1828: 0.15200697483675746
VOM19980605.0700.0040: 0.13627137058320316
VOM19980606.0730.0234: 0.13578485190666978
VOM19980606.0700.0206: 0.13364232455974578
VOM19980507.0700.0355: 0.12188975258974621
