VOM19980311.0700.1487: 0.201784214550404
VOM19980630.0900.0230: 0.19586094972855736
VOM19980303.0900.2128: 0.1818374151081399
VOM19980316.0700.0776: 0.1651069853772721
VOM19980304.0700.1058: 0.1566549286036547
VOM19980303.0900.0396: 0.15501080350069363
VOM19980319.0700.2737: 0.15309065047319784
VOM19980621.0700.0565: 0.12441475582177167
VOM19980304.0700.1276: 0.1212822085221048
VOM19980316.0700.0702: 0.11238985029611667
VOM19980305.0900.2093: 0.1119148673082776
VOM19980326.0700.1793: 0.1113790361311832
VOM19980306.0700.0971: 0.11096708737652415
