VOM19980603.0700.0103: 0.1922858301018193
VOM19980616.0730.0180: 0.1722389727732176
VOM19980616.0900.0100: 0.17160673072969987
VOM19980616.0730.0252: 0.1493180399394152
VOM19980616.0900.0077: 0.1493180399394152
VOM19980531.0700.0120: 0.13818269982789663
VOM19980317.0700.0723: 0.12275830754697642
VOM19980618.0900.0057: 0.12100855131273401
VOM19980529.0730.0042: 0.11465158720955686
VOM19980529.0900.0046: 0.11465158720955686
VOM19980224.0900.2345: 0.11086196227923303
VOM19980319.0900.2169: 0.10524941214662703
VOM19980604.0700.0039: 0.10335470547772443
