VOM19980602.0900.0127: 0.1483207456084921
VOM19980531.0700.0040: 0.1414693361280911
VOM19980605.0900.0045: 0.12851896754640563
VOM19980605.0730.0042: 0.12457784068807581
VOM19980602.0700.0166: 0.12237431887077699
VOM19980605.0700.0040: 0.10207800259871885
VOM19980220.0900.3537: 0.10190532980774308
VOM19980315.0700.1828: 0.08430488008637733
VOM19980531.0730.0006: 0.08339925986974113
VOM19980628.0700.0527: 0.08336187836968811
VOM19980606.0730.0234: 0.08025690791664007
VOM19980606.0700.0206: 0.07895345156510829
VOM19980403.0700.2289: 0.07695570467930381
