VOM19980311.0700.1487: 0.21725455414446646
VOM19980630.0900.0230: 0.21042475757119147
VOM19980303.0900.2128: 0.19990356816122914
VOM19980316.0700.0776: 0.1771921598186912
VOM19980303.0900.0396: 0.17293264149574633
VOM19980304.0700.1058: 0.17129923597889493
VOM19980319.0700.2737: 0.16324461948231878
VOM19980621.0700.0565: 0.14228463977612935
VOM19980305.0900.2093: 0.1311963610859999
VOM19980304.0700.1276: 0.13080132597931476
VOM19980225.0700.0585: 0.12955720225581097
VOM19980316.0700.0702: 0.12886486169483824
VOM19980306.0700.0971: 0.1259592230838176
