VOM19980603.0700.0457: 0.10059853082871568
VOM19980326.0900.3298: 0.0868080705157607
VOM19980624.0730.0117: 0.08174912282817604
VOM19980603.0730.0240: 0.0812458378060905
VOM19980403.0700.3400: 0.06852302902080161
VOM19980224.0700.2219: 0.0661035954092773
VOM19980311.0700.3445: 0.06360446499564347
VOM19980227.0900.2416: 0.06063894230613693
VOM19980306.0700.2852: 0.05607736413051709
VOM19980314.0700.2522: 0.054801180418456615
VOM19980311.0700.0800: 0.054358319464165944
VOM19980225.0900.2065: 0.05204756892561999
VOM19980222.0700.2119: 0.05077526888334729
