VOM19980315.0700.1310: 0.19304788340861623
VOM19980326.0900.0149: 0.17719150434663508
VOM19980226.0900.2900: 0.1683912974368106
VOM19980325.0900.2040: 0.1624029414074895
VOM19980325.0900.0124: 0.15936261167938523
VOM19980624.0730.0254: 0.1588832353806613
VOM19980628.0700.0316: 0.15281747561857578
VOM19980624.0700.0382: 0.14133324361803562
VOM19980506.0900.0257: 0.14034383476845688
VOM19980606.0730.0134: 0.1396122277178829
VOM19980319.0700.0496: 0.13614363248117092
VOM19980508.0700.0452: 0.1329520308201788
VOM19980508.0900.0211: 0.13240388069777267
