VOM19980527.0700.0042: 0.11087920326464368
VOM19980515.0900.0007: 0.10743749319725066
VOM19980527.0730.0003: 0.09735891272370978
VOM19980515.0730.0053: 0.09537413014906518
VOM19980226.0900.1367: 0.09322814961134913
VOM19980527.0900.0008: 0.08846990944299876
VOM19980515.0700.0102: 0.08285030205683269
VOM19980223.0700.1993: 0.08204361256381092
VOM19980223.0900.2288: 0.08181974129107487
VOM19980302.0700.1233: 0.07843343611342249
VOM19980524.0730.0061: 0.07831517153481138
VOM19980524.0700.0265: 0.07831517153481138
VOM19980305.0900.2166: 0.0768907921062244
