VOM19980314.0700.1911: 0.23249892692189722
VOM19980314.0700.0239: 0.22822585489645308
VOM19980316.0900.1667: 0.2245185269409358
VOM19980327.0900.2123: 0.21192058318970045
VOM19980319.0900.1922: 0.1875826541278069
VOM19980319.0900.0162: 0.1863448739899496
VOM19980305.0700.0354: 0.18137933012104782
VOM19980302.0700.1749: 0.17901617767117817
VOM19980311.0700.1883: 0.17335612405639775
VOM19980623.0700.0507: 0.17234024251249933
VOM19980623.0730.0101: 0.17234024251249933
VOM19980619.0700.0464: 0.17099706484770458
VOM19980303.0900.0203: 0.17035980144586563
