VOM19980224.0700.2219: 0.13360475050132609
VOM19980303.0700.2491: 0.1311309246841204
VOM19980302.0900.2091: 0.13017747470240146
VOM19980303.0700.0783: 0.11996170232614962
VOM19980305.0900.2166: 0.11668845568401477
VOM19980305.0900.1046: 0.11642473979309995
VOM19980316.0900.2108: 0.11560740555810621
VOM19980302.0700.2334: 0.11402471786640828
VOM19980325.0900.1209: 0.11052163331873839
VOM19980223.0900.1151: 0.11003225717035565
VOM19980303.0900.2868: 0.10869457181150674
VOM19980319.0700.2278: 0.10569137677861257
VOM19980223.0700.1993: 0.105126147239027
