VOM19980508.0700.0362: 0.20559083911481293
VOM19980508.0730.0003: 0.19475401178090176
VOM19980506.0700.0042: 0.19424200004250317
VOM19980510.0730.0001: 0.19355103307944443
VOM19980508.0900.0007: 0.1934401489224604
VOM19980506.0900.0006: 0.19245234473016337
VOM19980507.0700.0242: 0.19207578972972442
VOM19980509.0730.0027: 0.18947137211910275
VOM19980507.0730.0066: 0.18834168391827502
VOM19980509.0700.0089: 0.18347902758245055
VOM19980507.0900.0040: 0.18294089611547673
VOM19980510.0700.0040: 0.18223784082802755
VOM19980327.0900.0221: 0.17519824137442078
