VOM19980508.0700.0362: 0.2647190321822
VOM19980510.0730.0001: 0.2588663049540304
VOM19980507.0730.0066: 0.2584703153247668
VOM19980507.0700.0242: 0.25237489395371626
VOM19980507.0900.0040: 0.251004025152839
VOM19980508.0900.0007: 0.24411568792293362
VOM19980508.0730.0003: 0.24368020293083678
VOM19980509.0730.0027: 0.24188794963873184
VOM19980510.0700.0040: 0.24132281598765795
VOM19980527.0700.0388: 0.2388845995945335
VOM19980509.0700.0089: 0.23786462312909906
VOM19980506.0700.0042: 0.23370323590736414
VOM19980506.0900.0006: 0.23186839458146224
