VOM19980220.0700.2814: 0.1165157942058926
VOM19980410.0900.0241: 0.10745559970384103
VOM19980301.0700.0393: 0.10687951154973528
VOM19980223.0700.1511: 0.10489996082137877
VOM19980224.0900.3022: 0.10351946896373537
VOM19980326.0900.2164: 0.09634960609523925
VOM19980326.0700.2359: 0.09634960609523925
VOM19980620.0700.0552: 0.09260930879882658
VOM19980227.0900.3069: 0.09179563917457582
VOM19980315.0700.2508: 0.09096419347805443
VOM19980220.0700.0707: 0.08575725507956374
VOM19980317.0900.2819: 0.08464345287032565
VOM19980515.0900.0007: 0.08217279909766649
