VOM19980508.0700.0362: 0.21488701236509775
VOM19980510.0730.0001: 0.2037497633242222
VOM19980508.0730.0003: 0.20223833819749404
VOM19980507.0700.0242: 0.20193626821915797
VOM19980508.0900.0007: 0.20102375874300196
VOM19980506.0700.0042: 0.1995262634201701
VOM19980506.0900.0006: 0.19821450260390974
VOM19980509.0730.0027: 0.19716042414224486
VOM19980507.0730.0066: 0.1971115295018058
VOM19980510.0700.0040: 0.1922606796514999
VOM19980507.0900.0040: 0.19141627132851383
VOM19980509.0700.0089: 0.1914031744896846
VOM19980327.0900.0221: 0.18245697184840207
