VOM19980315.0700.1310: 0.18204654339084303
VOM19980226.0900.2900: 0.16484629235729517
VOM19980326.0900.0149: 0.16225749650995802
VOM19980325.0900.2040: 0.14352171017043508
VOM19980325.0900.0124: 0.14071795003669244
VOM19980624.0730.0254: 0.13998340612365898
VOM19980628.0700.0316: 0.13469589373117455
VOM19980220.0900.1332: 0.12618814146245114
VOM19980624.0700.0382: 0.12546037111211625
VOM19980606.0730.0134: 0.1235487441512306
VOM19980226.0900.3196: 0.12078513501363349
VOM19980319.0700.0496: 0.11963252198259039
VOM19980506.0900.0257: 0.11897104753826172
