VOM19980311.0700.1487: 0.3538369264388298
VOM19980304.0700.1058: 0.34763501061259944
VOM19980303.0900.2128: 0.3434892022601864
VOM19980303.0900.0396: 0.32021786224388293
VOM19980523.0700.0189: 0.31856330562175267
VOM19980630.0900.0230: 0.31547363164265607
VOM19980316.0700.0776: 0.3002346500163208
VOM19980319.0700.2737: 0.29467894521185795
VOM19980306.0700.0971: 0.29156484761056634
VOM19980305.0900.2093: 0.2914453837359157
VOM19980225.0700.0585: 0.2854626658629979
VOM19980316.0700.0944: 0.28051202830036465
VOM19980326.0700.1793: 0.2777115606641685
