VOM19980314.0700.1261: 0.20668347587702662
VOM19980223.0700.1993: 0.2029290539176202
VOM19980224.0700.2219: 0.19741895198349166
VOM19980314.0700.0818: 0.19578206328641487
VOM19980303.0700.2491: 0.18737068727532882
VOM19980403.0900.2349: 0.1831540611103604
VOM19980317.0900.0757: 0.18297587859012715
VOM19980317.0700.0924: 0.1806764821556546
VOM19980302.0900.2091: 0.17985680479571384
VOM19980403.0700.0727: 0.17935464109931962
VOM19980225.0700.2209: 0.17893220916358987
VOM19980319.0700.1102: 0.17625456979551382
VOM19980306.0700.1916: 0.17466548247350452
