VOM19980303.0700.0783: 0.12115685827432508
VOM19980530.0700.0107: 0.1097532466775247
VOM19980530.0730.0037: 0.10828722080826696
VOM19980305.0900.2166: 0.1073742513294749
VOM19980315.0700.2670: 0.10668405024014352
VOM19980305.0900.1046: 0.10599170094639164
VOM19980303.0700.2491: 0.10252779229538977
VOM19980224.0700.2219: 0.10200375589878737
VOM19980326.0900.0118: 0.10000736635191897
VOM19980302.0900.2091: 0.09940591689493763
VOM19980224.0700.1530: 0.09879286577542344
VOM19980612.0700.0080: 0.09806623043965015
VOM19980623.0900.0051: 0.09694611587602803
