VOM19980602.0900.0127: 0.20140555085266076
VOM19980531.0700.0040: 0.19644542026268258
VOM19980220.0900.3537: 0.1747388547273841
VOM19980605.0900.0045: 0.17176438442415035
VOM19980605.0730.0042: 0.16661181707069528
VOM19980602.0700.0166: 0.16639279498487036
VOM19980628.0700.0527: 0.16479119756422336
VOM19980531.0730.0006: 0.15566033478500313
VOM19980315.0700.1828: 0.15200598367094692
VOM19980605.0700.0040: 0.1362886157247181
VOM19980606.0730.0234: 0.13579140798608333
VOM19980606.0700.0206: 0.1336498619895293
VOM19980507.0700.0355: 0.12189489423385676
