VOM19980314.0700.1261: 0.1800518166510367
VOM19980224.0700.2219: 0.17940865452035634
VOM19980223.0700.1993: 0.17905098198664735
VOM19980314.0700.0818: 0.16951980857574248
VOM19980303.0700.2491: 0.16765699637913753
VOM19980302.0900.2091: 0.16128931853496853
VOM19980317.0900.0757: 0.16128045909175967
VOM19980225.0700.2209: 0.15837321580124025
VOM19980403.0900.2349: 0.15619249376683067
VOM19980317.0700.0924: 0.15488938146183548
VOM19980306.0700.1916: 0.15400089606281295
VOM19980403.0700.0727: 0.15373567942341945
VOM19980319.0700.1102: 0.15112270026311167
