VOM19980424.0900.0178: 0.26622834435950843
VOM19980225.0900.2118: 0.2640726137846247
VOM19980225.0900.0421: 0.2640726137846247
VOM19980507.0700.0521: 0.253680796882397
VOM19980511.0900.0004: 0.2503194889482531
VOM19980327.0900.2123: 0.25010210333282595
VOM19980511.0730.0099: 0.24918166719880072
VOM19980511.0700.0193: 0.24715576637149025
VOM19980302.0900.1291: 0.24518373516542197
VOM19980305.0700.0436: 0.24139748818321966
VOM19980511.0730.0003: 0.24014605321403723
VOM19980511.0700.0039: 0.24014605321403723
VOM19980302.0700.3469: 0.23816525581123346
