VOM19980315.0700.1310: 0.17810357656828013
VOM19980226.0900.2900: 0.15984406659595024
VOM19980326.0900.0149: 0.15883727841847803
VOM19980325.0900.2040: 0.14224396442715537
VOM19980325.0900.0124: 0.13913890339892118
VOM19980624.0730.0254: 0.13791016052282196
VOM19980628.0700.0316: 0.13306683652488865
VOM19980624.0700.0382: 0.12245415333249236
VOM19980220.0900.1332: 0.12231413778829708
VOM19980606.0730.0134: 0.11986996784093384
VOM19980319.0700.0496: 0.11820074672716391
VOM19980506.0900.0257: 0.11816432753324016
VOM19980226.0900.3196: 0.11563968274673364
