VOM19980316.0900.1667: 0.3154452182590804
VOM19980327.0900.2123: 0.2909118951044223
VOM19980319.0900.1922: 0.2859570899255067
VOM19980302.0700.1749: 0.2822861093102112
VOM19980319.0900.0162: 0.282235147015946
VOM19980314.0700.1911: 0.27867916304480156
VOM19980311.0700.1883: 0.2770152941084838
VOM19980314.0700.0239: 0.2725876726877244
VOM19980302.0700.1577: 0.26777272609756864
VOM19980619.0700.0464: 0.26444888629006663
VOM19980619.0730.0212: 0.2601645431638419
VOM19980305.0900.2891: 0.25403835245126
VOM19980222.0700.0448: 0.253517032035818
