VOM19980508.0700.0362: 0.21966039094100376
VOM19980510.0730.0001: 0.21058832136888456
VOM19980507.0700.0242: 0.2076005211221379
VOM19980508.0730.0003: 0.20602290129151607
VOM19980508.0900.0007: 0.20502581167704165
VOM19980507.0730.0066: 0.20386170182629615
VOM19980506.0700.0042: 0.20280344969023975
VOM19980509.0730.0027: 0.20247098430519175
VOM19980506.0900.0006: 0.20183265041136664
VOM19980507.0900.0040: 0.19797140699431998
VOM19980510.0700.0040: 0.1977765097711721
VOM19980509.0700.0089: 0.1967534233379408
VOM19980527.0700.0388: 0.18689610920550417
