VOM19980315.0700.1310: 0.16880454196086214
VOM19980226.0900.2900: 0.165575032349083
VOM19980326.0900.0149: 0.14031226986399725
VOM19980220.0900.1332: 0.13451214567190528
VOM19980628.0700.0316: 0.12968768854119586
VOM19980325.0900.2040: 0.1270134247948329
VOM19980325.0900.0124: 0.12322172966069268
VOM19980606.0730.0134: 0.12097871893635567
VOM19980624.0730.0254: 0.12076936340812314
VOM19980226.0900.3196: 0.12072026680720256
VOM19980319.0700.0496: 0.11674014985248522
VOM19980508.0700.0452: 0.1147419292217944
VOM19980624.0700.0382: 0.1137649499460467
