VOM19980603.0700.0103: 0.19933579115114536
VOM19980616.0730.0180: 0.17769870534943846
VOM19980616.0900.0100: 0.17697013623033978
VOM19980616.0730.0252: 0.1548237097305276
VOM19980616.0900.0077: 0.1548237097305276
VOM19980531.0700.0120: 0.1441725311807056
VOM19980317.0700.0723: 0.12824066098816117
VOM19980618.0900.0057: 0.12705482693449313
VOM19980529.0730.0042: 0.11909749924485093
VOM19980529.0900.0046: 0.11909749924485093
VOM19980224.0900.2345: 0.11624309621004388
VOM19980319.0900.2169: 0.1130109398677649
VOM19980604.0700.0039: 0.10912718667841134
