VOM19980314.0700.1261: 0.18211690879395104
VOM19980223.0700.1993: 0.15458189409500334
VOM19980403.0900.2349: 0.15343858281384282
VOM19980314.0700.0818: 0.1455399407150623
VOM19980224.0700.2219: 0.14365807587719012
VOM19980317.0700.0924: 0.1399770722327821
VOM19980303.0700.2491: 0.1398081802717912
VOM19980317.0900.0757: 0.13786276271262562
VOM19980220.0900.2138: 0.13755714586826984
VOM19980317.0700.0723: 0.13665369130179272
VOM19980225.0900.1275: 0.1352929292352417
VOM19980223.0900.2779: 0.13446102312605057
VOM19980225.0900.1029: 0.1336980376242945
