VOM19980526.0900.0124: 0.12611491059657393
VOM19980616.0730.0180: 0.12531670461992178
VOM19980616.0900.0100: 0.12480323001411887
VOM19980225.0900.1919: 0.12308747288464787
VOM19980225.0900.0216: 0.12178080245847084
VOM19980526.0730.0065: 0.1210970443947093
VOM19980319.0900.0364: 0.11953856672032288
VOM19980222.0700.0448: 0.1184438121323002
VOM19980302.0700.0484: 0.11546587696462363
VOM19980316.0900.2774: 0.11441124082192487
VOM19980404.0700.1061: 0.11285734364566948
VOM19980225.0900.0714: 0.11142898879513927
VOM19980623.0700.0472: 0.10642425177451519
