VOM19980603.0900.0074: 0.2780308227019413
VOM19980605.0730.0276: 0.21073912644211895
VOM19980603.0730.0280: 0.20729990049034605
VOM19980604.0900.0213: 0.19236025213914926
VOM19980606.0700.0354: 0.1886689370533113
VOM19980605.0700.0440: 0.18290483974315952
VOM19980604.0730.0250: 0.17257072442165694
VOM19980606.0730.0134: 0.1490290590857039
VOM19980509.0730.0100: 0.11774406140834112
VOM19980224.0900.2258: 0.10906462522090839
VOM19980319.0700.1874: 0.09659786377845662
VOM19980502.0700.0438: 0.09559420188263767
VOM19980305.0700.0276: 0.09338312751695943
