VOM19980315.0700.1310: 0.1784215391182251
VOM19980226.0900.2900: 0.16105544723777082
VOM19980326.0900.0149: 0.15839053143704024
VOM19980325.0900.2040: 0.14061669087042783
VOM19980325.0900.0124: 0.1376081015306634
VOM19980624.0730.0254: 0.1363311714102887
VOM19980628.0700.0316: 0.13155034554157896
VOM19980220.0900.1332: 0.12308483604939718
VOM19980624.0700.0382: 0.12143374014738806
VOM19980606.0730.0134: 0.1188815418770835
VOM19980319.0700.0496: 0.11667278671314675
VOM19980226.0900.3196: 0.11617758399278348
VOM19980506.0900.0257: 0.11575241754129277
