VOM19980314.0700.1911: 0.19883771907052009
VOM19980314.0700.0239: 0.19733864418799663
VOM19980316.0900.1667: 0.1899622720935885
VOM19980327.0900.2123: 0.18401868500724022
VOM19980311.0700.1883: 0.1804223002688632
VOM19980228.0700.0448: 0.16804169181976897
VOM19980302.0700.1749: 0.15679809564999123
VOM19980316.0900.1861: 0.15361553862835958
VOM19980319.0900.1922: 0.15238561537058434
VOM19980319.0900.0162: 0.1504022039405849
VOM19980305.0900.2891: 0.14723119593987521
VOM19980302.0700.1577: 0.14692328602818958
VOM19980404.0700.0676: 0.14384647958848573
