VOM19980527.0700.0042: 0.18667483621373482
VOM19980527.0730.0003: 0.18207692042861415
VOM19980527.0900.0008: 0.17285285767552294
VOM19980524.0730.0061: 0.1654426697928149
VOM19980524.0700.0265: 0.1654426697928149
VOM19980515.0900.0007: 0.15969722225465136
VOM19980421.0900.0146: 0.14827246027841592
VOM19980501.0700.0297: 0.14682997935267966
VOM19980515.0730.0053: 0.14472135956123106
VOM19980620.0700.0143: 0.1382183435826559
VOM19980624.0900.0112: 0.13780898716146311
VOM19980316.0900.1960: 0.13662230652758547
VOM19980317.0700.0156: 0.13519727004178111
