VOM19980603.0900.0074: 0.3491408662207701
VOM19980604.0900.0213: 0.23997917061753243
VOM19980603.0730.0280: 0.23543435632534473
VOM19980605.0730.0276: 0.22525370262818636
VOM19980604.0730.0250: 0.2122624999101208
VOM19980605.0700.0440: 0.20534391131955082
VOM19980606.0700.0354: 0.17820603882033342
VOM19980606.0730.0134: 0.13289398271509575
VOM19980223.0900.1854: 0.1025368132454624
VOM19980223.0900.0265: 0.1020808997167128
VOM19980509.0730.0100: 0.09390921382013187
VOM19980224.0900.2258: 0.09372151288609885
VOM19980223.0900.3466: 0.08630997376439835
