VOM19980311.0700.1487: 0.21727942516838436
VOM19980630.0900.0230: 0.2104386825017731
VOM19980303.0900.2128: 0.19993256152863784
VOM19980316.0700.0776: 0.17720795598655698
VOM19980303.0900.0396: 0.17296249046126358
VOM19980304.0700.1058: 0.17133015418098832
VOM19980319.0700.2737: 0.1632613356690598
VOM19980621.0700.0565: 0.14231639354359835
VOM19980305.0900.2093: 0.13122592580457723
VOM19980304.0700.1276: 0.13081082355025894
VOM19980225.0700.0585: 0.12958517315320567
VOM19980316.0700.0702: 0.1288825878838862
VOM19980306.0700.0971: 0.12598832366664703
