VOM19980220.0700.2814: 0.1215486965450959
VOM19980410.0900.0241: 0.11729236810655272
VOM19980301.0700.0393: 0.11607998045316051
VOM19980223.0700.1511: 0.11149076094564794
VOM19980224.0900.3022: 0.109385219509129
VOM19980326.0900.2164: 0.10419330802995487
VOM19980326.0700.2359: 0.10419330802995487
VOM19980227.0900.3069: 0.09886222723335979
VOM19980620.0700.0552: 0.09789032364879517
VOM19980315.0700.2508: 0.09773497725479299
VOM19980220.0700.0707: 0.09484069758804013
VOM19980317.0900.2819: 0.09309328711023071
VOM19980515.0900.0007: 0.0907703155029962
