VOM19980507.0700.0521: 0.2128907199013431
VOM19980511.0900.0004: 0.19426031152706455
VOM19980511.0730.0003: 0.1875552825767606
VOM19980511.0700.0039: 0.1875552825767606
VOM19980529.0900.0148: 0.1668943125642754
VOM19980302.0900.1291: 0.16494230744249871
VOM19980529.0700.0334: 0.1565154361704585
VOM19980529.0730.0148: 0.15593309416260573
VOM19980302.0700.3469: 0.14977830823172197
VOM19980511.0730.0099: 0.14687384347665877
VOM19980327.0900.2123: 0.1461372543774592
VOM19980424.0900.0178: 0.14359210096387506
VOM19980301.0700.0168: 0.13961310706285987
