VOM19980603.0700.0103: 0.19572661729556598
VOM19980616.0730.0180: 0.1749641025492411
VOM19980616.0900.0100: 0.17429400526948116
VOM19980616.0730.0252: 0.15219667961561487
VOM19980616.0900.0077: 0.15219667961561487
VOM19980531.0700.0120: 0.1412451258429396
VOM19980317.0700.0723: 0.1252834294102567
VOM19980618.0900.0057: 0.1241316491333056
VOM19980529.0730.0042: 0.11692480860027321
VOM19980529.0900.0046: 0.11692480860027321
VOM19980224.0900.2345: 0.11326673103589603
VOM19980319.0900.2169: 0.1087441579659286
VOM19980604.0700.0039: 0.10604639652473785
