VOM19980326.0900.3298: 0.14578027122943815
VOM19980624.0730.0117: 0.14310085804673678
VOM19980603.0700.0457: 0.1139426694081638
VOM19980526.0730.0229: 0.10655249215779003
VOM19980603.0730.0240: 0.1063315476006097
VOM19980403.0700.3400: 0.10329930052590121
VOM19980327.0900.2035: 0.10054736739397521
VOM19980220.0700.0672: 0.09591737081953759
VOM19980613.0700.0546: 0.0942906789124352
VOM19980223.0700.0800: 0.09409630194043594
VOM19980302.0700.0373: 0.09322252162029247
VOM19980527.0700.0466: 0.09261211489693336
VOM19980225.0900.2065: 0.09252955482109874
