VOM19980311.0700.1487: 0.224937336407307
VOM19980304.0700.1058: 0.207796069121181
VOM19980630.0900.0230: 0.20746516168177442
VOM19980303.0900.2128: 0.20716178043341185
VOM19980319.0700.2737: 0.19349727126766328
VOM19980316.0700.0776: 0.19347825158503917
VOM19980303.0900.0396: 0.18481485418193386
VOM19980326.0700.1793: 0.16160799578333707
VOM19980306.0700.0971: 0.15797349899598506
VOM19980316.0700.0944: 0.15179253793858039
VOM19980523.0700.0189: 0.1503766670361957
VOM19980305.0900.2093: 0.14718895685366531
VOM19980304.0700.1276: 0.1468087416085523
