VOM19980314.0700.1911: 0.19880122600645556
VOM19980314.0700.0239: 0.1973039058096894
VOM19980316.0900.1667: 0.189906854167602
VOM19980327.0900.2123: 0.1839709708983741
VOM19980311.0700.1883: 0.18037782481964704
VOM19980228.0700.0448: 0.1680059394390403
VOM19980302.0700.1749: 0.15674325817936224
VOM19980316.0900.1861: 0.15358780549443235
VOM19980319.0900.1922: 0.15232881264831818
VOM19980319.0900.0162: 0.15034614054773857
VOM19980305.0900.2891: 0.1471857885546671
VOM19980302.0700.1577: 0.14687106528863336
VOM19980227.0900.2836: 0.14380423350263175
