VOM19980508.0700.0362: 0.20209149929047182
VOM19980508.0730.0003: 0.18897383403900406
VOM19980506.0700.0042: 0.18659741487416057
VOM19980507.0700.0242: 0.18640996089458162
VOM19980508.0900.0007: 0.1861955624057232
VOM19980510.0730.0001: 0.1820443335599613
VOM19980506.0900.0006: 0.1809929968416409
VOM19980510.0700.0040: 0.1780784664194045
VOM19980509.0730.0027: 0.17633191314591667
VOM19980507.0730.0066: 0.1746354203401215
VOM19980509.0700.0089: 0.1720190461045136
VOM19980507.0900.0040: 0.1703127686048344
VOM19980327.0900.0221: 0.16476659530986767
