VOM19980410.0900.0241: 0.21732214719777315
VOM19980225.0900.0332: 0.20421871282803183
VOM19980305.0900.1736: 0.19281410879594482
VOM19980326.0900.2164: 0.19251885172722585
VOM19980326.0700.2359: 0.19251885172722585
VOM19980301.0700.0393: 0.18499689708061848
VOM19980526.0730.0229: 0.18444084864196303
VOM19980317.0900.2819: 0.17938785371234042
VOM19980302.0900.0402: 0.17744279014685385
VOM19980227.0900.3069: 0.17706273265936034
VOM19980223.0700.0664: 0.1760143946546573
VOM19980222.0700.2148: 0.17462871037597813
VOM19980404.0700.0406: 0.1728427043371711
