VOM19980325.0900.3341: 0.1925960082518982
VOM19980522.0700.0456: 0.1188670930713192
VOM19980607.0730.0033: 0.09941217146452173
VOM19980326.0700.1668: 0.09678621886537687
VOM19980522.0730.0286: 0.08279822332258684
VOM19980630.0900.0127: 0.08036200680355086
VOM19980224.0700.2219: 0.07905984648889448
VOM19980306.0700.2852: 0.07858873681534714
VOM19980312.0900.3445: 0.07496409550972342
VOM19980312.0900.1896: 0.07496409550972342
VOM19980312.0900.0990: 0.07461325445281362
VOM19980326.0900.3442: 0.07325798914369172
VOM19980326.0700.1793: 0.07251141343313898
