VOM19980508.0700.0362: 0.21411635694640735
VOM19980510.0730.0001: 0.20329954036738768
VOM19980508.0730.0003: 0.2015525172245528
VOM19980507.0700.0242: 0.20061652380534736
VOM19980508.0900.0007: 0.20035089731278946
VOM19980506.0700.0042: 0.1998199207861818
VOM19980506.0900.0006: 0.19777292019340317
VOM19980507.0730.0066: 0.19764145610175338
VOM19980509.0730.0027: 0.196295860752604
VOM19980507.0900.0040: 0.1920417618892487
VOM19980510.0700.0040: 0.19060720997473
VOM19980509.0700.0089: 0.19055031043446283
VOM19980527.0700.0388: 0.1803998159557179
