VOM19980527.0700.0042: 0.13392421733691887
VOM19980515.0900.0007: 0.12998601640565116
VOM19980527.0730.0003: 0.1286472954313914
VOM19980524.0730.0061: 0.12584742851736588
VOM19980524.0700.0265: 0.12584742851736588
VOM19980527.0900.0008: 0.12236713585990604
VOM19980515.0730.0053: 0.11903176267548754
VOM19980630.0900.0127: 0.10822159005845489
VOM19980403.0900.2121: 0.10543796079794653
VOM19980515.0700.0102: 0.10430000966417526
VOM19980410.0900.0241: 0.10287413983936963
VOM19980403.0700.0489: 0.10274582566659206
VOM19980421.0900.0146: 0.10244234558323674
