VOM19980508.0700.0362: 0.26476272557340064
VOM19980510.0730.0001: 0.25890859558115026
VOM19980507.0730.0066: 0.25850163441402707
VOM19980507.0700.0242: 0.25241770261746616
VOM19980507.0900.0040: 0.25103259620034746
VOM19980508.0900.0007: 0.24414822004722755
VOM19980508.0730.0003: 0.24371580356855788
VOM19980509.0730.0027: 0.24192401666868357
VOM19980510.0700.0040: 0.24136734126777706
VOM19980527.0700.0388: 0.2389207599581355
VOM19980509.0700.0089: 0.23790041792092192
VOM19980506.0700.0042: 0.23372515752077783
VOM19980506.0900.0006: 0.2318975768035374
