VOM19980303.0700.0783: 0.15733531833914632
VOM19980303.0700.2491: 0.15426508291514565
VOM19980224.0700.2219: 0.15419824153001324
VOM19980302.0900.2091: 0.1511994286096029
VOM19980305.0900.2166: 0.15063347174079986
VOM19980305.0900.1046: 0.14710703599368338
VOM19980302.0700.2334: 0.14457159624936042
VOM19980316.0900.2108: 0.14307895734047943
VOM19980303.0900.2868: 0.14073056994896657
VOM19980325.0900.1209: 0.14045749026786775
VOM19980315.0700.2670: 0.14022189104656047
VOM19980319.0700.2278: 0.13851750797483675
VOM19980225.0900.0714: 0.1366470145724998
