VOM19980314.0700.1911: 0.21259515758772923
VOM19980314.0700.0239: 0.21060992221682479
VOM19980327.0900.2123: 0.17171552406496138
VOM19980316.0900.1667: 0.17038993648052628
VOM19980316.0900.1861: 0.1573863293787001
VOM19980303.0900.1926: 0.14276552669760587
VOM19980311.0700.1883: 0.1424695716261998
VOM19980228.0700.0448: 0.14207781529218586
VOM19980302.0700.3423: 0.14078637549794748
VOM19980303.0900.3358: 0.1399454862141771
VOM19980302.0700.2096: 0.13503856000862466
VOM19980623.0700.0507: 0.13407950811388988
VOM19980623.0730.0101: 0.13407950811388988
