VOM19980508.0700.0362: 0.21487559118701846
VOM19980510.0730.0001: 0.20375143584245686
VOM19980508.0730.0003: 0.2022288110874853
VOM19980507.0700.0242: 0.20193049850584247
VOM19980508.0900.0007: 0.2010175623501975
VOM19980506.0700.0042: 0.19952639336278896
VOM19980506.0900.0006: 0.19821077799452103
VOM19980509.0730.0027: 0.19715821158187777
VOM19980507.0730.0066: 0.19711625770312421
VOM19980510.0700.0040: 0.1922533890516492
VOM19980507.0900.0040: 0.1914222685277451
VOM19980509.0700.0089: 0.191400789485501
VOM19980327.0900.0221: 0.18244369706973335
