VOM19980314.0700.1261: 0.17871375764607414
VOM19980223.0700.1993: 0.15135681852744864
VOM19980403.0900.2349: 0.15016459014521374
VOM19980314.0700.0818: 0.14188433629957561
VOM19980224.0700.2219: 0.1415340626904952
VOM19980303.0700.2491: 0.1375077677029182
VOM19980317.0700.0924: 0.1364509156760136
VOM19980317.0900.0757: 0.1355449541144125
VOM19980220.0900.2138: 0.1349110639055983
VOM19980317.0700.0723: 0.1323011430611309
VOM19980225.0900.1275: 0.1313139656895056
VOM19980223.0900.2779: 0.130941854959937
VOM19980225.0900.1029: 0.13079744467601065
