VOM19980306.0700.1305: 0.08950869476654219
VOM19980505.0700.0193: 0.08733690778441949
VOM19980314.0700.2522: 0.08534971759961638
VOM19980226.0900.0622: 0.07978449296271671
VOM19980319.0900.2169: 0.07881244080489003
VOM19980507.0700.0127: 0.07805156952310119
VOM19980223.0900.2288: 0.0751460535720972
VOM19980623.0700.0314: 0.07411597560430122
VOM19980223.0700.1993: 0.07367343294044322
VOM19980415.0900.0022: 0.07327898823365499
VOM19980515.0900.0007: 0.0731549731299555
VOM19980521.0700.0039: 0.07306896925951019
VOM19980306.0700.1383: 0.07189580283771159
