VOM19980224.0700.2219: 0.1477298522447789
VOM19980303.0700.2491: 0.14713213058658062
VOM19980303.0700.0783: 0.14623508792014014
VOM19980302.0900.2091: 0.144624026114732
VOM19980305.0900.2166: 0.1408285559332459
VOM19980305.0900.1046: 0.1379543333391004
VOM19980302.0700.2334: 0.13508877775818012
VOM19980316.0900.2108: 0.1346092960138542
VOM19980325.0900.1209: 0.13152321720545967
VOM19980303.0900.2868: 0.13117520618802767
VOM19980315.0700.2670: 0.12999961589814002
VOM19980319.0700.2278: 0.1287931837395709
VOM19980223.0900.1151: 0.1265187343994645
