VOM19980508.0700.0362: 0.21409083730836376
VOM19980510.0730.0001: 0.20327951149971354
VOM19980508.0730.0003: 0.20152942518858102
VOM19980507.0700.0242: 0.20059511764090132
VOM19980508.0900.0007: 0.2003276867899852
VOM19980506.0700.0042: 0.19979997406662806
VOM19980506.0900.0006: 0.19775490076739194
VOM19980507.0730.0066: 0.19761762636586427
VOM19980509.0730.0027: 0.19627757384559816
VOM19980507.0900.0040: 0.1920186073114806
VOM19980510.0700.0040: 0.1905865126536126
VOM19980509.0700.0089: 0.1905312453022865
VOM19980527.0700.0388: 0.18037610312251803
