VOM19980303.0700.0783: 0.1218526713780599
VOM19980530.0700.0107: 0.11051214247120214
VOM19980530.0730.0037: 0.10999116136617611
VOM19980305.0900.2166: 0.10815326072552695
VOM19980315.0700.2670: 0.10760636667155776
VOM19980305.0900.1046: 0.1063932307767699
VOM19980326.0900.0118: 0.103858922471733
VOM19980303.0700.2491: 0.10237413104257945
VOM19980224.0700.2219: 0.10176564595903259
VOM19980224.0700.1530: 0.1008391531750344
VOM19980302.0900.2091: 0.09920614332466005
VOM19980612.0700.0080: 0.09899818112818708
VOM19980623.0900.0051: 0.098428210224777
