VOM19980314.0700.1261: 0.17270082718866064
VOM19980223.0700.1993: 0.14505051967819146
VOM19980403.0900.2349: 0.1442824382045354
VOM19980224.0700.2219: 0.1368845854150224
VOM19980314.0700.0818: 0.13498310122144322
VOM19980303.0700.2491: 0.13271715416383195
VOM19980317.0900.0757: 0.13077146959404978
VOM19980220.0900.2138: 0.1301629657092084
VOM19980317.0700.0924: 0.12992496383558522
VOM19980225.0900.1029: 0.12552567529840405
VOM19980316.0900.2774: 0.1252632505341964
VOM19980317.0700.0723: 0.12516481950575176
VOM19980225.0900.1275: 0.12504730873455544
