VOM19980301.0700.0393: 0.11434029045601014
VOM19980220.0700.2814: 0.10285005484319318
VOM19980620.0700.0552: 0.09578248984610652
VOM19980410.0900.0241: 0.09556182475905685
VOM19980224.0900.3022: 0.09325911057639925
VOM19980627.0700.0572: 0.08479691061460976
VOM19980223.0700.1511: 0.08290140671765892
VOM19980613.0700.0555: 0.07928169227287019
VOM19980220.0700.0707: 0.07849292926061231
VOM19980607.0700.0385: 0.07751865339951221
VOM19980607.0730.0163: 0.07751865339951221
VOM19980515.0900.0007: 0.07654391581915164
VOM19980315.0700.2508: 0.07478719674404961
