VOM19980315.0700.1310: 0.17521818381507442
VOM19980226.0900.2900: 0.15857222606958896
VOM19980326.0900.0149: 0.15495622529977562
VOM19980325.0900.2040: 0.13816914313986484
VOM19980325.0900.0124: 0.13507626742923684
VOM19980624.0730.0254: 0.13352016522265414
VOM19980628.0700.0316: 0.12911820921839393
VOM19980220.0900.1332: 0.12139537876880291
VOM19980624.0700.0382: 0.11882083069025233
VOM19980606.0730.0134: 0.11608456200115394
VOM19980319.0700.0496: 0.1146975555332875
VOM19980506.0900.0257: 0.1137084291459082
VOM19980226.0900.3196: 0.11369709579935733
