VOM19980311.0700.1487: 0.20246588877251956
VOM19980630.0900.0230: 0.19355440552236963
VOM19980303.0900.2128: 0.17948964911481555
VOM19980316.0700.0776: 0.16517649625823344
VOM19980304.0700.1058: 0.15716192172737758
VOM19980319.0700.2737: 0.15329757925311496
VOM19980303.0900.0396: 0.15308116635318295
VOM19980304.0700.1276: 0.12137486296647532
VOM19980621.0700.0565: 0.1213105774298388
VOM19980326.0700.1793: 0.11145947855080855
VOM19980316.0700.0702: 0.11127240152496627
VOM19980306.0700.0971: 0.11101564533058625
VOM19980305.0900.2093: 0.11040323969899019
