VOM19980222.0700.0448: 0.1489938875636168
VOM19980225.0900.0216: 0.14671514900366275
VOM19980225.0900.1919: 0.14671514900366275
VOM19980316.0900.2774: 0.1466550134210167
VOM19980225.0900.0714: 0.14595736326460934
VOM19980221.0700.2690: 0.14231451496386072
VOM19980302.0700.0484: 0.14117850089060038
VOM19980221.0700.2087: 0.1407871134796783
VOM19980325.0900.0905: 0.13974605308309615
VOM19980220.0700.2208: 0.13847972614898196
VOM19980326.0900.2164: 0.13703246924964751
VOM19980326.0700.2359: 0.13703246924964751
VOM19980403.0900.0619: 0.1363322330401449
