VOM19980303.0700.0783: 0.15728608098263785
VOM19980303.0700.2491: 0.15422379511892362
VOM19980224.0700.2219: 0.15415922845718144
VOM19980302.0900.2091: 0.15116072109285075
VOM19980305.0900.2166: 0.15058834328530438
VOM19980305.0900.1046: 0.14706442010372164
VOM19980302.0700.2334: 0.1445249067400461
VOM19980316.0900.2108: 0.14303669536398872
VOM19980303.0900.2868: 0.1406864941485212
VOM19980325.0900.1209: 0.14041620169255786
VOM19980315.0700.2670: 0.14017813663104348
VOM19980319.0700.2278: 0.13847324631964036
VOM19980225.0900.0714: 0.13659898581281618
