VOM19980527.0700.0042: 0.1389702577061204
VOM19980527.0730.0003: 0.13395409147091136
VOM19980515.0900.0007: 0.1333698656578831
VOM19980524.0730.0061: 0.13056965089231468
VOM19980524.0700.0265: 0.13056965089231468
VOM19980527.0900.0008: 0.1275551965639395
VOM19980515.0730.0053: 0.12207112097212659
VOM19980630.0900.0127: 0.11080625453788223
VOM19980403.0900.2121: 0.10914048009902434
VOM19980421.0900.0146: 0.10765454367290533
VOM19980515.0700.0102: 0.10754665809887953
VOM19980403.0700.0489: 0.10555498902656753
VOM19980410.0900.0241: 0.10501005224672189
