VOM19980311.0700.1487: 0.25019968816143334
VOM19980303.0900.2128: 0.2428572101208391
VOM19980630.0900.0230: 0.22182519618582505
VOM19980304.0700.1058: 0.22055077056718522
VOM19980303.0900.0396: 0.22053457363837134
VOM19980621.0700.0565: 0.1972002703005378
VOM19980316.0700.0776: 0.19521957523085
VOM19980523.0700.0189: 0.19277777790691475
VOM19980305.0900.2093: 0.18465630039508493
VOM19980319.0700.2737: 0.18345108377639627
VOM19980225.0700.0585: 0.1801711735280145
VOM19980306.0700.0971: 0.1771787148422157
VOM19980316.0700.0944: 0.16501299033824113
