VOM19980225.0900.1919: 0.1612829322023846
VOM19980225.0900.0216: 0.15948644839635998
VOM19980526.0900.0124: 0.15431978555555884
VOM19980526.0730.0065: 0.1479144404742748
VOM19980222.0700.0448: 0.14516072978226563
VOM19980623.0700.0472: 0.14335215580250896
VOM19980319.0900.0364: 0.13864520986516005
VOM19980326.0700.0480: 0.13638004345680102
VOM19980404.0700.1061: 0.13511843369541318
VOM19980616.0730.0180: 0.1343360160228905
VOM19980302.0700.0484: 0.13409353213682812
VOM19980616.0900.0100: 0.1338215207772993
VOM19980225.0900.0714: 0.1336972470527757
