VOM19980314.0700.1911: 0.18121210330418708
VOM19980314.0700.0239: 0.17830322212045374
VOM19980316.0900.1667: 0.17788315231140106
VOM19980327.0900.2123: 0.16969463673841173
VOM19980311.0700.1883: 0.14276916257764144
VOM19980302.0700.1749: 0.13701867857777053
VOM19980319.0900.1922: 0.13206991967923423
VOM19980319.0900.0162: 0.131286998920422
VOM19980228.0700.0448: 0.12768727664983584
VOM19980316.0900.1861: 0.1270735420407624
VOM19980623.0700.0507: 0.12451404969873602
VOM19980623.0730.0101: 0.12451404969873602
VOM19980305.0900.2891: 0.12166479617090842
