VOM19980314.0700.1911: 0.21261011908417388
VOM19980314.0700.0239: 0.21062410359009417
VOM19980327.0900.2123: 0.17172677592696778
VOM19980316.0900.1667: 0.1704033714238336
VOM19980316.0900.1861: 0.15739345418223724
VOM19980303.0900.1926: 0.14277658263687085
VOM19980311.0700.1883: 0.14246692083915938
VOM19980228.0700.0448: 0.14207369527972116
VOM19980302.0700.3423: 0.1407983157119942
VOM19980303.0900.3358: 0.1399559214805626
VOM19980302.0700.2096: 0.13504823924474124
VOM19980623.0700.0507: 0.13409352330258248
VOM19980623.0730.0101: 0.13409352330258248
