VOM19980325.0900.3341: 0.20747266910343468
VOM19980522.0700.0456: 0.12961460633751132
VOM19980607.0730.0033: 0.11482042674740471
VOM19980326.0700.1668: 0.10768251219455528
VOM19980522.0730.0286: 0.09904851728152757
VOM19980630.0900.0127: 0.09313634305003594
VOM19980312.0900.3445: 0.08772701784291044
VOM19980312.0900.1896: 0.08772701784291044
VOM19980306.0700.2852: 0.08566810723872958
VOM19980224.0700.2219: 0.08398083886841518
VOM19980326.0900.3442: 0.08306749064298617
VOM19980312.0900.0990: 0.08270743729661545
VOM19980607.0700.0121: 0.08135300789784941
