VOM19980507.0700.0521: 0.21319556459181252
VOM19980511.0900.0004: 0.19270082822622933
VOM19980511.0730.0003: 0.18530183921780488
VOM19980511.0700.0039: 0.18530183921780488
VOM19980424.0900.0178: 0.16577745368281235
VOM19980511.0730.0099: 0.1606113956861857
VOM19980302.0900.1291: 0.15649605053112514
VOM19980225.0900.2118: 0.1549303890454562
VOM19980225.0900.0421: 0.1549303890454562
VOM19980529.0900.0148: 0.15406286872411973
VOM19980524.0730.0003: 0.14544160835349476
VOM19980511.0900.0067: 0.14440752015771155
VOM19980327.0900.2123: 0.1440235137474653
