VOM19980303.0700.0783: 0.2732577074297715
VOM19980305.0900.2166: 0.25498508714361273
VOM19980302.0700.2334: 0.2518226243734688
VOM19980225.0900.0714: 0.2512954755442237
VOM19980404.0700.0676: 0.25002003124878047
VOM19980623.0900.0051: 0.24571461259108524
VOM19980305.0900.1046: 0.245118665309601
VOM19980315.0700.2670: 0.2443148742014212
VOM19980311.0700.1006: 0.24419543455275813
VOM19980612.0700.0080: 0.24359938288234526
VOM19980303.0900.2868: 0.24336184076550577
VOM19980303.0700.2491: 0.2426937172335009
VOM19980319.0700.2278: 0.24218556140663342
