VOM19980222.0700.0448: 0.14894776016263225
VOM19980225.0900.0216: 0.14666252132090785
VOM19980225.0900.1919: 0.14666252132090785
VOM19980316.0900.2774: 0.1466125556987761
VOM19980225.0900.0714: 0.14591412221389144
VOM19980221.0700.2690: 0.14227366594518023
VOM19980302.0700.0484: 0.1411361063244404
VOM19980221.0700.2087: 0.1407424736715568
VOM19980325.0900.0905: 0.1397018476484865
VOM19980220.0700.2208: 0.1384414899177101
VOM19980326.0900.2164: 0.13699274014076743
VOM19980326.0700.2359: 0.13699274014076743
VOM19980403.0900.0619: 0.13629151523498068
