VOM19980314.0700.2522: 0.12389374505809787
VOM19980220.0900.2583: 0.11764567206321716
VOM19980226.0900.0622: 0.11735880038182295
VOM19980511.0730.0133: 0.11720595926868055
VOM19980223.0700.1993: 0.11263763387381331
VOM19980222.0700.0448: 0.1116445428681335
VOM19980222.0700.1016: 0.10863441355851472
VOM19980618.0730.0234: 0.10568747790298501
VOM19980223.0900.2973: 0.10560392651146035
VOM19980223.0900.2288: 0.10559896285381183
VOM19980507.0700.0127: 0.10558787949721256
VOM19980226.0900.2027: 0.10530456618689406
VOM19980315.0700.3008: 0.1048377160036261
