VOM19980507.0700.0521: 0.21317422024619168
VOM19980511.0900.0004: 0.19267343288882907
VOM19980511.0730.0003: 0.18527647596667438
VOM19980511.0700.0039: 0.18527647596667438
VOM19980424.0900.0178: 0.16572395470298132
VOM19980511.0730.0099: 0.16056584097729834
VOM19980302.0900.1291: 0.1564541256052629
VOM19980225.0900.2118: 0.1548767559404733
VOM19980225.0900.0421: 0.1548767559404733
VOM19980529.0900.0148: 0.15404536111929346
VOM19980524.0730.0003: 0.1454037403786477
VOM19980511.0900.0067: 0.14436603969457595
VOM19980327.0900.2123: 0.14397439089426325
