VOM19980624.0730.0117: 0.16528707775895105
VOM19980603.0700.0457: 0.15751514335487554
VOM19980326.0900.3298: 0.15484649937564454
VOM19980613.0700.0546: 0.147167261316155
VOM19980603.0730.0240: 0.14625304123495214
VOM19980225.0900.2065: 0.14190084792934649
VOM19980526.0730.0229: 0.1400945851735014
VOM19980220.0700.0672: 0.1395421814645122
VOM19980304.0700.0408: 0.13763396577205395
VOM19980524.0700.0492: 0.13750793748643417
VOM19980302.0700.0373: 0.1373236365131362
VOM19980224.0700.0481: 0.1337770263110002
VOM19980502.0700.0438: 0.13336140342608266
