VOM19980325.0900.3341: 0.21233465724886422
VOM19980522.0700.0456: 0.1330061234254186
VOM19980607.0730.0033: 0.12031801866251542
VOM19980326.0700.1668: 0.11202498733991324
VOM19980522.0730.0286: 0.10453376287836447
VOM19980630.0900.0127: 0.09791588239933995
VOM19980312.0900.3445: 0.09207805692103394
VOM19980312.0900.1896: 0.09207805692103394
VOM19980306.0700.2852: 0.08863304979444214
VOM19980326.0900.3442: 0.08690251208548648
VOM19980312.0900.0990: 0.0861446965323411
VOM19980224.0700.2219: 0.0859348578855342
VOM19980607.0700.0121: 0.08564866928091427
