VOM19980602.0900.0127: 0.20134991709943745
VOM19980531.0700.0040: 0.19266460263760538
VOM19980220.0900.3537: 0.17296342610448148
VOM19980602.0700.0166: 0.16539485270871973
VOM19980605.0900.0045: 0.16530832981617732
VOM19980628.0700.0527: 0.160918138834272
VOM19980605.0730.0042: 0.16015289751439257
VOM19980531.0730.0006: 0.15100581279982422
VOM19980315.0700.1828: 0.14796754102207105
VOM19980606.0730.0234: 0.13167338840455256
VOM19980605.0700.0040: 0.13011785262018424
VOM19980606.0700.0206: 0.12951058289014988
VOM19980604.0900.0159: 0.11944290309253626
