VOM19980314.0700.1911: 0.20996982357054586
VOM19980314.0700.0239: 0.2082286858691939
VOM19980327.0900.2123: 0.166440011775515
VOM19980316.0900.1667: 0.16373640622617192
VOM19980316.0900.1861: 0.155097208937442
VOM19980303.0900.1926: 0.13922407008158738
VOM19980228.0700.0448: 0.13832769509761259
VOM19980311.0700.1883: 0.13776310439662565
VOM19980302.0700.3423: 0.1377574413648528
VOM19980303.0900.3358: 0.13636704009267134
VOM19980302.0700.2096: 0.13159661068411924
VOM19980623.0700.0507: 0.1297631105370725
VOM19980623.0730.0101: 0.1297631105370725
