VOM19980314.0700.1911: 0.21047621096748773
VOM19980314.0700.0239: 0.2089858612139608
VOM19980327.0900.2123: 0.16349945575091793
VOM19980316.0900.1667: 0.15964291790063204
VOM19980316.0900.1861: 0.15605345121109013
VOM19980303.0900.1926: 0.13998030056656846
VOM19980302.0700.3423: 0.13880985099254334
VOM19980303.0900.3358: 0.137058653134664
VOM19980228.0700.0448: 0.13647496414366914
VOM19980311.0700.1883: 0.13488328178902334
VOM19980302.0700.2096: 0.1325412259689961
VOM19980303.0900.0203: 0.12967722364599737
VOM19980623.0700.0507: 0.1291492237514612
