VOM19980508.0700.0362: 0.21680300676704167
VOM19980510.0730.0001: 0.20726006144895898
VOM19980507.0700.0242: 0.20408329692852248
VOM19980508.0730.0003: 0.20378278120703505
VOM19980508.0900.0007: 0.2027231649997476
VOM19980506.0700.0042: 0.2016570497355103
VOM19980507.0730.0066: 0.201387978748755
VOM19980506.0900.0006: 0.20013864522857594
VOM19980509.0730.0027: 0.19978895950613368
VOM19980507.0900.0040: 0.19561308220631762
VOM19980510.0700.0040: 0.19401638793387438
VOM19980509.0700.0089: 0.19397149796551375
VOM19980527.0700.0388: 0.18390819962228594
