VOM19980603.0900.0074: 0.24412149027947144
VOM19980605.0730.0276: 0.17169986686798808
VOM19980603.0730.0280: 0.16970751870578996
VOM19980604.0900.0213: 0.15208000666184956
VOM19980606.0700.0354: 0.1512189795922564
VOM19980605.0700.0440: 0.14419306849774324
VOM19980604.0730.0250: 0.13438509196828127
VOM19980606.0730.0134: 0.10656888006307738
VOM19980509.0730.0100: 0.07848403606582859
VOM19980319.0700.1874: 0.07497871554579372
VOM19980224.0900.2258: 0.06946840461605644
VOM19980403.0700.2482: 0.06098953661043383
VOM19980314.0700.2522: 0.05900270034263574
