VOM19980314.0700.1911: 0.20131483505415637
VOM19980314.0700.0239: 0.19987550748493407
VOM19980327.0900.2123: 0.15963314223917227
VOM19980316.0900.1667: 0.15636443947649473
VOM19980316.0900.1861: 0.1483168590884928
VOM19980228.0700.0448: 0.13410527430475858
VOM19980311.0700.1883: 0.13362475892113088
VOM19980303.0900.1926: 0.13077306487013007
VOM19980302.0700.3423: 0.12941715076248644
VOM19980303.0900.3358: 0.1281895424355813
VOM19980302.0700.2096: 0.12305241871561386
VOM19980623.0700.0507: 0.12204473607482047
VOM19980623.0730.0101: 0.12204473607482047
