VOM19980315.0700.1310: 0.20936024572325448
VOM19980326.0900.0149: 0.188220201107594
VOM19980226.0900.2900: 0.1819313352579892
VOM19980628.0700.0316: 0.16390727728635643
VOM19980624.0730.0254: 0.16204725040310033
VOM19980325.0900.2040: 0.16125156049908693
VOM19980606.0730.0134: 0.15903148716540916
VOM19980325.0900.0124: 0.15828895434149068
VOM19980624.0700.0382: 0.14976512273063128
VOM19980508.0700.0452: 0.14763874200046895
VOM19980508.0730.0240: 0.1463335094432921
VOM19980508.0900.0211: 0.1448401811253577
VOM19980226.0900.3196: 0.14276162387503769
