VOM19980311.0700.1487: 0.20247864270065777
VOM19980630.0900.0230: 0.1935555781567146
VOM19980303.0900.2128: 0.17950347767071417
VOM19980316.0700.0776: 0.16518243787523929
VOM19980304.0700.1058: 0.15718212594298817
VOM19980319.0700.2737: 0.15330658013816575
VOM19980303.0900.0396: 0.15309597287127266
VOM19980304.0700.1276: 0.12137666626359231
VOM19980621.0700.0565: 0.12132745599089352
VOM19980326.0700.1793: 0.11147257834924594
VOM19980316.0700.0702: 0.11127570599162852
VOM19980306.0700.0971: 0.11103329682410915
VOM19980305.0900.2093: 0.11041630140582369
