VOM19980616.0730.0180: 0.12095063090050544
VOM19980616.0900.0100: 0.1204874005145532
VOM19980526.0900.0124: 0.12025392139877145
VOM19980526.0730.0065: 0.11526254675964956
VOM19980225.0900.1919: 0.11516246925134938
VOM19980319.0900.0364: 0.11449551731832816
VOM19980225.0900.0216: 0.11387970790613619
VOM19980222.0700.0448: 0.11229795014531345
VOM19980302.0700.0484: 0.10965936488879728
VOM19980316.0900.2774: 0.10894504287496748
VOM19980404.0700.1061: 0.10749078289561147
VOM19980225.0900.0714: 0.10585685503340585
VOM19980221.0700.2690: 0.1002897915952174
