VOM19980515.0900.0007: 0.10541827255101877
VOM19980226.0900.1367: 0.10084631375053342
VOM19980527.0700.0042: 0.09452021369885322
VOM19980515.0730.0053: 0.09392403603442294
VOM19980224.0700.2219: 0.09325843849933554
VOM19980223.0700.1993: 0.08997937307344092
VOM19980223.0900.2288: 0.08659543278660203
VOM19980302.0700.1233: 0.08636041237353691
VOM19980515.0700.0102: 0.08542715451962447
VOM19980403.0700.2289: 0.08059783654072009
VOM19980305.0900.2166: 0.07984577577478887
VOM19980225.0700.2209: 0.07861941684004965
VOM19980403.0700.1724: 0.07790902578060384
