VOM19980302.0700.0373: 0.27186953392806057
VOM19980325.0900.3341: 0.2684724167775244
VOM19980502.0700.0438: 0.2647853616768617
VOM19980220.0700.0672: 0.2632580726857672
VOM19980224.0700.0481: 0.26296449721851367
VOM19980430.0900.0149: 0.2556156617185989
VOM19980603.0700.0457: 0.2543735095345843
VOM19980618.0700.0379: 0.2531404750828213
VOM19980506.0700.0104: 0.25048971643405993
VOM19980225.0900.2065: 0.24852506087385443
VOM19980302.0900.0166: 0.24420255616625702
VOM19980506.0900.0045: 0.24120300162633448
VOM19980624.0730.0117: 0.2387751550321631
