VOM19980508.0700.0362: 0.2405987475382711
VOM19980508.0730.0003: 0.22314234032671343
VOM19980508.0900.0007: 0.2222290871713694
VOM19980510.0730.0001: 0.22156507876261666
VOM19980507.0730.0066: 0.22082363805423863
VOM19980507.0700.0242: 0.220801821892179
VOM19980507.0900.0040: 0.2145671326004439
VOM19980506.0700.0042: 0.21332426907397434
VOM19980510.0700.0040: 0.21123340964045387
VOM19980506.0900.0006: 0.20787560935303004
VOM19980509.0730.0027: 0.20769531906720687
VOM19980527.0700.0388: 0.20576113064760782
VOM19980509.0700.0089: 0.204615398262118
