VOM19980603.0700.0457: 0.1405196354792391
VOM19980624.0730.0117: 0.13145600452792144
VOM19980326.0900.3298: 0.13006292274523787
VOM19980603.0730.0240: 0.12493926283036827
VOM19980403.0700.3400: 0.10792304528205843
VOM19980220.0700.0672: 0.10645647273860082
VOM19980225.0900.2065: 0.10552823413379415
VOM19980613.0700.0546: 0.1021473313586195
VOM19980311.0700.3445: 0.10198454602520342
VOM19980527.0700.0466: 0.1017704912948752
VOM19980227.0900.2416: 0.1001722719892809
VOM19980526.0730.0229: 0.09922257091458422
VOM19980504.0700.0300: 0.09904840912551337
