VOM19980314.0700.1261: 0.1776431386124664
VOM19980223.0700.1993: 0.14964763146445498
VOM19980403.0900.2349: 0.14884058380218768
VOM19980314.0700.0818: 0.14018582021519224
VOM19980224.0700.2219: 0.1398249460812511
VOM19980303.0700.2491: 0.13587886672839747
VOM19980317.0700.0924: 0.1348909760022242
VOM19980317.0900.0757: 0.1338737573039651
VOM19980220.0900.2138: 0.1336597391123108
VOM19980317.0700.0723: 0.13123092243595252
VOM19980225.0900.1275: 0.13052022142541683
VOM19980223.0900.2779: 0.12951879590790072
VOM19980225.0900.1029: 0.12938376093113768
