VOM19980602.0900.0127: 0.20109318493023728
VOM19980531.0700.0040: 0.1939376223690877
VOM19980220.0900.3537: 0.17288942207802124
VOM19980605.0900.0045: 0.16776131471174982
VOM19980602.0700.0166: 0.16544331754729208
VOM19980605.0730.0042: 0.16252938174251239
VOM19980628.0700.0527: 0.16217595824071976
VOM19980531.0730.0006: 0.1525474328020072
VOM19980315.0700.1828: 0.14955145160009928
VOM19980606.0730.0234: 0.13284771179065394
VOM19980605.0700.0040: 0.1323533336856513
VOM19980606.0700.0206: 0.13066561738936286
VOM19980604.0900.0159: 0.1198685322994178
