VOM19980303.0700.0783: 0.1634604782033051
VOM19980326.0900.0118: 0.15048140462289916
VOM19980612.0700.0080: 0.15033784882118645
VOM19980224.0700.1530: 0.14667991774191552
VOM19980305.0900.2166: 0.1451215399270213
VOM19980530.0700.0107: 0.14136843644856795
VOM19980326.0700.0452: 0.13964317039906407
VOM19980315.0700.2670: 0.1383939362708247
VOM19980623.0900.0051: 0.1380771041515549
VOM19980305.0900.1046: 0.13697042775940202
VOM19980223.0700.0240: 0.1336330096166806
VOM19980303.0700.2491: 0.13309887634175693
VOM19980602.0700.0199: 0.1325521710146094
