VOM19980311.0700.1487: 0.20751087620879713
VOM19980630.0900.0230: 0.205308859004708
VOM19980303.0900.2128: 0.1929395780659343
VOM19980316.0700.0776: 0.16951578226633743
VOM19980303.0900.0396: 0.16598375311352187
VOM19980304.0700.1058: 0.15968972265650389
VOM19980319.0700.2737: 0.15498994698336196
VOM19980621.0700.0565: 0.13573434332773168
VOM19980304.0700.1276: 0.12383226620745783
VOM19980305.0900.2093: 0.12303997036345626
VOM19980316.0700.0702: 0.12241693619164694
VOM19980225.0700.0585: 0.1219384703553794
VOM19980306.0700.0971: 0.1159311624347201
