VOM19980311.0700.1487: 0.22555593343854133
VOM19980303.0900.2128: 0.21413600841010408
VOM19980630.0900.0230: 0.1976844517464271
VOM19980304.0700.1058: 0.19711375259679573
VOM19980303.0900.0396: 0.1919176606866962
VOM19980316.0700.0776: 0.17466923085178362
VOM19980621.0700.0565: 0.1730188092788531
VOM19980319.0700.2737: 0.166338241304276
VOM19980523.0700.0189: 0.15855285799796773
VOM19980306.0700.0971: 0.1535432972025122
VOM19980305.0900.2093: 0.1521469928190004
VOM19980225.0700.0585: 0.14750055443751348
VOM19980316.0700.0944: 0.14290081528394827
