VOM19980515.0900.0007: 0.11890320872934203
VOM19980527.0700.0042: 0.11853854608651436
VOM19980527.0730.0003: 0.11193448974242301
VOM19980524.0730.0061: 0.10935209032775384
VOM19980524.0700.0265: 0.10935209032775384
VOM19980515.0730.0053: 0.10868151221212109
VOM19980527.0900.0008: 0.10585468359664311
VOM19980630.0900.0127: 0.0968319051217912
VOM19980515.0700.0102: 0.0939493788032735
VOM19980403.0900.2121: 0.0917607098487111
VOM19980410.0900.0241: 0.09099259142011237
VOM19980403.0700.0489: 0.09059205333772263
VOM19980421.0900.0146: 0.0853529348561145
