VOM19980315.0700.1310: 0.17270572347412055
VOM19980226.0900.2900: 0.15838647020737207
VOM19980326.0900.0149: 0.150684042436076
VOM19980325.0900.2040: 0.13226350783824922
VOM19980325.0900.0124: 0.12933334035292782
VOM19980624.0730.0254: 0.12737009511046254
VOM19980628.0700.0316: 0.12382814609208999
VOM19980220.0900.1332: 0.12103844375185525
VOM19980624.0700.0382: 0.11446363912501684
VOM19980226.0900.3196: 0.11250627928533646
VOM19980606.0730.0134: 0.11152634247616817
VOM19980319.0700.0496: 0.11010142744969804
VOM19980506.0900.0257: 0.10677682018430289
