VOM19980311.0700.1487: 0.20177644808589829
VOM19980630.0900.0230: 0.1958588780025349
VOM19980303.0900.2128: 0.18183003261904282
VOM19980316.0700.0776: 0.16509714250334773
VOM19980304.0700.1058: 0.15663585824709875
VOM19980303.0900.0396: 0.15500255050641573
VOM19980319.0700.2737: 0.15307584477452763
VOM19980621.0700.0565: 0.12441182016385859
VOM19980304.0700.1276: 0.12127593829818828
VOM19980316.0700.0702: 0.11238976521298727
VOM19980305.0900.2093: 0.11190802035499461
VOM19980326.0700.1793: 0.11136275451555765
VOM19980306.0700.0971: 0.11095090564485273
