VOM19980325.0900.3341: 0.2211322442982975
VOM19980522.0700.0456: 0.16425391176219778
VOM19980326.0700.1668: 0.14363878213165146
VOM19980607.0730.0033: 0.1346153722784468
VOM19980326.0900.3442: 0.13348553623400922
VOM19980630.0900.0127: 0.12905279437235184
VOM19980306.0700.2852: 0.12844317220315313
VOM19980522.0730.0286: 0.12750907573146789
VOM19980326.0700.1793: 0.1274704784961189
VOM19980312.0900.0990: 0.126967899057048
VOM19980222.0700.1501: 0.12612735213972964
VOM19980222.0700.0448: 0.12372101409684806
VOM19980316.0700.0944: 0.12367878739570864
