VOM19980603.0900.0074: 0.2868293651318376
VOM19980605.0730.0276: 0.2219100233519169
VOM19980603.0730.0280: 0.21793568530761262
VOM19980604.0900.0213: 0.2044696757513453
VOM19980606.0700.0354: 0.2020592669524305
VOM19980605.0700.0440: 0.19449152521341714
VOM19980604.0730.0250: 0.18448189150236113
VOM19980606.0730.0134: 0.1636604016989719
VOM19980509.0730.0100: 0.13140790928106974
VOM19980224.0900.2258: 0.12171548293200934
VOM19980502.0700.0438: 0.11034346846810693
VOM19980305.0700.0276: 0.10516160395800976
VOM19980319.0700.1874: 0.10497555386298255
