VOM19980314.0700.1261: 0.20614221321634307
VOM19980223.0700.1993: 0.19078347416960828
VOM19980314.0700.0818: 0.18656065657062246
VOM19980317.0700.0924: 0.1746243911517427
VOM19980403.0900.2349: 0.17354204286341554
VOM19980224.0700.2219: 0.16848574979826772
VOM19980317.0700.0723: 0.16585795252509564
VOM19980303.0700.2491: 0.1633611299214094
VOM19980223.0900.2288: 0.1614924512527526
VOM19980302.0900.0871: 0.1610369714850473
VOM19980223.0900.2779: 0.160955578280789
VOM19980326.0700.2676: 0.15813415555864635
VOM19980403.0700.0727: 0.1580885914298953
