VOM19980508.0700.0362: 0.2124661050698773
VOM19980510.0730.0001: 0.20182910325497105
VOM19980508.0730.0003: 0.20059043785364677
VOM19980506.0700.0042: 0.1998802175441694
VOM19980508.0900.0007: 0.19940630176252938
VOM19980507.0700.0242: 0.19926063928471688
VOM19980506.0900.0006: 0.19799011215893425
VOM19980507.0730.0066: 0.19676838498027274
VOM19980509.0730.0027: 0.19627236880797697
VOM19980507.0900.0040: 0.19119342713331858
VOM19980509.0700.0089: 0.19026579530743823
VOM19980510.0700.0040: 0.18906162960574033
VOM19980327.0900.0221: 0.18007244657002877
