VOM19980603.0700.0103: 0.1928518651990388
VOM19980616.0730.0180: 0.17326542262076486
VOM19980616.0900.0100: 0.17260183113723782
VOM19980616.0730.0252: 0.15054293939114824
VOM19980616.0900.0077: 0.15054293939114824
VOM19980531.0700.0120: 0.13935828504976808
VOM19980317.0700.0723: 0.12337247156538997
VOM19980618.0900.0057: 0.12230691353250632
VOM19980529.0730.0042: 0.11524290619513282
VOM19980529.0900.0046: 0.11524290619513282
VOM19980224.0900.2345: 0.11157831463329494
VOM19980319.0900.2169: 0.10603445224771596
VOM19980604.0700.0039: 0.10414768910516795
