VOM19980531.0700.0040: 0.18894404057933728
VOM19980605.0730.0042: 0.18832351538781644
VOM19980605.0900.0045: 0.18832351538781644
VOM19980602.0900.0127: 0.18012658591868724
VOM19980220.0900.3537: 0.17469401678503466
VOM19980605.0700.0040: 0.16083657195375212
VOM19980602.0700.0166: 0.1606501648814767
VOM19980628.0700.0527: 0.1533832323787103
VOM19980531.0730.0006: 0.15137253551702323
VOM19980606.0730.0234: 0.14087523464847473
VOM19980606.0700.0206: 0.14087523464847473
VOM19980315.0700.1828: 0.1383451879121442
VOM19980526.0730.0229: 0.136456042350292
