VOM19980507.0700.0521: 0.2235026364642839
VOM19980511.0900.0004: 0.20033284521483088
VOM19980511.0730.0003: 0.1955534089194312
VOM19980511.0700.0039: 0.1955534089194312
VOM19980529.0900.0148: 0.1725915685061214
VOM19980529.0730.0148: 0.1667050645834427
VOM19980529.0700.0334: 0.14150010957714737
VOM19980302.0900.1291: 0.13278456309578138
VOM19980225.0900.2118: 0.12173056376139522
VOM19980225.0900.0421: 0.12173056376139522
VOM19980301.0700.0168: 0.1200288163428444
VOM19980424.0900.0178: 0.11785050205615015
VOM19980511.0730.0099: 0.11563146172418969
