VOM19980508.0700.0362: 0.2254356459776583
VOM19980508.0730.0003: 0.20972573215350396
VOM19980507.0700.0242: 0.20843969860897762
VOM19980508.0900.0007: 0.2057736183768234
VOM19980510.0700.0040: 0.2037040874435559
VOM19980327.0900.0221: 0.19952631403019064
VOM19980510.0730.0001: 0.19784299498829544
VOM19980506.0900.0006: 0.19383512231487
VOM19980427.0900.0219: 0.1937352874541097
VOM19980509.0730.0027: 0.19323357370660377
VOM19980506.0700.0042: 0.1909230250339843
VOM19980509.0700.0089: 0.18960275013831432
VOM19980507.0730.0066: 0.18698001768177008
