VOM19980314.0700.1911: 0.1983751658982173
VOM19980314.0700.0239: 0.19671998256195927
VOM19980327.0900.2123: 0.16056820584987658
VOM19980316.0900.1667: 0.15762476330342304
VOM19980316.0900.1861: 0.146552765001376
VOM19980228.0700.0448: 0.13379249834892462
VOM19980311.0700.1883: 0.133580720684762
VOM19980303.0900.1926: 0.12855679106738538
VOM19980302.0700.3423: 0.12721792281492514
VOM19980303.0900.3358: 0.12599793711823684
VOM19980302.0700.2096: 0.12093213283392512
VOM19980623.0700.0507: 0.12089495970578652
VOM19980623.0730.0101: 0.12089495970578652
