VOM19980311.0700.1487: 0.23852784303689714
VOM19980303.0900.2128: 0.22207076740574394
VOM19980304.0700.1058: 0.2211166435205105
VOM19980630.0900.0230: 0.22070547334687632
VOM19980316.0700.0776: 0.2054298160005501
VOM19980319.0700.2737: 0.20378598356847807
VOM19980303.0900.0396: 0.19951035640124015
VOM19980326.0700.1793: 0.17297096346353988
VOM19980306.0700.0971: 0.1710673873803554
VOM19980523.0700.0189: 0.1679035997365807
VOM19980316.0700.0944: 0.16434454368596493
VOM19980305.0900.2093: 0.16350926787242032
VOM19980225.0700.0585: 0.1596292170613735
