VOM19980603.0700.0103: 0.1774637391700757
VOM19980616.0730.0180: 0.15822635116729522
VOM19980616.0900.0100: 0.15770796706074042
VOM19980616.0730.0252: 0.13200790209187505
VOM19980616.0900.0077: 0.13200790209187505
VOM19980531.0700.0120: 0.12484573529208841
VOM19980317.0700.0723: 0.11480983155510886
VOM19980618.0900.0057: 0.10625211112134413
VOM19980224.0900.2345: 0.10378532548096493
VOM19980529.0730.0042: 0.10143991838279413
VOM19980529.0900.0046: 0.10143991838279413
VOM19980225.0900.1275: 0.09508016020777581
VOM19980319.0900.2169: 0.09398441121587076
