VOM19980315.0700.1310: 0.180558656605191
VOM19980226.0900.2900: 0.1631115731802318
VOM19980326.0900.0149: 0.16064437965695594
VOM19980325.0900.2040: 0.14212806688703727
VOM19980325.0900.0124: 0.13924889995277362
VOM19980624.0730.0254: 0.13829745137954927
VOM19980628.0700.0316: 0.1331855197622091
VOM19980220.0900.1332: 0.12464257473893967
VOM19980624.0700.0382: 0.12358510320199033
VOM19980606.0730.0134: 0.12138633374022156
VOM19980226.0900.3196: 0.11866356592974273
VOM19980319.0700.0496: 0.11804417233480075
VOM19980506.0900.0257: 0.11724730614700711
