VOM19980315.0700.1310: 0.2710786390627125
VOM19980226.0900.2900: 0.25435278748579193
VOM19980326.0900.0149: 0.24569214109141874
VOM19980606.0730.0134: 0.22989052461176873
VOM19980628.0700.0316: 0.22076637542634767
VOM19980226.0900.3196: 0.22056085937569095
VOM19980508.0700.0452: 0.21919864974047618
VOM19980624.0730.0254: 0.21776841933604943
VOM19980508.0730.0240: 0.21629522817435004
VOM19980325.0900.2040: 0.21125007409920987
VOM19980312.0900.2127: 0.210409329495517
VOM19980508.0900.0211: 0.21006537266795633
VOM19980326.0900.3077: 0.2098765432098767
