VOM19980602.0900.0127: 0.1953146802648031
VOM19980531.0700.0040: 0.18717229824780893
VOM19980220.0900.3537: 0.16610068262781358
VOM19980602.0700.0166: 0.1600628366927966
VOM19980605.0900.0045: 0.15701150843408737
VOM19980605.0730.0042: 0.15219663725382346
VOM19980628.0700.0527: 0.15044025794950638
VOM19980531.0730.0006: 0.14176650122326195
VOM19980315.0700.1828: 0.13987927139170717
VOM19980606.0730.0234: 0.12588638866833238
VOM19980605.0700.0040: 0.12398238161891252
VOM19980606.0700.0206: 0.12384186169687758
VOM19980507.0700.0355: 0.11476494949527366
