VOM19980311.0700.1487: 0.23858419314654
VOM19980303.0900.2128: 0.2221280280669134
VOM19980304.0700.1058: 0.22117864625989095
VOM19980630.0900.0230: 0.22075021750543117
VOM19980316.0700.0776: 0.20547544984359062
VOM19980319.0700.2737: 0.20383196387040808
VOM19980303.0900.0396: 0.19956624598387443
VOM19980326.0700.1793: 0.17302101067758138
VOM19980306.0700.0971: 0.17112349976683863
VOM19980523.0700.0189: 0.16796911099582879
VOM19980316.0700.0944: 0.1643985775418752
VOM19980305.0900.2093: 0.1635643208146583
VOM19980225.0700.0585: 0.15968261902841116
