VOM19980507.0700.0521: 0.2199678902122625
VOM19980511.0900.0004: 0.1955283599978431
VOM19980511.0730.0003: 0.19093266059239974
VOM19980511.0700.0039: 0.19093266059239974
VOM19980529.0900.0148: 0.17038836684909217
VOM19980529.0730.0148: 0.16549842684666655
VOM19980529.0700.0334: 0.13635428204283528
VOM19980302.0900.1291: 0.12638085583707878
VOM19980301.0700.0168: 0.11341646711778641
VOM19980225.0900.2118: 0.1101308343361555
VOM19980225.0900.0421: 0.1101308343361555
VOM19980424.0900.0178: 0.10718593489232482
VOM19980511.0730.0099: 0.10717198361360403
