VOM19980306.0700.1305: 0.08448849162082213
VOM19980314.0700.2522: 0.08420109514553409
VOM19980505.0700.0193: 0.08193627111920704
VOM19980226.0900.0622: 0.07819682061579608
VOM19980319.0900.2169: 0.07396416782128111
VOM19980223.0900.2288: 0.07382974555317694
VOM19980223.0700.1993: 0.07293956995569621
VOM19980507.0700.0127: 0.07208593924527758
VOM19980222.0700.0448: 0.06977064622651978
VOM19980515.0900.0007: 0.06930047343140003
VOM19980521.0700.0039: 0.06873983470182056
VOM19980623.0700.0314: 0.06819288302040225
VOM19980220.0900.2583: 0.06773250981021252
