VOM19980314.0700.1911: 0.2277371688622679
VOM19980314.0700.0239: 0.22625644989221078
VOM19980327.0900.2123: 0.1750293430185459
VOM19980316.0900.1861: 0.1729810000201688
VOM19980316.0900.1667: 0.17107314119234956
VOM19980303.0900.1926: 0.1600750318317709
VOM19980302.0700.3423: 0.15934864429030549
VOM19980303.0900.3358: 0.15688882421129519
VOM19980302.0700.2096: 0.1533465780688317
VOM19980303.0900.0203: 0.14972669120897747
VOM19980305.0700.0354: 0.14903299564370992
VOM19980623.0700.0507: 0.148757390803324
VOM19980623.0730.0101: 0.148757390803324
