VOM19980603.0900.0074: 0.353335254751417
VOM19980604.0900.0213: 0.24579920016696402
VOM19980603.0730.0280: 0.24013650621735938
VOM19980605.0730.0276: 0.23007017826253337
VOM19980604.0730.0250: 0.21756049992048593
VOM19980605.0700.0440: 0.2100983973926884
VOM19980606.0700.0354: 0.18142908060807098
VOM19980606.0730.0134: 0.13708227443023027
VOM19980223.0900.1854: 0.10664504239890725
VOM19980223.0900.0265: 0.1061779130323798
VOM19980224.0900.2258: 0.09781405230163191
VOM19980509.0730.0100: 0.09753733176456902
VOM19980223.0900.3466: 0.09084272850930226
