VOM19980225.0900.1919: 0.17917250588600783
VOM19980225.0900.0216: 0.17727044868117203
VOM19980526.0900.0124: 0.1703007929098014
VOM19980526.0730.0065: 0.1635248566715684
VOM19980623.0700.0472: 0.1621903284238406
VOM19980222.0700.0448: 0.1566472332294767
VOM19980319.0900.0364: 0.15175286854049794
VOM19980326.0700.0480: 0.14910006333415446
VOM19980302.0700.0484: 0.1465554650187469
VOM19980404.0700.1061: 0.1464767065316042
VOM19980616.0730.0180: 0.14626772848083888
VOM19980316.0700.0219: 0.14615796299615466
VOM19980616.0900.0100: 0.1456684088254811
