VOM19980602.0900.0127: 0.2004366501883745
VOM19980531.0700.0040: 0.1932915983414129
VOM19980220.0900.3537: 0.17308197954597648
VOM19980605.0900.0045: 0.16679321358369484
VOM19980602.0700.0166: 0.16514308488798785
VOM19980605.0730.0042: 0.16178658143821686
VOM19980628.0700.0527: 0.1611586512142525
VOM19980531.0730.0006: 0.15125880396929703
VOM19980315.0700.1828: 0.1483306740331152
VOM19980606.0730.0234: 0.13247807736931286
VOM19980605.0700.0040: 0.13194176849244074
VOM19980606.0700.0206: 0.13038772708615493
VOM19980507.0700.0355: 0.11985542838498121
