VOM19980603.0900.0074: 0.3438160874848949
VOM19980604.0900.0213: 0.23282219753910638
VOM19980603.0730.0280: 0.22977733905886902
VOM19980605.0730.0276: 0.2196343093373032
VOM19980604.0730.0250: 0.20576572386648692
VOM19980605.0700.0440: 0.19970390902439625
VOM19980606.0700.0354: 0.17478723627338652
VOM19980606.0730.0134: 0.12850843198853093
VOM19980223.0900.1854: 0.09810748715501166
VOM19980223.0900.0265: 0.09766115649854046
VOM19980509.0730.0100: 0.09060483364388627
VOM19980224.0900.2258: 0.0895012858686578
VOM19980223.0900.3466: 0.08146954603675911
