VOM19980515.0900.0007: 0.1188971672725468
VOM19980527.0700.0042: 0.11853554514413915
VOM19980527.0730.0003: 0.11193783652182629
VOM19980524.0730.0061: 0.10935906977909389
VOM19980524.0700.0265: 0.10935906977909389
VOM19980515.0730.0053: 0.10867705799313837
VOM19980527.0900.0008: 0.10585914051203439
VOM19980630.0900.0127: 0.09684262256442733
VOM19980515.0700.0102: 0.09394264033757302
VOM19980403.0900.2121: 0.09177825279443268
VOM19980410.0900.0241: 0.0910061328738803
VOM19980403.0700.0489: 0.09060332627671043
VOM19980421.0900.0146: 0.08535919034110105
