VOM19980306.0700.1305: 0.09320965172662705
VOM19980505.0700.0193: 0.08972848540700293
VOM19980314.0700.2522: 0.08907573161581629
VOM19980226.0900.0622: 0.08268822929048074
VOM19980319.0900.2169: 0.08262406473113566
VOM19980507.0700.0127: 0.08236192341279232
VOM19980223.0900.2288: 0.0779557860017529
VOM19980521.0700.0039: 0.07781486122170084
VOM19980515.0900.0007: 0.07701809018811352
VOM19980623.0700.0314: 0.07688116802507701
VOM19980223.0700.1993: 0.07656392738121119
VOM19980415.0900.0022: 0.07644586093430747
VOM19980222.0700.0448: 0.0748755462548947
