VOM19980603.0900.0074: 0.3062971771483838
VOM19980604.0900.0213: 0.26782123483049347
VOM19980605.0730.0276: 0.26648478264966713
VOM19980603.0730.0280: 0.260503869759447
VOM19980604.0730.0250: 0.23997324639257656
VOM19980606.0700.0354: 0.23481173410453973
VOM19980605.0700.0440: 0.22884522145640798
VOM19980606.0730.0134: 0.19966436320031616
VOM19980509.0730.0100: 0.16377825762220566
VOM19980502.0700.0438: 0.1457629697928303
VOM19980224.0900.2258: 0.13969383622297427
VOM19980628.0700.0527: 0.1356897647372461
VOM19980605.0900.0045: 0.13013252659213775
