VOM19980314.0700.1911: 0.20220050112861299
VOM19980314.0700.0239: 0.20065459799218777
VOM19980327.0900.2123: 0.16169891285321583
VOM19980316.0900.1667: 0.1582132532223884
VOM19980316.0900.1861: 0.15020061050439665
VOM19980228.0700.0448: 0.13506736834129626
VOM19980311.0700.1883: 0.13414017575532503
VOM19980303.0900.1926: 0.1325230338927419
VOM19980302.0700.3423: 0.13117461369658284
VOM19980303.0900.3358: 0.1298852340082391
VOM19980302.0700.2096: 0.1250600409141519
VOM19980623.0700.0507: 0.12334821644378928
VOM19980623.0730.0101: 0.12334821644378928
