VOM19980526.0900.0124: 0.15915202798265216
VOM19980526.0730.0065: 0.15290485471381018
VOM19980616.0730.0180: 0.15061018065530857
VOM19980616.0900.0100: 0.15011674878785367
VOM19980225.0900.1919: 0.14766344164937684
VOM19980225.0900.0216: 0.14607027394399907
VOM19980319.0900.0364: 0.1391067176643715
VOM19980623.0700.0472: 0.1368578827871294
VOM19980625.0700.0277: 0.1287055100508028
VOM19980625.0730.0167: 0.1287055100508028
VOM19980326.0700.0480: 0.12803831163927376
VOM19980302.0700.0484: 0.12442624151473411
VOM19980301.0700.0136: 0.12352930033741112
