VOM19980326.0900.3298: 0.14171356092174853
VOM19980624.0730.0117: 0.13707314950201782
VOM19980603.0700.0457: 0.10775971660808956
VOM19980603.0730.0240: 0.10008298678506014
VOM19980526.0730.0229: 0.09850291693766236
VOM19980403.0700.3400: 0.09752613549185507
VOM19980327.0900.2035: 0.09366381930845506
VOM19980613.0700.0546: 0.08774444293531965
VOM19980223.0700.0800: 0.0874556314988682
VOM19980220.0700.0672: 0.08605161428247723
VOM19980527.0700.0466: 0.08463650477285949
VOM19980529.0900.0173: 0.0835919445850757
VOM19980225.0900.2065: 0.08358530983283614
