VOM19980602.0900.0127: 0.18470587420749388
VOM19980531.0700.0040: 0.1788221685375799
VOM19980605.0900.0045: 0.17860695692735012
VOM19980605.0730.0042: 0.1729386312809958
VOM19980602.0700.0166: 0.1572265926382392
VOM19980220.0900.3537: 0.144699674946337
VOM19980605.0700.0040: 0.14288192646608205
VOM19980531.0730.0006: 0.14228872081112237
VOM19980628.0700.0527: 0.1410207863113427
VOM19980315.0700.1828: 0.1337950418364787
VOM19980526.0730.0229: 0.1282759818192505
VOM19980606.0730.0234: 0.1239023718803588
VOM19980606.0700.0206: 0.12182874350736805
