VOM19980603.0700.0103: 0.15868542592445306
VOM19980616.0730.0180: 0.12383298711144407
VOM19980616.0900.0100: 0.12342728318215415
VOM19980616.0730.0252: 0.09801477150315233
VOM19980616.0900.0077: 0.09801477150315233
VOM19980317.0700.0723: 0.0935912112547846
VOM19980224.0900.2345: 0.08764745511121252
VOM19980319.0900.2169: 0.08561227844929421
VOM19980531.0700.0120: 0.08471715428404156
VOM19980225.0900.1275: 0.07835471034496032
VOM19980529.0730.0042: 0.07446175108215689
VOM19980529.0900.0046: 0.07446175108215689
VOM19980604.0700.0039: 0.07118550335892357
