VOM19980508.0700.0362: 0.3316880732385363
VOM19980507.0700.0242: 0.3249182166443297
VOM19980510.0730.0001: 0.3246172270321178
VOM19980510.0700.0040: 0.31960997736993246
VOM19980427.0900.0219: 0.31302375463811366
VOM19980507.0730.0066: 0.30658330991377564
VOM19980515.0900.0229: 0.30071599147182354
VOM19980509.0730.0027: 0.3000096004608245
VOM19980508.0730.0003: 0.29841318942364126
VOM19980507.0900.0040: 0.2965286501750036
VOM19980509.0700.0089: 0.2965286501750036
VOM19980527.0700.0388: 0.2965286501750036
VOM19980508.0900.0007: 0.2965286501750036
