VOM19980225.0900.0216: 0.272213177505359
VOM19980225.0900.1919: 0.272213177505359
VOM19980222.0700.0448: 0.24986109133696038
VOM19980623.0700.0472: 0.24646257657683565
VOM19980225.0900.0714: 0.24338418541654225
VOM19980316.0900.2774: 0.24100149936461607
VOM19980619.0700.0421: 0.24077170617153845
VOM19980302.0700.0484: 0.23904322742901754
VOM19980221.0700.2087: 0.23742807048693024
VOM19980403.0900.3074: 0.23715872488634165
VOM19980325.0900.0905: 0.23628235808762355
VOM19980225.0700.0221: 0.2361887464866653
VOM19980526.0900.0124: 0.23505204602464844
