VOM19980616.0730.0180: 0.12199162813832161
VOM19980616.0900.0100: 0.12149177775237695
VOM19980526.0900.0124: 0.12129529475817719
VOM19980225.0900.1919: 0.11744848397328468
VOM19980526.0730.0065: 0.11646919166590097
VOM19980225.0900.0216: 0.11620167585373674
VOM19980319.0900.0364: 0.11561513534075671
VOM19980222.0700.0448: 0.11465909166127378
VOM19980302.0700.0484: 0.11175356958538445
VOM19980316.0900.2774: 0.11113911146339464
VOM19980404.0700.1061: 0.10933500987197028
VOM19980225.0900.0714: 0.10795783753549011
VOM19980221.0700.2690: 0.10244991320726667
