VOM19980226.0900.2900: 0.14579428032972824
VOM19980315.0700.1310: 0.1421104145552747
VOM19980220.0900.1332: 0.11813050604023433
VOM19980326.0900.0149: 0.10849797235717654
VOM19980628.0700.0316: 0.09876816547659573
VOM19980226.0900.3196: 0.09614764709140741
VOM19980325.0900.2040: 0.09575712617566078
VOM19980325.0900.0124: 0.0917124081931831
VOM19980606.0730.0134: 0.08837899131669043
VOM19980302.0900.2091: 0.08828792360203436
VOM19980624.0730.0254: 0.08714468905778912
VOM19980319.0700.0496: 0.08627187365077564
VOM19980624.0700.0382: 0.08337959427198176
