VOM19980311.0700.1487: 0.21365678379210792
VOM19980630.0900.0230: 0.2074513201006763
VOM19980303.0900.2128: 0.19624926888680588
VOM19980316.0700.0776: 0.17397865769617757
VOM19980303.0900.0396: 0.16914861376276236
VOM19980304.0700.1058: 0.1670333171821678
VOM19980319.0700.2737: 0.1600778588164638
VOM19980621.0700.0565: 0.13928902078065297
VOM19980304.0700.1276: 0.12789351915605654
VOM19980305.0900.2093: 0.12666718420591908
VOM19980225.0700.0585: 0.12519195694794877
VOM19980316.0700.0702: 0.12505954068514613
VOM19980306.0700.0971: 0.12183733130544984
