VOM19980511.0700.0080: 0.1294258453719157
VOM19980511.0730.0040: 0.1294258453719157
VOM19980410.0900.0241: 0.12789247958836714
VOM19980521.0700.0039: 0.12651061545985104
VOM19980314.0700.2522: 0.12396601368031837
VOM19980317.0700.0156: 0.12250326223469536
VOM19980306.0700.1305: 0.12127480834962484
VOM19980222.0700.0448: 0.11997292064769484
VOM19980220.0900.2583: 0.11850020363596574
VOM19980507.0700.0127: 0.1180915015314822
VOM19980319.0900.2169: 0.11644409459324996
VOM19980531.0700.0235: 0.11591007607218133
VOM19980226.0900.0622: 0.11560974750222941
