VOM19980306.0700.1305: 0.09802675352312122
VOM19980314.0700.2522: 0.09448984244987717
VOM19980505.0700.0193: 0.09295751834728234
VOM19980319.0900.2169: 0.08798017009865303
VOM19980226.0900.0622: 0.0873132697999225
VOM19980507.0700.0127: 0.08723924984594336
VOM19980521.0700.0039: 0.08363606143015988
VOM19980223.0900.2288: 0.08238295532160797
VOM19980515.0900.0007: 0.0821522786441466
VOM19980415.0900.0022: 0.08175885428337394
VOM19980223.0700.1993: 0.08096970171520419
VOM19980623.0700.0314: 0.08053237135871012
VOM19980222.0700.0448: 0.08031680272568642
