VOM19980314.0700.1261: 0.17679387308127711
VOM19980223.0700.1993: 0.14891806120127213
VOM19980403.0900.2349: 0.14815993144262915
VOM19980224.0700.2219: 0.1395349514319175
VOM19980314.0700.0818: 0.13928380027928625
VOM19980303.0700.2491: 0.13553337039630617
VOM19980317.0700.0924: 0.13404925475182758
VOM19980317.0900.0757: 0.13359934248831515
VOM19980220.0900.2138: 0.13328268020023368
VOM19980317.0700.0723: 0.13013955328986762
VOM19980225.0900.1275: 0.12958262636441636
VOM19980225.0900.1029: 0.1289372889549561
VOM19980223.0900.2779: 0.12881777714162088
