VOM19980303.0700.0783: 0.1725374702960304
VOM19980326.0900.0118: 0.16364783442406353
VOM19980612.0700.0080: 0.16023025841497218
VOM19980224.0700.1530: 0.15711905617122646
VOM19980326.0700.0452: 0.15339373904282158
VOM19980305.0900.2166: 0.15272782737212132
VOM19980623.0900.0051: 0.14789595086031326
VOM19980530.0700.0107: 0.1467698293125891
VOM19980315.0700.2670: 0.14655015374446514
VOM19980223.0700.0240: 0.1439569293973321
VOM19980305.0900.1046: 0.1437738052678563
VOM19980602.0700.0199: 0.14179913914971273
VOM19980603.0730.0115: 0.14023861675127983
