VOM19980603.0900.0074: 0.25908821048489505
VOM19980605.0730.0276: 0.20333609121221013
VOM19980603.0730.0280: 0.19952299903409243
VOM19980604.0900.0213: 0.19774189965968794
VOM19980606.0700.0354: 0.1761635958509883
VOM19980604.0730.0250: 0.1746690513679186
VOM19980605.0700.0440: 0.16887909313237232
VOM19980606.0730.0134: 0.129572372565283
VOM19980509.0730.0100: 0.09746744605858576
VOM19980224.0900.2258: 0.07922828717088094
VOM19980319.0700.1874: 0.07843322722724709
VOM19980227.0900.3575: 0.07140000762828798
VOM19980502.0700.0438: 0.07096392252704771
