VOM19980325.0900.3341: 0.15144511050753712
VOM19980522.0700.0456: 0.10399799286806831
VOM19980224.0700.2219: 0.09527310744234775
VOM19980326.0700.1668: 0.09000156326848381
VOM19980306.0700.2852: 0.0881207685649358
VOM19980223.0900.1151: 0.08604699229479358
VOM19980222.0700.1501: 0.08590527055807899
VOM19980303.0700.2491: 0.08547990740117026
VOM19980326.0700.1793: 0.08463803166534654
VOM19980312.0900.0990: 0.0838342801878863
VOM19980225.0700.2209: 0.08187290876820214
VOM19980221.0700.2087: 0.07972965061200123
VOM19980222.0700.0448: 0.07811943022683576
