VOM19980603.0700.0457: 0.13659010419645873
VOM19980624.0730.0117: 0.13598958630597635
VOM19980326.0900.3298: 0.13402007114007325
VOM19980603.0730.0240: 0.12339175064029288
VOM19980613.0700.0546: 0.11979074286468266
VOM19980225.0900.2065: 0.10686049176830038
VOM19980526.0730.0229: 0.10279852904671556
VOM19980524.0700.0492: 0.1022418194605345
VOM19980403.0700.3400: 0.10197663406073709
VOM19980304.0700.0408: 0.10130481785863717
VOM19980220.0700.0672: 0.09951154202057082
VOM19980222.0700.2119: 0.0994557702718585
VOM19980304.0900.0353: 0.09823260383434368
