VOM19980602.0900.0127: 0.20014114518035894
VOM19980531.0700.0040: 0.19146338271121188
VOM19980220.0900.3537: 0.170844760258345
VOM19980602.0700.0166: 0.16420204687800882
VOM19980605.0900.0045: 0.1640653931514223
VOM19980628.0700.0527: 0.15916624850720096
VOM19980605.0730.0042: 0.15885856307224627
VOM19980531.0730.0006: 0.14904665517202934
VOM19980315.0700.1828: 0.14690041612321997
VOM19980606.0730.0234: 0.13003455192399505
VOM19980605.0700.0040: 0.12903389826983297
VOM19980606.0700.0206: 0.12785829547105879
VOM19980604.0900.0159: 0.11799225877102049
