VOM19980606.0700.0354: 0.34020690871988635
VOM19980603.0900.0074: 0.3380617018914065
VOM19980605.0730.0276: 0.3317017360018888
VOM19980603.0730.0280: 0.31749063746518363
VOM19980604.0900.0213: 0.3133608831737748
VOM19980606.0730.0134: 0.3103522082258878
VOM19980605.0700.0440: 0.2916666666666668
VOM19980604.0730.0250: 0.2896620610108286
VOM19980509.0730.0100: 0.278685200856577
VOM19980628.0700.0527: 0.25809270060438205
VOM19980502.0700.0438: 0.25687341766462046
VOM19980224.0900.2258: 0.2375638170348741
VOM19980326.0900.3077: 0.22916666666666682
