VOM19980603.0900.0074: 0.28971904289205563
VOM19980605.0730.0276: 0.24399995660560578
VOM19980604.0900.0213: 0.24242100048636323
VOM19980603.0730.0280: 0.239466004473625
VOM19980604.0730.0250: 0.2149161611558328
VOM19980606.0700.0354: 0.20854291005509773
VOM19980605.0700.0440: 0.2053414078857449
VOM19980606.0730.0134: 0.16933565898728195
VOM19980509.0730.0100: 0.1352648163336918
VOM19980224.0900.2258: 0.11420091902180228
VOM19980502.0700.0438: 0.1127155405789822
VOM19980305.0700.0276: 0.10072409188593492
VOM19980605.0900.0045: 0.09912792104060877
