VOM19980603.0900.0074: 0.35331643513020033
VOM19980604.0900.0213: 0.2479886592502141
VOM19980603.0730.0280: 0.24258674438093003
VOM19980605.0730.0276: 0.23302894401217547
VOM19980604.0730.0250: 0.22014142278042884
VOM19980605.0700.0440: 0.21226120528716697
VOM19980606.0700.0354: 0.1890209277868419
VOM19980606.0730.0134: 0.14460659294272513
VOM19980223.0900.1854: 0.10986639493509844
VOM19980223.0900.0265: 0.1093667115960459
VOM19980509.0730.0100: 0.10656310912035089
VOM19980224.0900.2258: 0.10253477471776529
VOM19980223.0900.3466: 0.09308571455452332
