VOM19980303.0700.0783: 0.18455377232219825
VOM19980326.0900.0118: 0.1787238754859311
VOM19980612.0700.0080: 0.1729070976903279
VOM19980224.0700.1530: 0.16970909669762627
VOM19980326.0700.0452: 0.1691268478108166
VOM19980305.0900.2166: 0.162873274177339
VOM19980623.0900.0051: 0.16045900845558028
VOM19980315.0700.2670: 0.15731386564408392
VOM19980223.0700.0240: 0.15700839487960605
VOM19980603.0730.0115: 0.15444823780353165
VOM19980303.0700.0324: 0.15420853750190955
VOM19980225.0900.0178: 0.15405245164587322
VOM19980530.0700.0107: 0.15394644494483264
