VOM19980603.0700.0103: 0.18565819796432043
VOM19980616.0730.0180: 0.16203580392151992
VOM19980616.0900.0100: 0.16058253865597813
VOM19980616.0730.0252: 0.14105234660738908
VOM19980616.0900.0077: 0.14105234660738908
VOM19980319.0900.2169: 0.12716447163306596
VOM19980531.0700.0120: 0.12334812913508823
VOM19980317.0700.0723: 0.12178853884932159
VOM19980224.0900.2345: 0.12062182552986772
VOM19980530.0700.0037: 0.11592605728260712
VOM19980618.0900.0057: 0.11145657014688884
VOM19980529.0700.0168: 0.11005169851480942
VOM19980225.0900.1275: 0.10719598109459492
