VOM19980511.0730.0133: 0.2387300307465797
VOM19980410.0900.0241: 0.23804761428476168
VOM19980511.0700.0080: 0.22649412708342603
VOM19980511.0730.0040: 0.22649412708342603
VOM19980220.0900.2583: 0.21893874410315778
VOM19980314.0700.2522: 0.21723058904326376
VOM19980222.0700.1016: 0.20757351132077653
VOM19980222.0700.0448: 0.2041044601800283
VOM19980618.0730.0234: 0.20405350181565
VOM19980225.0900.0253: 0.20211302086361083
VOM19980225.0900.1953: 0.20026720118795738
VOM19980304.0700.0512: 0.20004001200400137
VOM19980317.0900.0330: 0.19959498361736527
