VOM19980314.0700.1261: 0.17367771224583498
VOM19980223.0700.1993: 0.14645780476783235
VOM19980403.0900.2349: 0.1449745451663593
VOM19980224.0700.2219: 0.1376278179498129
VOM19980314.0700.0818: 0.13653414670864658
VOM19980303.0700.2491: 0.13340316776710004
VOM19980317.0900.0757: 0.13124372015440802
VOM19980317.0700.0924: 0.1311824813677335
VOM19980220.0900.2138: 0.13006898853269738
VOM19980225.0900.1029: 0.1257869843619922
VOM19980317.0700.0723: 0.12578115240190454
VOM19980316.0900.2774: 0.12532020544334557
VOM19980223.0900.2779: 0.12523002101010378
