VOM19980314.0700.1261: 0.17740538928657715
VOM19980403.0900.2349: 0.14912093271219146
VOM19980223.0700.1993: 0.14752824690984578
VOM19980224.0700.2219: 0.1382579008394945
VOM19980314.0700.0818: 0.13819198007750946
VOM19980220.0900.2138: 0.13580233161686348
VOM19980303.0700.2491: 0.13497783750339395
VOM19980317.0700.0924: 0.13385250490971404
VOM19980317.0900.0757: 0.1334395193349871
VOM19980225.0900.1275: 0.13334186122772407
VOM19980317.0700.0723: 0.13255359482510584
VOM19980316.0900.2774: 0.13083209669102913
VOM19980225.0900.1029: 0.13056661315690124
