VOM19980603.0700.0103: 0.1940148466432157
VOM19980616.0730.0180: 0.1739480364378478
VOM19980616.0900.0100: 0.17323529906008953
VOM19980616.0730.0252: 0.15101596320167407
VOM19980616.0900.0077: 0.15101596320167407
VOM19980531.0700.0120: 0.1398238838935213
VOM19980317.0700.0723: 0.1246493306813398
VOM19980618.0900.0057: 0.12273647732571427
VOM19980529.0730.0042: 0.11562901030310795
VOM19980529.0900.0046: 0.11562901030310795
VOM19980224.0900.2345: 0.11304810614656638
VOM19980319.0900.2169: 0.10816090730887423
VOM19980604.0700.0039: 0.10537371839298267
