VOM19980527.0700.0042: 0.12440662269405894
VOM19980515.0900.0007: 0.12241706687627844
VOM19980527.0730.0003: 0.11861862088590935
VOM19980524.0730.0061: 0.11425584531128069
VOM19980524.0700.0265: 0.11425584531128069
VOM19980527.0900.0008: 0.11280043289819458
VOM19980515.0730.0053: 0.1123101516267016
VOM19980630.0900.0127: 0.10296570889038753
VOM19980403.0900.2121: 0.09860541598601773
VOM19980410.0900.0241: 0.09829471895478907
VOM19980515.0700.0102: 0.09789469653324921
VOM19980403.0700.0489: 0.09732008961272777
VOM19980421.0900.0146: 0.09289011004057372
