VOM19980603.0900.0074: 0.28685454672200406
VOM19980605.0730.0276: 0.22195645544926412
VOM19980603.0730.0280: 0.21797769463141126
VOM19980604.0900.0213: 0.20451306912187628
VOM19980606.0700.0354: 0.20211435952064183
VOM19980605.0700.0440: 0.19452983233054136
VOM19980604.0730.0250: 0.18452277884285628
VOM19980606.0730.0134: 0.1637157419711305
VOM19980509.0730.0100: 0.13146308518725477
VOM19980224.0900.2258: 0.12175711322957561
VOM19980502.0700.0438: 0.11039566259666593
VOM19980305.0700.0276: 0.10520431819658048
VOM19980319.0700.1874: 0.10501161286281994
