VOM19980602.0900.0127: 0.2004315645455207
VOM19980531.0700.0040: 0.19329138714458693
VOM19980220.0900.3537: 0.17308786476598864
VOM19980605.0900.0045: 0.16680539561042365
VOM19980602.0700.0166: 0.165144929175656
VOM19980605.0730.0042: 0.16180158740720463
VOM19980628.0700.0527: 0.16115849375803046
VOM19980531.0730.0006: 0.15126059607392853
VOM19980315.0700.1828: 0.1483260564551661
VOM19980606.0730.0234: 0.1324812370983327
VOM19980605.0700.0040: 0.13195532847808344
VOM19980606.0700.0206: 0.13039189531202808
VOM19980507.0700.0355: 0.11985799108412457
