VOM19980314.0700.1261: 0.17270496368911514
VOM19980223.0700.1993: 0.146028392873523
VOM19980403.0900.2349: 0.14435337649569444
VOM19980224.0700.2219: 0.13790351449788993
VOM19980314.0700.0818: 0.13588957514107744
VOM19980303.0700.2491: 0.13351623312472383
VOM19980317.0900.0757: 0.13142055315801685
VOM19980317.0700.0924: 0.13054639664975753
VOM19980220.0900.2138: 0.12988693240761823
VOM19980225.0900.1029: 0.12549395468297617
VOM19980316.0900.2774: 0.12506079925283958
VOM19980223.0900.2779: 0.12469359859241744
VOM19980317.0700.0723: 0.12464478027520312
