VOM19980508.0700.0362: 0.21961361476500454
VOM19980510.0730.0001: 0.2105553159204256
VOM19980507.0700.0242: 0.20756092758390104
VOM19980508.0730.0003: 0.20598207903681356
VOM19980508.0900.0007: 0.20498778417831048
VOM19980507.0730.0066: 0.20382817499551859
VOM19980506.0700.0042: 0.2027756385252768
VOM19980509.0730.0027: 0.20243739624183912
VOM19980506.0900.0006: 0.20180165288399546
VOM19980507.0900.0040: 0.19794030234825216
VOM19980510.0700.0040: 0.19773675232911442
VOM19980509.0700.0089: 0.19671924900496676
VOM19980527.0700.0388: 0.18685735965243497
