VOM19980508.0700.0362: 0.17247126514044045
VOM19980508.0730.0003: 0.160353503011103
VOM19980508.0900.0007: 0.1538938546613609
VOM19980507.0700.0242: 0.14433484925788914
VOM19980510.0700.0040: 0.14255906835830479
VOM19980506.0700.0042: 0.14062205375169054
VOM19980327.0900.0221: 0.1359332215132397
VOM19980506.0900.0006: 0.13497565879252119
VOM19980504.0700.0025: 0.12933395819183327
VOM19980510.0730.0001: 0.12365283670068436
VOM19980509.0730.0027: 0.12100514498640282
VOM19980427.0900.0219: 0.120184532425493
VOM19980509.0700.0089: 0.11987984265076566
