VOM19980303.0700.0783: 0.14168400632717926
VOM19980305.0900.2166: 0.12653362625664427
VOM19980530.0700.0107: 0.12363626554597276
VOM19980303.0700.2491: 0.12311915025399094
VOM19980612.0700.0080: 0.12156770990381083
VOM19980305.0900.1046: 0.1215195072878296
VOM19980224.0700.2219: 0.12090245639274284
VOM19980315.0700.2670: 0.11814752298289881
VOM19980224.0700.1530: 0.11626705494350463
VOM19980302.0900.2091: 0.11596286386707051
VOM19980303.0900.2868: 0.11354081444839526
VOM19980623.0900.0051: 0.11255393995624079
VOM19980319.0700.2278: 0.11242709622624183
