VOM19980303.0700.0783: 0.18450922983814097
VOM19980326.0900.0118: 0.17868872769805433
VOM19980612.0700.0080: 0.17286749027811496
VOM19980224.0700.1530: 0.1696739264895691
VOM19980326.0700.0452: 0.1690895630174914
VOM19980305.0900.2166: 0.16282882466308893
VOM19980623.0900.0051: 0.16041577820633368
VOM19980315.0700.2670: 0.15727081976226043
VOM19980223.0700.0240: 0.15696731028736907
VOM19980603.0730.0115: 0.1544073262317894
VOM19980303.0700.0324: 0.1541651857219739
VOM19980225.0900.0178: 0.15400991602466074
VOM19980530.0700.0107: 0.15391594475007858
