VOM19980314.0700.1261: 0.1977771586158707
VOM19980223.0700.1993: 0.19458525699411422
VOM19980224.0700.2219: 0.19115263821607398
VOM19980314.0700.0818: 0.1866766504507817
VOM19980303.0700.2491: 0.18066252138042083
VOM19980317.0900.0757: 0.1756552327193211
VOM19980403.0900.2349: 0.17420044059117376
VOM19980302.0900.2091: 0.17339196090187695
VOM19980317.0700.0924: 0.17190871759506945
VOM19980225.0700.2209: 0.17183997655488828
VOM19980403.0700.0727: 0.17051562504779783
VOM19980319.0700.1102: 0.16768625176650095
VOM19980306.0700.1916: 0.16746913365349148
