VOM19980508.0700.0362: 0.21020872461123105
VOM19980510.0730.0001: 0.20221858696815442
VOM19980506.0700.0042: 0.20117652072413938
VOM19980506.0900.0006: 0.20033837305934443
VOM19980508.0730.0003: 0.1998940881519497
VOM19980508.0900.0007: 0.1991059802281229
VOM19980509.0730.0027: 0.19848873163188568
VOM19980507.0730.0066: 0.19845436990364693
VOM19980507.0700.0242: 0.198165797427819
VOM19980507.0900.0040: 0.1928316437382235
VOM19980509.0700.0089: 0.192003917145883
VOM19980510.0700.0040: 0.18757501702683962
VOM19980605.0900.0236: 0.1855701004725181
