VOM19980303.0700.0783: 0.1287208819197951
VOM19980530.0700.0107: 0.1155878572453515
VOM19980326.0900.0118: 0.11500573231708391
VOM19980530.0730.0037: 0.11466547496168786
VOM19980305.0900.2166: 0.11408436012228718
VOM19980315.0700.2670: 0.1136655508748288
VOM19980305.0900.1046: 0.11192251786277499
VOM19980224.0700.1530: 0.10783164109284187
VOM19980612.0700.0080: 0.10750486987854947
VOM19980303.0700.2491: 0.1071435433543474
VOM19980224.0700.2219: 0.10617918187173302
VOM19980623.0900.0051: 0.10549312259796448
VOM19980302.0900.2091: 0.10358391167132329
