VOM19980314.0700.1911: 0.22243316432328983
VOM19980314.0700.0239: 0.2185946794694728
VOM19980316.0900.1667: 0.21146776039675308
VOM19980327.0900.2123: 0.20052913856032353
VOM19980319.0900.1922: 0.17319382161655414
VOM19980319.0900.0162: 0.17208318384066154
VOM19980305.0700.0354: 0.1673667260520258
VOM19980302.0700.1749: 0.1666362084823474
VOM19980311.0700.1883: 0.16426571142489785
VOM19980623.0700.0507: 0.16248315425808355
VOM19980623.0730.0101: 0.16248315425808355
VOM19980316.0900.1861: 0.16088664701081404
VOM19980303.0900.0203: 0.15787336929554718
