VOM19980325.0900.3341: 0.16373295004118005
VOM19980522.0700.0456: 0.09494558102925921
VOM19980326.0700.1668: 0.09281982108562355
VOM19980222.0700.0448: 0.08255638095351066
VOM19980224.0700.2219: 0.07985447662001526
VOM19980312.0900.0990: 0.07740955736785222
VOM19980326.0700.1793: 0.076376530582976
VOM19980222.0700.1501: 0.07602849921180402
VOM19980316.0700.0944: 0.0751005078232132
VOM19980223.0700.3043: 0.07475573687225451
VOM19980630.0900.0127: 0.07473887292964844
VOM19980306.0700.2852: 0.07467156966223999
VOM19980522.0730.0286: 0.07441809956546876
