VOM19980311.0700.1487: 0.2096207782160606
VOM19980630.0900.0230: 0.20478955515848984
VOM19980303.0900.2128: 0.19237926515344148
VOM19980316.0700.0776: 0.17088135702251733
VOM19980303.0900.0396: 0.16515697945044247
VOM19980304.0700.1058: 0.1622586535979136
VOM19980319.0700.2737: 0.15699637941436054
VOM19980621.0700.0565: 0.13500490519511016
VOM19980304.0700.1276: 0.125137715646872
VOM19980305.0900.2093: 0.12196796538245755
VOM19980316.0700.0702: 0.1213226469645698
VOM19980225.0700.0585: 0.12066310851763486
VOM19980306.0700.0971: 0.1171281218171882
