VOM19980325.0900.3341: 0.20324043148733323
VOM19980522.0700.0456: 0.14973932076350974
VOM19980326.0700.1668: 0.12897910596649717
VOM19980326.0900.3442: 0.11898112890665999
VOM19980607.0730.0033: 0.11723782347902025
VOM19980306.0700.2852: 0.11677284057967378
VOM19980326.0700.1793: 0.11492973293040772
VOM19980312.0900.0990: 0.1147431924792255
VOM19980222.0700.1501: 0.1146765831953012
VOM19980630.0900.0127: 0.11419046592816207
VOM19980224.0700.2219: 0.1141461935739234
VOM19980522.0730.0286: 0.11355124225863332
VOM19980222.0700.0448: 0.11025547353805822
