VOM19980326.0900.0118: 0.13746217091790525
VOM19980303.0700.0783: 0.13406051339892
VOM19980530.0730.0037: 0.1283563807570254
VOM19980530.0700.0107: 0.125217609549135
VOM19980326.0700.0452: 0.1225928862992326
VOM19980224.0700.1530: 0.12180376227490457
VOM19980315.0700.2670: 0.12017782753602783
VOM19980305.0900.2166: 0.11948750053882122
VOM19980311.0700.0234: 0.11856821625541289
VOM19980612.0700.0080: 0.11854272770991671
VOM19980305.0900.1046: 0.1149728859433978
VOM19980623.0900.0051: 0.11494450292072386
VOM19980609.0900.0107: 0.11435244133742427
