VOM19980602.0900.0127: 0.13507216745056674
VOM19980531.0700.0040: 0.12943010591259682
VOM19980602.0700.0166: 0.11524671160265783
VOM19980605.0730.0042: 0.11341508028597141
VOM19980605.0900.0045: 0.11341508028597141
VOM19980220.0900.3537: 0.10896364205754859
VOM19980605.0700.0040: 0.09457816854002177
VOM19980403.0700.2289: 0.0814139556033957
VOM19980628.0700.0527: 0.07628423014211445
VOM19980606.0730.0234: 0.07460912270426814
VOM19980606.0700.0206: 0.07460912270426814
VOM19980319.0700.1874: 0.07336403440469283
VOM19980603.0900.0074: 0.07271787022180651
