VOM19980314.0700.1261: 0.23532433523640284
VOM19980223.0700.1993: 0.21562397316395304
VOM19980314.0700.0818: 0.21448240901676582
VOM19980317.0700.0156: 0.20652200704174503
VOM19980317.0700.0723: 0.2044434520251349
VOM19980317.0700.0924: 0.20273785861032398
VOM19980403.0900.2349: 0.20264602428786105
VOM19980225.0900.1275: 0.1942738903464396
VOM19980302.0900.0871: 0.19269459780100903
VOM19980223.0900.2779: 0.19266398033300958
VOM19980326.0900.0433: 0.1898435233538532
VOM19980613.0700.0112: 0.18965362001331856
VOM19980319.0700.2536: 0.189599956515017
