VOM19980220.0700.2814: 0.1215680923284404
VOM19980410.0900.0241: 0.11733489863448072
VOM19980301.0700.0393: 0.11610731269652735
VOM19980223.0700.1511: 0.11151559990939885
VOM19980224.0900.3022: 0.10940683340784861
VOM19980326.0900.2164: 0.104231968537505
VOM19980326.0700.2359: 0.104231968537505
VOM19980227.0900.3069: 0.09889658412834312
VOM19980620.0700.0552: 0.09790461098372387
VOM19980315.0700.2508: 0.0977627570885201
VOM19980220.0700.0707: 0.0948623444678501
VOM19980317.0900.2819: 0.09312935635482142
VOM19980515.0900.0007: 0.09079930211722582
