VOM19980526.0900.0124: 0.12612322285979183
VOM19980616.0730.0180: 0.1253226599136909
VOM19980616.0900.0100: 0.1248088338857698
VOM19980225.0900.1919: 0.12310460899877866
VOM19980225.0900.0216: 0.12179861736352811
VOM19980526.0730.0065: 0.12110764464771107
VOM19980319.0900.0364: 0.11954577803610116
VOM19980222.0700.0448: 0.11846232452766992
VOM19980302.0700.0484: 0.1154820948497086
VOM19980316.0900.2774: 0.11442912218914017
VOM19980404.0700.1061: 0.11287206886504177
VOM19980225.0900.0714: 0.11144935733040573
VOM19980623.0700.0472: 0.1064396098997799
