VOM19980303.0700.0783: 0.1270556839741437
VOM19980530.0700.0107: 0.11490542210307388
VOM19980326.0900.0118: 0.1140622618080249
VOM19980530.0730.0037: 0.11387482725533317
VOM19980305.0900.2166: 0.11233483578084517
VOM19980315.0700.2670: 0.11205630878046847
VOM19980305.0900.1046: 0.11011134747328981
VOM19980224.0700.1530: 0.10699798380579942
VOM19980612.0700.0080: 0.10639218435198561
VOM19980303.0700.2491: 0.10533558254375183
VOM19980224.0700.2219: 0.10441138160716978
VOM19980623.0900.0051: 0.10375223490305688
VOM19980302.0900.2091: 0.10182324502775807
