VOM19980314.0700.2522: 0.12393569599447465
VOM19980220.0900.2583: 0.11769071993870549
VOM19980226.0900.0622: 0.11739520965519652
VOM19980511.0730.0133: 0.11725653572580656
VOM19980223.0700.1993: 0.11267384962281193
VOM19980222.0700.0448: 0.11168598932090569
VOM19980222.0700.1016: 0.10867717894051185
VOM19980618.0730.0234: 0.10572864911912708
VOM19980223.0900.2973: 0.10563662915020715
VOM19980223.0900.2288: 0.10563242746572829
VOM19980507.0700.0127: 0.10562120215280596
VOM19980226.0900.2027: 0.10534036277246159
VOM19980315.0700.3008: 0.10487766214719
