VOM19980603.0700.0103: 0.19930076012134645
VOM19980616.0730.0180: 0.17767715713413107
VOM19980616.0900.0100: 0.17694913999949344
VOM19980616.0730.0252: 0.15479905066235367
VOM19980616.0900.0077: 0.15479905066235367
VOM19980531.0700.0120: 0.14415591945899656
VOM19980317.0700.0723: 0.12822107938557722
VOM19980618.0900.0057: 0.12703360804659192
VOM19980529.0730.0042: 0.1190798600725451
VOM19980529.0900.0046: 0.1190798600725451
VOM19980224.0900.2345: 0.1162187095983293
VOM19980319.0900.2169: 0.1129669402768679
VOM19980604.0700.0039: 0.10910490435029817
