VOM19980508.0700.0362: 0.21231858493851125
VOM19980508.0730.0003: 0.19868457953134339
VOM19980508.0900.0007: 0.19425213496312402
VOM19980507.0700.0242: 0.19232501746317096
VOM19980510.0700.0040: 0.18813336579980489
VOM19980327.0900.0221: 0.185778950901173
VOM19980506.0900.0006: 0.1817537192742961
VOM19980506.0700.0042: 0.1804697616888171
VOM19980510.0730.0001: 0.1797581084625302
VOM19980509.0730.0027: 0.1766976728195976
VOM19980427.0900.0219: 0.17622870248706463
VOM19980509.0700.0089: 0.17344447728794252
VOM19980504.0700.0025: 0.1724450728123993
