VOM19980603.0900.0074: 0.35305500337914875
VOM19980604.0900.0213: 0.24699454022090828
VOM19980603.0730.0280: 0.2413815006570555
VOM19980605.0730.0276: 0.2314248892010754
VOM19980604.0730.0250: 0.21895072990325123
VOM19980605.0700.0440: 0.21068196066935999
VOM19980606.0700.0354: 0.18600454288839455
VOM19980606.0730.0134: 0.1410791206955087
VOM19980223.0900.1854: 0.10752185923349074
VOM19980223.0900.0265: 0.107043780495628
VOM19980509.0730.0100: 0.10262412629905276
VOM19980224.0900.2258: 0.09958532580307695
VOM19980223.0900.3466: 0.09077881082682528
