VOM19980315.0700.1310: 0.17200931365413125
VOM19980226.0900.2900: 0.15739999345488473
VOM19980326.0900.0149: 0.15043726035681315
VOM19980325.0900.2040: 0.1335919339517046
VOM19980325.0900.0124: 0.13051288328174632
VOM19980624.0730.0254: 0.12852693986931357
VOM19980628.0700.0316: 0.12473485111628978
VOM19980220.0900.1332: 0.12065586878971475
VOM19980624.0700.0382: 0.11486067309825597
VOM19980606.0730.0134: 0.11202398601349739
VOM19980226.0900.3196: 0.11180049090758865
VOM19980319.0700.0496: 0.11084674247889872
VOM19980506.0900.0257: 0.10878230879106933
