VOM19980508.0700.0362: 0.2196454889104761
VOM19980510.0730.0001: 0.21058508043468205
VOM19980507.0700.0242: 0.2075904725591273
VOM19980508.0730.0003: 0.2060104939090645
VOM19980508.0900.0007: 0.20501663892815608
VOM19980507.0730.0066: 0.20386171991238228
VOM19980506.0700.0042: 0.2028008596329299
VOM19980509.0730.0027: 0.20246432689252133
VOM19980506.0900.0006: 0.20182574855608423
VOM19980507.0900.0040: 0.19797287827150908
VOM19980510.0700.0040: 0.19776514684426474
VOM19980509.0700.0089: 0.19674672672180415
VOM19980527.0700.0388: 0.1868894223253922
