VOM19980603.0700.0103: 0.19401876499444376
VOM19980616.0730.0180: 0.17395115158323254
VOM19980616.0900.0100: 0.17323794752794144
VOM19980616.0730.0252: 0.15101951100999206
VOM19980616.0900.0077: 0.15101951100999206
VOM19980531.0700.0120: 0.1398231782506161
VOM19980317.0700.0723: 0.12465285679603892
VOM19980618.0900.0057: 0.12273862452046518
VOM19980529.0730.0042: 0.11562866187821225
VOM19980529.0900.0046: 0.11562866187821225
VOM19980224.0900.2345: 0.11305636731981265
VOM19980319.0900.2169: 0.10817692236279441
VOM19980604.0700.0039: 0.10537881661876312
