VOM19980314.0700.0818: 0.3288621432975017
VOM19980223.0700.1993: 0.32619840085968727
VOM19980314.0700.1261: 0.32497318549430315
VOM19980317.0700.0924: 0.3044511075456722
VOM19980403.0700.0727: 0.30330884188479834
VOM19980403.0900.2349: 0.2976361848195962
VOM19980223.0900.2288: 0.2975989820723179
VOM19980224.0700.2219: 0.29438515211476296
VOM19980319.0700.1102: 0.29169072201499074
VOM19980317.0700.0723: 0.2904917305469942
VOM19980327.0900.0757: 0.2903182371254814
VOM19980223.0900.2779: 0.2860833646687978
VOM19980303.0700.2491: 0.28577895532634845
