VOM19980306.0700.1305: 0.09484482083599449
VOM19980314.0700.2522: 0.0913460690084531
VOM19980505.0700.0193: 0.09084531643468059
VOM19980226.0900.0622: 0.08472790422571373
VOM19980319.0900.2169: 0.08461365980965616
VOM19980507.0700.0127: 0.08429095017764425
VOM19980223.0900.2288: 0.07986545750963635
VOM19980521.0700.0039: 0.07972014164407798
VOM19980515.0900.0007: 0.07901271057822751
VOM19980415.0900.0022: 0.07885087404871549
VOM19980223.0700.1993: 0.07852321752658836
VOM19980623.0700.0314: 0.07809323401413729
VOM19980222.0700.0448: 0.07696956387599078
