VOM19980603.0900.0074: 0.36961348684928536
VOM19980604.0900.0213: 0.2684858195412645
VOM19980603.0730.0280: 0.2612205207746191
VOM19980605.0730.0276: 0.2518443703866799
VOM19980604.0730.0250: 0.23940091329680366
VOM19980605.0700.0440: 0.23068203602038578
VOM19980606.0700.0354: 0.19858960342462217
VOM19980606.0730.0134: 0.159100781423176
VOM19980223.0900.1854: 0.12891160444858374
VOM19980223.0900.0265: 0.1283814949147524
VOM19980509.0730.0100: 0.1206666551194252
VOM19980224.0900.2258: 0.12030918039211003
VOM19980223.0900.3466: 0.11535866625679642
