VOM19980314.0700.1261: 0.18213532453055276
VOM19980223.0700.1993: 0.15460866530547937
VOM19980403.0900.2349: 0.15345867239927585
VOM19980314.0700.0818: 0.1455690527860281
VOM19980224.0700.2219: 0.14368396653936702
VOM19980317.0700.0924: 0.1400011381897879
VOM19980303.0700.2491: 0.13983236810464253
VOM19980317.0900.0757: 0.13788583243380156
VOM19980220.0900.2138: 0.13757527628059507
VOM19980317.0700.0723: 0.13667261552271032
VOM19980225.0900.1275: 0.13530734614977602
VOM19980223.0900.2779: 0.134482323585101
VOM19980225.0900.1029: 0.13371677061874573
