VOM19980508.0700.0362: 0.25151977691682825
VOM19980510.0730.0001: 0.23922530158570357
VOM19980507.0730.0066: 0.23916705888056985
VOM19980507.0700.0242: 0.23531727572490369
VOM19980508.0730.0003: 0.23259636307628997
VOM19980508.0900.0007: 0.23237321667227212
VOM19980507.0900.0040: 0.23230882915913548
VOM19980510.0700.0040: 0.22489250136044045
VOM19980509.0730.0027: 0.2241148873423151
VOM19980506.0700.0042: 0.2232419057508188
VOM19980527.0700.0388: 0.2216055214535774
VOM19980509.0700.0089: 0.22048984119213552
VOM19980506.0900.0006: 0.21950827647870977
