VOM19980602.0900.0127: 0.18897858470985515
VOM19980531.0700.0040: 0.17913324724163263
VOM19980220.0900.3537: 0.16015421852357242
VOM19980602.0700.0166: 0.15434832324777958
VOM19980605.0900.0045: 0.14932113820186754
VOM19980605.0730.0042: 0.14484182065033258
VOM19980628.0700.0527: 0.14404062308072368
VOM19980531.0730.0006: 0.13310937888723623
VOM19980315.0700.1828: 0.1327564353137534
VOM19980606.0730.0234: 0.11835912702228715
VOM19980605.0700.0040: 0.11733167754461948
VOM19980606.0700.0206: 0.11649250292294659
VOM19980507.0700.0355: 0.10896533967806518
