VOM19980603.0700.0103: 0.19150568093781237
VOM19980616.0730.0180: 0.17229080970035596
VOM19980616.0900.0100: 0.1716583773776916
VOM19980616.0730.0252: 0.14961351954530377
VOM19980616.0900.0077: 0.14961351954530377
VOM19980531.0700.0120: 0.13842845250032546
VOM19980317.0700.0723: 0.12225181132405225
VOM19980618.0900.0057: 0.12140485084532603
VOM19980529.0730.0042: 0.11453796775309046
VOM19980529.0900.0046: 0.11453796775309046
VOM19980224.0900.2345: 0.11042625864973796
VOM19980319.0900.2169: 0.10436344256403508
VOM19980604.0700.0039: 0.10305129206362981
