VOM19980531.0700.0040: 0.18898011401702444
VOM19980605.0730.0042: 0.18837502724430405
VOM19980605.0900.0045: 0.18837502724430405
VOM19980602.0900.0127: 0.18014771500904916
VOM19980220.0900.3537: 0.1747172102653759
VOM19980605.0700.0040: 0.16088313838937288
VOM19980602.0700.0166: 0.16067305682226782
VOM19980628.0700.0527: 0.15341778044389526
VOM19980531.0730.0006: 0.15141083049805149
VOM19980606.0730.0234: 0.14090841185423397
VOM19980606.0700.0206: 0.14090841185423397
VOM19980315.0700.1828: 0.13837849027971397
VOM19980526.0730.0229: 0.13650567844662442
