VOM19980303.0700.0783: 0.12185267137805991
VOM19980530.0700.0107: 0.1105121424712022
VOM19980530.0730.0037: 0.10999116136617608
VOM19980305.0900.2166: 0.10815326072552692
VOM19980315.0700.2670: 0.10760636667155779
VOM19980305.0900.1046: 0.10639323077676992
VOM19980326.0900.0118: 0.103858922471733
VOM19980303.0700.2491: 0.10237413104257932
VOM19980224.0700.2219: 0.10176564595903255
VOM19980224.0700.1530: 0.10083915317503438
VOM19980302.0900.2091: 0.09920614332465996
VOM19980612.0700.0080: 0.09899818112818706
VOM19980623.0900.0051: 0.09842821022477695
