VOM19980508.0700.0362: 0.21411635694640727
VOM19980510.0730.0001: 0.20329954036738765
VOM19980508.0730.0003: 0.20155251722455286
VOM19980507.0700.0242: 0.20061652380534734
VOM19980508.0900.0007: 0.2003508973127895
VOM19980506.0700.0042: 0.19981992078618183
VOM19980506.0900.0006: 0.1977729201934031
VOM19980507.0730.0066: 0.1976414561017534
VOM19980509.0730.0027: 0.19629586075260394
VOM19980507.0900.0040: 0.19204176188924865
VOM19980510.0700.0040: 0.19060720997472994
VOM19980509.0700.0089: 0.19055031043446288
VOM19980527.0700.0388: 0.1803998159557179
