VOM19980314.0700.1261: 0.17679387308127725
VOM19980223.0700.1993: 0.14891806120127202
VOM19980403.0900.2349: 0.14815993144262904
VOM19980224.0700.2219: 0.13953495143191744
VOM19980314.0700.0818: 0.13928380027928622
VOM19980303.0700.2491: 0.1355333703963061
VOM19980317.0700.0924: 0.1340492547518276
VOM19980317.0900.0757: 0.1335993424883153
VOM19980220.0900.2138: 0.13328268020023362
VOM19980317.0700.0723: 0.1301395532898676
VOM19980225.0900.1275: 0.12958262636441645
VOM19980225.0900.1029: 0.1289372889549561
VOM19980223.0900.2779: 0.12881777714162096
