VOM19980314.0700.1261: 0.21972755950849798
VOM19980223.0700.1993: 0.20136731365078486
VOM19980314.0700.0818: 0.1987761955970691
VOM19980317.0700.0924: 0.18726754464854248
VOM19980403.0900.2349: 0.18701018875195635
VOM19980317.0700.0723: 0.1848248715532107
VOM19980317.0700.0156: 0.1832023189282778
VOM19980223.0900.2779: 0.17599535469664437
VOM19980302.0900.0871: 0.1758686826388399
VOM19980225.0900.1275: 0.1755890695609427
VOM19980224.0700.2219: 0.17558263011413353
VOM19980223.0900.2288: 0.1737610247211577
VOM19980319.0700.2536: 0.17249839785622242
