VOM19980314.0700.1261: 0.1786974730302461
VOM19980223.0700.1993: 0.1513319389196105
VOM19980403.0900.2349: 0.15014664223272917
VOM19980314.0700.0818: 0.14185730537541577
VOM19980224.0700.2219: 0.14150955101564708
VOM19980303.0700.2491: 0.1374850785978889
VOM19980317.0700.0924: 0.13642885644421007
VOM19980317.0900.0757: 0.13552354401904165
VOM19980220.0900.2138: 0.1348947539292218
VOM19980317.0700.0723: 0.13228471003168735
VOM19980225.0900.1275: 0.13130191126292107
VOM19980223.0900.2779: 0.130922715545805
VOM19980225.0900.1029: 0.13078066715392953
