VOM19980314.0700.1261: 0.1821353245305528
VOM19980223.0700.1993: 0.1546086653054794
VOM19980403.0900.2349: 0.15345867239927583
VOM19980314.0700.0818: 0.14556905278602822
VOM19980224.0700.2219: 0.14368396653936683
VOM19980317.0700.0924: 0.14000113818978793
VOM19980303.0700.2491: 0.13983236810464267
VOM19980317.0900.0757: 0.13788583243380173
VOM19980220.0900.2138: 0.13757527628059515
VOM19980317.0700.0723: 0.13667261552271032
VOM19980225.0900.1275: 0.13530734614977608
VOM19980223.0900.2779: 0.1344823235851011
VOM19980225.0900.1029: 0.1337167706187457
