VOM19980311.0700.1487: 0.2136781189841792
VOM19980630.0900.0230: 0.20746191702597616
VOM19980303.0900.2128: 0.1962745386592006
VOM19980316.0700.0776: 0.17399155125810437
VOM19980303.0900.0396: 0.16917482616380056
VOM19980304.0700.1058: 0.16706101057512537
VOM19980319.0700.2737: 0.16009215970393711
VOM19980621.0700.0565: 0.13931757436031886
VOM19980304.0700.1276: 0.12790064956616917
VOM19980305.0900.2093: 0.12669264526011995
VOM19980225.0700.0585: 0.12521578651089893
VOM19980316.0700.0702: 0.12507352669659078
VOM19980306.0700.0971: 0.12186328465489321
