VOM19980306.0700.1305: 0.09803263646594138
VOM19980314.0700.2522: 0.09450535766459194
VOM19980505.0700.0193: 0.0929577744912877
VOM19980319.0900.2169: 0.08798945651698993
VOM19980226.0900.0622: 0.08732907592927569
VOM19980507.0700.0127: 0.08725337148798194
VOM19980521.0700.0039: 0.08364806802826308
VOM19980223.0900.2288: 0.08239492565956513
VOM19980515.0900.0007: 0.08216337811962372
VOM19980415.0900.0022: 0.08176863654514972
VOM19980223.0700.1993: 0.0809852613528554
VOM19980623.0700.0314: 0.08053721518547192
VOM19980222.0700.0448: 0.0803342737319805
