VOM19980222.0700.0448: 0.10812187931179118
VOM19980220.0700.2208: 0.10704440752550858
VOM19980221.0700.2690: 0.1049066036347065
VOM19980316.0900.2774: 0.1044504911013921
VOM19980221.0700.2087: 0.10276955713757588
VOM19980326.0900.2164: 0.1013256725347957
VOM19980326.0700.2359: 0.1013256725347957
VOM19980325.0900.0905: 0.10083589596324175
VOM19980225.0900.0714: 0.10021844641071943
VOM19980226.0900.2027: 0.09885276803419758
VOM19980403.0900.0619: 0.0987072253769983
VOM19980228.0700.0636: 0.09525864327989662
VOM19980302.0700.0484: 0.09472418008942109
