VOM19980311.0700.1487: 0.20178421455040402
VOM19980630.0900.0230: 0.1958609497285574
VOM19980303.0900.2128: 0.1818374151081398
VOM19980316.0700.0776: 0.1651069853772721
VOM19980304.0700.1058: 0.15665492860365487
VOM19980303.0900.0396: 0.15501080350069363
VOM19980319.0700.2737: 0.15309065047319798
VOM19980621.0700.0565: 0.12441475582177165
VOM19980304.0700.1276: 0.12128220852210476
VOM19980316.0700.0702: 0.11238985029611667
VOM19980305.0900.2093: 0.11191486730827763
VOM19980326.0700.1793: 0.11137903613118326
VOM19980306.0700.0971: 0.11096708737652418
