VOM19980314.0700.1911: 0.21362331545758895
VOM19980314.0700.0239: 0.21009906709079437
VOM19980316.0900.1667: 0.20164077772156117
VOM19980327.0900.2123: 0.19180424687290606
VOM19980319.0900.1922: 0.16197028345699258
VOM19980319.0900.0162: 0.16095063485059816
VOM19980311.0700.1883: 0.15770381594388463
VOM19980302.0700.1749: 0.15757746121199973
VOM19980305.0700.0354: 0.15539594856546657
VOM19980623.0700.0507: 0.15438728593005444
VOM19980623.0730.0101: 0.15438728593005444
VOM19980316.0900.1861: 0.1532866451099809
VOM19980304.0700.0347: 0.14786572566466508
