VOM19980326.0900.3298: 0.1378082740179346
VOM19980624.0730.0117: 0.13247329098085733
VOM19980603.0700.0457: 0.10243003199381348
VOM19980603.0730.0240: 0.09509689088034616
VOM19980526.0730.0229: 0.093848394556609
VOM19980403.0700.3400: 0.09354138989835059
VOM19980327.0900.2035: 0.08994014367207888
VOM19980223.0700.0800: 0.0836736378690702
VOM19980613.0700.0546: 0.08241439235672007
VOM19980311.0700.0357: 0.08178981693013061
VOM19980220.0700.0672: 0.08074190505408228
VOM19980527.0700.0466: 0.08011742970951356
VOM19980529.0900.0173: 0.07991987798291281
