VOM19980603.0900.0074: 0.3523808178461034
VOM19980604.0900.0213: 0.2446649780220252
VOM19980603.0730.0280: 0.2399818946297365
VOM19980605.0730.0276: 0.23018820835368917
VOM19980604.0730.0250: 0.2168859989813151
VOM19980605.0700.0440: 0.20965908727859955
VOM19980606.0700.0354: 0.18522099196636108
VOM19980606.0730.0134: 0.14018994888293684
VOM19980223.0900.1854: 0.10704601576084952
VOM19980223.0900.0265: 0.1065591597880177
VOM19980509.0730.0100: 0.1018613407059676
VOM19980224.0900.2258: 0.09916150527930513
VOM19980223.0900.3466: 0.090381374010195
