VOM19980603.0900.0074: 0.29744894734420824
VOM19980605.0730.0276: 0.2543953440055183
VOM19980604.0900.0213: 0.2543332889163264
VOM19980603.0730.0280: 0.2492029770800458
VOM19980604.0730.0250: 0.22658944825451274
VOM19980606.0700.0354: 0.22013223201474966
VOM19980605.0700.0440: 0.21623271849543052
VOM19980606.0730.0134: 0.18291980862409796
VOM19980509.0730.0100: 0.1477979458715695
VOM19980502.0700.0438: 0.12748138691451985
VOM19980224.0900.2258: 0.12567219123091264
VOM19980628.0700.0527: 0.1152496588425695
VOM19980605.0900.0045: 0.11306423488988282
