VOM19980507.0700.0521: 0.22204446853874113
VOM19980511.0900.0004: 0.19803741288519822
VOM19980511.0730.0003: 0.19337422719345038
VOM19980511.0700.0039: 0.19337422719345038
VOM19980529.0900.0148: 0.1714817696897296
VOM19980529.0730.0148: 0.16620056758811372
VOM19980529.0700.0334: 0.13876503458252853
VOM19980302.0900.1291: 0.12922491981141065
VOM19980301.0700.0168: 0.11650520786334803
VOM19980225.0900.2118: 0.11555226069664805
VOM19980225.0900.0421: 0.11555226069664805
VOM19980424.0900.0178: 0.11213765432106025
VOM19980511.0730.0099: 0.11103015474995319
