VOM19980220.0700.2814: 0.12154869654509592
VOM19980410.0900.0241: 0.11729236810655265
VOM19980301.0700.0393: 0.11607998045316056
VOM19980223.0700.1511: 0.1114907609456474
VOM19980224.0900.3022: 0.10938521950912933
VOM19980326.0900.2164: 0.10419330802995422
VOM19980326.0700.2359: 0.10419330802995422
VOM19980227.0900.3069: 0.09886222723335951
VOM19980620.0700.0552: 0.09789032364879517
VOM19980315.0700.2508: 0.09773497725479276
VOM19980220.0700.0707: 0.09484069758804005
VOM19980317.0900.2819: 0.09309328711023068
VOM19980515.0900.0007: 0.09077031550299602
