VOM19980315.0700.1310: 0.20939521346354936
VOM19980326.0900.0149: 0.18825117556152035
VOM19980226.0900.2900: 0.18196498188375476
VOM19980628.0700.0316: 0.16393673654534044
VOM19980624.0730.0254: 0.162074596087935
VOM19980325.0900.2040: 0.16127587680661876
VOM19980606.0730.0134: 0.1590658773424319
VOM19980325.0900.0124: 0.15831358954896183
VOM19980624.0700.0382: 0.14979298626460993
VOM19980508.0700.0452: 0.14767038272890554
VOM19980508.0730.0240: 0.14636445195435344
VOM19980508.0900.0211: 0.14486948190109056
VOM19980226.0900.3196: 0.14279642837987574
