VOM19980314.0700.1261: 0.18208917934362434
VOM19980223.0700.1993: 0.1545508915359616
VOM19980403.0900.2349: 0.15341372737127254
VOM19980314.0700.0818: 0.14550603637326906
VOM19980224.0700.2219: 0.1436351162661593
VOM19980317.0700.0924: 0.13994628821091404
VOM19980303.0700.2491: 0.13978526913253556
VOM19980317.0900.0757: 0.13784349938127774
VOM19980220.0900.2138: 0.13753554330226803
VOM19980317.0700.0723: 0.1366218995213378
VOM19980225.0900.1275: 0.13526496490232173
VOM19980223.0900.2779: 0.13443268601746022
VOM19980225.0900.1029: 0.13367527700993662
