VOM19980301.0700.0393: 0.11611915316678144
VOM19980220.0700.2814: 0.10412462269976908
VOM19980410.0900.0241: 0.098342964972934
VOM19980620.0700.0552: 0.09644745218024005
VOM19980224.0900.3022: 0.09479234950870609
VOM19980627.0700.0572: 0.08588803333217057
VOM19980223.0700.1511: 0.08458846758165946
VOM19980220.0700.0707: 0.0803494256702481
VOM19980607.0700.0385: 0.07991796701773193
VOM19980607.0730.0163: 0.07991796701773193
VOM19980613.0700.0555: 0.07979317354329034
VOM19980515.0900.0007: 0.07873808733866913
VOM19980315.0700.2508: 0.07666886863213898
