VOM19980508.0700.0362: 0.20559083911481307
VOM19980508.0730.0003: 0.19475401178090176
VOM19980506.0700.0042: 0.19424200004250317
VOM19980510.0730.0001: 0.1935510330794444
VOM19980508.0900.0007: 0.19344014892246042
VOM19980506.0900.0006: 0.19245234473016334
VOM19980507.0700.0242: 0.19207578972972447
VOM19980509.0730.0027: 0.18947137211910278
VOM19980507.0730.0066: 0.18834168391827502
VOM19980509.0700.0089: 0.1834790275824506
VOM19980507.0900.0040: 0.18294089611547676
VOM19980510.0700.0040: 0.1822378408280275
VOM19980327.0900.0221: 0.1751982413744209
