VOM19980521.0700.0039: 0.11390394666044684
VOM19980314.0700.2522: 0.11389945712073839
VOM19980222.0700.0448: 0.10984406366504805
VOM19980511.0700.0080: 0.10919503787589141
VOM19980511.0730.0040: 0.10919503787589141
VOM19980306.0700.1305: 0.10912734743740736
VOM19980410.0900.0241: 0.10903892497419986
VOM19980317.0700.0156: 0.10826722833782976
VOM19980220.0900.2583: 0.10784229983742122
VOM19980226.0900.0622: 0.10674807849061849
VOM19980507.0700.0127: 0.10654864004962572
VOM19980319.0900.2169: 0.1039013756269931
VOM19980531.0700.0235: 0.10389906295620067
