VOM19980602.0900.0127: 0.19639656253418974
VOM19980531.0700.0040: 0.18556002915540673
VOM19980220.0900.3537: 0.16821711751518711
VOM19980602.0700.0166: 0.16096425583360457
VOM19980605.0900.0045: 0.1571733565039823
VOM19980628.0700.0527: 0.1545873779626666
VOM19980605.0730.0042: 0.1522716277163186
VOM19980531.0730.0006: 0.14409494686593863
VOM19980315.0700.1828: 0.14153939928494552
VOM19980606.0730.0234: 0.12607656230377576
VOM19980606.0700.0206: 0.12400568763812382
VOM19980605.0700.0040: 0.12329788039110907
VOM19980604.0900.0159: 0.11561906021023174
