VOM19980616.0730.0180: 0.10999219615017394
VOM19980616.0900.0100: 0.10963183767695713
VOM19980222.0700.0448: 0.10665357599938974
VOM19980319.0900.0364: 0.10548567270552262
VOM19980526.0900.0124: 0.1048178847429302
VOM19980316.0900.2774: 0.10306490651751703
VOM19980302.0700.0484: 0.10277066566310197
VOM19980225.0900.1919: 0.1012028967573746
VOM19980404.0700.1061: 0.10104850826969426
VOM19980526.0730.0065: 0.10070348233183454
VOM19980225.0900.0216: 0.10011100031365376
VOM19980225.0900.0714: 0.09918189516006816
VOM19980221.0700.2690: 0.09542000181120897
