VOM19980508.0700.0362: 0.2647190321822001
VOM19980510.0730.0001: 0.25886630495403035
VOM19980507.0730.0066: 0.2584703153247668
VOM19980507.0700.0242: 0.2523748939537162
VOM19980507.0900.0040: 0.2510040251528389
VOM19980508.0900.0007: 0.2441156879229335
VOM19980508.0730.0003: 0.24368020293083675
VOM19980509.0730.0027: 0.2418879496387319
VOM19980510.0700.0040: 0.24132281598765798
VOM19980527.0700.0388: 0.23888459959453343
VOM19980509.0700.0089: 0.23786462312909892
VOM19980506.0700.0042: 0.2337032359073641
VOM19980506.0900.0006: 0.23186839458146222
