VOM19980314.0700.2522: 0.12389374505809822
VOM19980220.0900.2583: 0.11764567206321777
VOM19980226.0900.0622: 0.11735880038182314
VOM19980511.0730.0133: 0.11720595926868049
VOM19980223.0700.1993: 0.11263763387381336
VOM19980222.0700.0448: 0.11164454286813329
VOM19980222.0700.1016: 0.10863441355851469
VOM19980618.0730.0234: 0.10568747790298494
VOM19980223.0900.2973: 0.10560392651146065
VOM19980223.0900.2288: 0.10559896285381165
VOM19980507.0700.0127: 0.10558787949721259
VOM19980226.0900.2027: 0.10530456618689388
VOM19980315.0700.3008: 0.10483771600362565
