VOM19980515.0900.0007: 0.14440994395908535
VOM19980527.0700.0042: 0.1438057770349386
VOM19980226.0900.1367: 0.13343911897408753
VOM19980515.0730.0053: 0.13119515704754653
VOM19980527.0730.0003: 0.1291022802392988
VOM19980515.0700.0102: 0.1251175429014837
VOM19980524.0730.0061: 0.125075839052424
VOM19980524.0700.0265: 0.125075839052424
VOM19980527.0900.0008: 0.12136939392076461
VOM19980302.0700.1233: 0.11921606995855023
VOM19980403.0700.2289: 0.1163443336733283
VOM19980305.0900.2166: 0.11547342682239006
VOM19980223.0900.2288: 0.11489448746560235
