VOM19980507.0700.0521: 0.22204604074566098
VOM19980511.0900.0004: 0.19803696856473615
VOM19980511.0730.0003: 0.19337219956930365
VOM19980511.0700.0039: 0.19337219956930365
VOM19980529.0900.0148: 0.171477587826542
VOM19980529.0730.0148: 0.16619339269766675
VOM19980529.0700.0334: 0.13876671093742177
VOM19980302.0900.1291: 0.1292385644825692
VOM19980301.0700.0168: 0.11651624702861822
VOM19980225.0900.2118: 0.1155609749691425
VOM19980225.0900.0421: 0.1155609749691425
VOM19980424.0900.0178: 0.11215740931942854
VOM19980511.0730.0099: 0.11105227320133526
