VOM19980314.0700.1261: 0.23532433523640306
VOM19980223.0700.1993: 0.21562397316395318
VOM19980314.0700.0818: 0.21448240901676566
VOM19980317.0700.0156: 0.20652200704174503
VOM19980317.0700.0723: 0.2044434520251347
VOM19980317.0700.0924: 0.20273785861032395
VOM19980403.0900.2349: 0.2026460242878611
VOM19980225.0900.1275: 0.1942738903464395
VOM19980302.0900.0871: 0.19269459780100906
VOM19980223.0900.2779: 0.1926639803330095
VOM19980326.0900.0433: 0.18984352335385324
VOM19980613.0700.0112: 0.1896536200133186
VOM19980319.0700.2536: 0.18959995651501704
