VOM19980507.0700.0521: 0.2028769734019175
VOM19980511.0900.0004: 0.18151683911246744
VOM19980511.0730.0003: 0.17495596119005996
VOM19980511.0700.0039: 0.17495596119005996
VOM19980529.0900.0148: 0.16164177319681725
VOM19980529.0730.0148: 0.15241781917994443
VOM19980302.0900.1291: 0.1520537115496968
VOM19980529.0700.0334: 0.1448859639854916
VOM19980302.0700.3469: 0.13627797624816185
VOM19980327.0900.2123: 0.13154736729242306
VOM19980511.0730.0099: 0.13149551479938362
VOM19980301.0700.0168: 0.12579936890996668
VOM19980424.0900.0178: 0.12389310109949936
