VOM19980603.0900.0074: 0.3463560932840114
VOM19980604.0900.0213: 0.23600013828430916
VOM19980603.0730.0280: 0.2302542135462991
VOM19980605.0730.0276: 0.22097974483116975
VOM19980604.0730.0250: 0.2101191251059567
VOM19980605.0700.0440: 0.20343099497689032
VOM19980606.0700.0354: 0.1779299454900953
VOM19980606.0730.0134: 0.1316429323029939
VOM19980223.0900.1854: 0.10138697134284025
VOM19980223.0900.0265: 0.10097004844171727
VOM19980509.0730.0100: 0.09290884825911928
VOM19980224.0900.2258: 0.0927634636569885
VOM19980223.0900.3466: 0.08490942383700419
