VOM19980508.0700.0362: 0.20048787657104467
VOM19980508.0730.0003: 0.1891339208330831
VOM19980508.0900.0007: 0.18719667066222676
VOM19980506.0700.0042: 0.18621103285987176
VOM19980507.0700.0242: 0.1851734456392092
VOM19980510.0730.0001: 0.1834548535102344
VOM19980506.0900.0006: 0.18343706918060948
VOM19980509.0730.0027: 0.17881586643134628
VOM19980510.0700.0040: 0.1764180699321303
VOM19980507.0730.0066: 0.1762114766344756
VOM19980509.0700.0089: 0.17351405834930855
VOM19980507.0900.0040: 0.17112009585595486
VOM19980327.0900.0221: 0.16804728247535983
