VOM19980314.0700.1911: 0.2224331643232899
VOM19980314.0700.0239: 0.2185946794694728
VOM19980316.0900.1667: 0.21146776039675313
VOM19980327.0900.2123: 0.2005291385603234
VOM19980319.0900.1922: 0.17319382161655417
VOM19980319.0900.0162: 0.17208318384066157
VOM19980305.0700.0354: 0.16736672605202582
VOM19980302.0700.1749: 0.16663620848234736
VOM19980311.0700.1883: 0.1642657114248977
VOM19980623.0700.0507: 0.16248315425808357
VOM19980623.0730.0101: 0.16248315425808357
VOM19980316.0900.1861: 0.16088664701081407
VOM19980303.0900.0203: 0.15787336929554716
