VOM19980603.0700.0457: 0.15187454254451518
VOM19980624.0730.0117: 0.14591644886016092
VOM19980326.0900.3298: 0.14063185081177865
VOM19980603.0730.0240: 0.13701832924219756
VOM19980220.0700.0672: 0.1266185425369921
VOM19980225.0900.2065: 0.12274690265684415
VOM19980302.0700.0373: 0.12125112818156367
VOM19980403.0700.3400: 0.12013935916866053
VOM19980527.0700.0466: 0.11900780386150184
VOM19980502.0700.0438: 0.11781023307600753
VOM19980224.0700.0481: 0.11749689837086774
VOM19980526.0730.0229: 0.11660425043651093
VOM19980311.0700.3445: 0.11544980040132848
