VOM19980314.0700.1911: 0.2093751234774035
VOM19980314.0700.0239: 0.20766905911222241
VOM19980327.0900.2123: 0.16516930962298013
VOM19980316.0900.1667: 0.16212063478365973
VOM19980316.0900.1861: 0.15454105722704867
VOM19980303.0900.1926: 0.13839735324484714
VOM19980228.0700.0448: 0.1372584501528541
VOM19980302.0700.3423: 0.1371014642752647
VOM19980311.0700.1883: 0.1364438973457965
VOM19980303.0900.3358: 0.13550874484742564
VOM19980302.0700.2096: 0.13081637134160015
VOM19980623.0700.0507: 0.1288431073147101
VOM19980623.0730.0101: 0.1288431073147101
