VOM19980603.0900.0074: 0.27803082270194096
VOM19980605.0730.0276: 0.21073912644211892
VOM19980603.0730.0280: 0.20729990049034616
VOM19980604.0900.0213: 0.19236025213914942
VOM19980606.0700.0354: 0.18866893705331175
VOM19980605.0700.0440: 0.1829048397431595
VOM19980604.0730.0250: 0.1725707244216568
VOM19980606.0730.0134: 0.14902905908570369
VOM19980509.0730.0100: 0.11774406140834126
VOM19980224.0900.2258: 0.10906462522090839
VOM19980319.0700.1874: 0.09659786377845651
VOM19980502.0700.0438: 0.09559420188263763
VOM19980305.0700.0276: 0.09338312751695942
