VOM19980314.0700.1911: 0.19883771907052006
VOM19980314.0700.0239: 0.1973386441879964
VOM19980316.0900.1667: 0.18996227209358849
VOM19980327.0900.2123: 0.18401868500724045
VOM19980311.0700.1883: 0.18042230026886316
VOM19980228.0700.0448: 0.1680416918197693
VOM19980302.0700.1749: 0.15679809564999117
VOM19980316.0900.1861: 0.1536155386283594
VOM19980319.0900.1922: 0.15238561537058448
VOM19980319.0900.0162: 0.15040220394058518
VOM19980305.0900.2891: 0.14723119593987516
VOM19980302.0700.1577: 0.1469232860281895
VOM19980404.0700.0676: 0.14384647958848532
