VOM19980508.0700.0362: 0.22549029163947237
VOM19980508.0730.0003: 0.20977268191067402
VOM19980507.0700.0242: 0.20849464917926766
VOM19980508.0900.0007: 0.20582080956120194
VOM19980510.0700.0040: 0.20375923370857701
VOM19980327.0900.0221: 0.19957094173093703
VOM19980510.0730.0001: 0.19790025659992064
VOM19980506.0900.0006: 0.1938760424998796
VOM19980427.0900.0219: 0.19378915211660755
VOM19980509.0730.0027: 0.19328174996085198
VOM19980506.0700.0042: 0.19096225055164773
VOM19980509.0700.0089: 0.18965132420545505
VOM19980507.0730.0066: 0.18703347668135575
