VOM19980602.0900.0127: 0.2010931849302373
VOM19980531.0700.0040: 0.19393762236908768
VOM19980220.0900.3537: 0.17288942207802122
VOM19980605.0900.0045: 0.1677613147117498
VOM19980602.0700.0166: 0.1654433175472921
VOM19980605.0730.0042: 0.1625293817425124
VOM19980628.0700.0527: 0.1621759582407198
VOM19980531.0730.0006: 0.15254743280200717
VOM19980315.0700.1828: 0.14955145160009928
VOM19980606.0730.0234: 0.132847711790654
VOM19980605.0700.0040: 0.13235333368565125
VOM19980606.0700.0206: 0.13066561738936291
VOM19980604.0900.0159: 0.11986853229941781
