VOM19980314.0700.1261: 0.17766719036092452
VOM19980223.0700.1993: 0.1496754318244784
VOM19980403.0900.2349: 0.14886181500405612
VOM19980314.0700.0818: 0.1402162181692061
VOM19980224.0700.2219: 0.13984565978820293
VOM19980303.0700.2491: 0.1358993149961624
VOM19980317.0700.0924: 0.13491828785141277
VOM19980317.0900.0757: 0.13389035806329205
VOM19980220.0900.2138: 0.13367823516944186
VOM19980317.0700.0723: 0.1312582116291689
VOM19980225.0900.1275: 0.13054385693682632
VOM19980223.0900.2779: 0.12954336513936032
VOM19980225.0900.1029: 0.12940317102926843
