VOM19980314.0700.1261: 0.17270082718866073
VOM19980223.0700.1993: 0.14505051967819133
VOM19980403.0900.2349: 0.1442824382045353
VOM19980224.0700.2219: 0.13688458541502205
VOM19980314.0700.0818: 0.13498310122144327
VOM19980303.0700.2491: 0.13271715416383187
VOM19980317.0900.0757: 0.1307714695940497
VOM19980220.0900.2138: 0.1301629657092084
VOM19980317.0700.0924: 0.12992496383558522
VOM19980225.0900.1029: 0.1255256752984041
VOM19980316.0900.2774: 0.1252632505341964
VOM19980317.0700.0723: 0.12516481950575173
VOM19980225.0900.1275: 0.12504730873455536
