VOM19980315.0700.1310: 0.20026502642573601
VOM19980326.0900.0149: 0.17666577158146318
VOM19980226.0900.2900: 0.1744426091573647
VOM19980628.0700.0316: 0.15444716741336975
VOM19980325.0900.2040: 0.1517073883458394
VOM19980624.0730.0254: 0.15073317943498515
VOM19980325.0900.0124: 0.14834791547058018
VOM19980606.0730.0134: 0.14762212482941614
VOM19980624.0700.0382: 0.13919647155226844
VOM19980508.0700.0452: 0.13627750385875215
VOM19980508.0730.0240: 0.1350889527306801
VOM19980508.0900.0211: 0.13465084895661428
VOM19980226.0900.3196: 0.1333570378976378
