VOM19980326.0900.0118: 0.13746217091790525
VOM19980303.0700.0783: 0.13406051339892
VOM19980530.0730.0037: 0.1283563807570254
VOM19980530.0700.0107: 0.12521760954913502
VOM19980326.0700.0452: 0.12259288629923253
VOM19980224.0700.1530: 0.1218037622749046
VOM19980315.0700.2670: 0.12017782753602789
VOM19980305.0900.2166: 0.1194875005388212
VOM19980311.0700.0234: 0.11856821625541286
VOM19980612.0700.0080: 0.1185427277099167
VOM19980305.0900.1046: 0.11497288594339775
VOM19980623.0900.0051: 0.11494450292072383
VOM19980609.0900.0107: 0.11435244133742431
