VOM19980314.0700.2522: 0.11391881315938485
VOM19980226.0900.0622: 0.10853110499975101
VOM19980220.0900.2583: 0.10709084197532923
VOM19980223.0700.1993: 0.10486179942447624
VOM19980511.0730.0133: 0.1030697730082228
VOM19980222.0700.0448: 0.10202873253991569
VOM19980222.0700.1016: 0.09777388220868032
VOM19980224.0700.2219: 0.09769186769439696
VOM19980223.0900.2973: 0.09741677570529095
VOM19980223.0900.2288: 0.09728521244425291
VOM19980226.0900.2027: 0.09657543340557082
VOM19980225.0900.1428: 0.09494107130042832
VOM19980507.0700.0127: 0.09484919117901652
