VOM19980315.0700.1310: 0.18203656727476406
VOM19980226.0900.2900: 0.16484320547676828
VOM19980326.0900.0149: 0.16224557206295606
VOM19980325.0900.2040: 0.14351287811899582
VOM19980325.0900.0124: 0.14070903756407174
VOM19980624.0730.0254: 0.13997274456724787
VOM19980628.0700.0316: 0.13468857095553396
VOM19980220.0900.1332: 0.12618848439865454
VOM19980624.0700.0382: 0.1254507940089349
VOM19980606.0730.0134: 0.1235402559538575
VOM19980226.0900.3196: 0.12078171041961049
VOM19980319.0700.0496: 0.11962970785647925
VOM19980506.0900.0257: 0.1189673829065323
