VOM19980314.0700.1261: 0.17365645212561634
VOM19980223.0700.1993: 0.14643221064320552
VOM19980403.0900.2349: 0.14495608026708018
VOM19980224.0700.2219: 0.13760857600617976
VOM19980314.0700.0818: 0.1365062812218037
VOM19980303.0700.2491: 0.13338443202936828
VOM19980317.0900.0757: 0.13122898299881883
VOM19980317.0700.0924: 0.13115777511455615
VOM19980220.0900.2138: 0.13005306878126593
VOM19980225.0900.1029: 0.12577019986917148
VOM19980317.0700.0723: 0.12575772587620648
VOM19980316.0900.2774: 0.1253036412828319
VOM19980223.0900.2779: 0.12520851716568163
