VOM19980326.0900.3298: 0.14577707758809472
VOM19980624.0730.0117: 0.1430948025499172
VOM19980603.0700.0457: 0.11391993373447529
VOM19980526.0730.0229: 0.10654355192232759
VOM19980603.0730.0240: 0.10631215812678764
VOM19980403.0700.3400: 0.10328953096312388
VOM19980327.0900.2035: 0.10053846033873588
VOM19980220.0700.0672: 0.09589953083175812
VOM19980613.0700.0546: 0.09427042266506268
VOM19980223.0700.0800: 0.09408967514512073
VOM19980302.0700.0373: 0.09320574696925045
VOM19980527.0700.0466: 0.09259805941373724
VOM19980225.0900.2065: 0.09251118078341537
