VOM19980315.0700.1310: 0.17915569418723093
VOM19980226.0900.2900: 0.16182671320490125
VOM19980326.0900.0149: 0.15893975703863353
VOM19980325.0900.2040: 0.14063776231272015
VOM19980325.0900.0124: 0.13770439877164117
VOM19980624.0730.0254: 0.13650840645978277
VOM19980628.0700.0316: 0.13165736567898978
VOM19980220.0900.1332: 0.12355288202488514
VOM19980624.0700.0382: 0.12184925834907773
VOM19980606.0730.0134: 0.11945716138116166
VOM19980226.0900.3196: 0.11703135966847696
VOM19980319.0700.0496: 0.1165460995698925
VOM19980506.0900.0257: 0.11551085132951598
