VOM19980326.0900.3298: 0.17909452220545727
VOM19980624.0730.0117: 0.17210741628691367
VOM19980613.0700.0546: 0.15342702980145984
VOM19980526.0730.0229: 0.14825896256168763
VOM19980327.0900.2035: 0.1396372857165962
VOM19980317.0900.3492: 0.1365852048251294
VOM19980603.0700.0457: 0.1346492855694231
VOM19980603.0730.0240: 0.1331275664569443
VOM19980302.0700.0373: 0.13147649299984476
VOM19980529.0900.0173: 0.13033883779516928
VOM19980220.0700.0672: 0.129510360340211
VOM19980327.0900.3505: 0.1278323038958504
VOM19980311.0700.0357: 0.1267778731575479
