VOM19980603.0700.0103: 0.32042752190073137
VOM19980616.0730.0180: 0.2655624521237168
VOM19980616.0900.0100: 0.26318067798390743
VOM19980319.0900.2169: 0.25527986035582745
VOM19980616.0730.0252: 0.24123762618319172
VOM19980616.0900.0077: 0.24123762618319172
VOM19980627.0730.0153: 0.2369352361686758
VOM19980627.0700.0205: 0.23395480008935143
VOM19980531.0700.0120: 0.23108408032649044
VOM19980530.0700.0037: 0.22852652225356154
VOM19980529.0700.0168: 0.22496485198760072
VOM19980529.0730.0003: 0.21885688981825283
VOM19980529.0900.0008: 0.21885688981825283
