VOM19980508.0700.0362: 0.21231858493851116
VOM19980508.0730.0003: 0.19868457953134333
VOM19980508.0900.0007: 0.19425213496312402
VOM19980507.0700.0242: 0.1923250174631709
VOM19980510.0700.0040: 0.18813336579980483
VOM19980327.0900.0221: 0.18577895090117308
VOM19980506.0900.0006: 0.18175371927429615
VOM19980506.0700.0042: 0.18046976168881707
VOM19980510.0730.0001: 0.17975810846253024
VOM19980509.0730.0027: 0.17669767281959767
VOM19980427.0900.0219: 0.17622870248706465
VOM19980509.0700.0089: 0.1734444772879425
VOM19980504.0700.0025: 0.17244507281239918
