VOM19980508.0700.0362: 0.21488701236509775
VOM19980510.0730.0001: 0.20374976332422218
VOM19980508.0730.0003: 0.20223833819749412
VOM19980507.0700.0242: 0.2019362682191579
VOM19980508.0900.0007: 0.20102375874300193
VOM19980506.0700.0042: 0.19952626342017007
VOM19980506.0900.0006: 0.19821450260390977
VOM19980509.0730.0027: 0.197160424142245
VOM19980507.0730.0066: 0.19711152950180577
VOM19980510.0700.0040: 0.19226067965149987
VOM19980507.0900.0040: 0.19141627132851388
VOM19980509.0700.0089: 0.1914031744896846
VOM19980327.0900.0221: 0.1824569718484021
