VOM19980616.0730.0180: 0.12041988917683237
VOM19980616.0900.0100: 0.11997786078112431
VOM19980526.0900.0124: 0.11962230821113336
VOM19980225.0900.1919: 0.11475309477552054
VOM19980526.0730.0065: 0.11456638665761675
VOM19980319.0900.0364: 0.11418014290904982
VOM19980225.0900.0216: 0.11344633833806969
VOM19980222.0700.0448: 0.11236112797511749
VOM19980302.0700.0484: 0.10935333163557877
VOM19980316.0900.2774: 0.1086332133790236
VOM19980404.0700.1061: 0.10730463295933519
VOM19980225.0900.0714: 0.10548006837118949
VOM19980221.0700.2690: 0.10008295777700925
