VOM19980325.0900.3341: 0.2074854067799092
VOM19980522.0700.0456: 0.12963103598943726
VOM19980607.0730.0033: 0.11482758293104718
VOM19980326.0700.1668: 0.1076973701484634
VOM19980522.0730.0286: 0.09906647515053404
VOM19980630.0900.0127: 0.09315237890276006
VOM19980312.0900.3445: 0.0877373604931179
VOM19980312.0900.1896: 0.0877373604931179
VOM19980306.0700.2852: 0.08568267822577241
VOM19980224.0700.2219: 0.08399452896935801
VOM19980326.0900.3442: 0.08308810248910307
VOM19980312.0900.0990: 0.08272383888538176
VOM19980607.0700.0121: 0.08136627654644264
