VOM19980527.0700.0042: 0.13897025770612031
VOM19980527.0730.0003: 0.1339540914709114
VOM19980515.0900.0007: 0.13336986565788314
VOM19980524.0730.0061: 0.13056965089231468
VOM19980524.0700.0265: 0.13056965089231468
VOM19980527.0900.0008: 0.12755519656393952
VOM19980515.0730.0053: 0.12207112097212655
VOM19980630.0900.0127: 0.1108062545378822
VOM19980403.0900.2121: 0.1091404800990243
VOM19980421.0900.0146: 0.10765454367290529
VOM19980515.0700.0102: 0.10754665809887956
VOM19980403.0700.0489: 0.10555498902656754
VOM19980410.0900.0241: 0.10501005224672186
