VOM19980508.0700.0362: 0.17247126514044048
VOM19980508.0730.0003: 0.160353503011103
VOM19980508.0900.0007: 0.15389385466136082
VOM19980507.0700.0242: 0.1443348492578894
VOM19980510.0700.0040: 0.14255906835830479
VOM19980506.0700.0042: 0.14062205375169048
VOM19980327.0900.0221: 0.13593322151323986
VOM19980506.0900.0006: 0.13497565879252119
VOM19980504.0700.0025: 0.1293339581918332
VOM19980510.0730.0001: 0.12365283670068443
VOM19980509.0730.0027: 0.12100514498640286
VOM19980427.0900.0219: 0.12018453242549307
VOM19980509.0700.0089: 0.11987984265076558
