VOM19980314.0700.2522: 0.12393569599447447
VOM19980220.0900.2583: 0.1176907199387058
VOM19980226.0900.0622: 0.117395209655197
VOM19980511.0730.0133: 0.11725653572580656
VOM19980223.0700.1993: 0.11267384962281171
VOM19980222.0700.0448: 0.11168598932090588
VOM19980222.0700.1016: 0.1086771789405117
VOM19980618.0730.0234: 0.10572864911912698
VOM19980223.0900.2973: 0.10563662915020702
VOM19980223.0900.2288: 0.10563242746572798
VOM19980507.0700.0127: 0.10562120215280593
VOM19980226.0900.2027: 0.10534036277246173
VOM19980315.0700.3008: 0.10487766214719021
