VOM19980315.0700.1310: 0.18055865660519094
VOM19980226.0900.2900: 0.16311157318023173
VOM19980326.0900.0149: 0.1606443796569559
VOM19980325.0900.2040: 0.14212806688703725
VOM19980325.0900.0124: 0.1392488999527736
VOM19980624.0730.0254: 0.1382974513795493
VOM19980628.0700.0316: 0.13318551976220913
VOM19980220.0900.1332: 0.12464257473893968
VOM19980624.0700.0382: 0.12358510320199036
VOM19980606.0730.0134: 0.12138633374022156
VOM19980226.0900.3196: 0.11866356592974277
VOM19980319.0700.0496: 0.11804417233480079
VOM19980506.0900.0257: 0.11724730614700715
