VOM19980311.0700.1487: 0.25014672348295774
VOM19980303.0900.2128: 0.24280345357825753
VOM19980630.0900.0230: 0.22177923187436333
VOM19980304.0700.1058: 0.22049044453874228
VOM19980303.0900.0396: 0.22048239720672397
VOM19980621.0700.0565: 0.19716065359768767
VOM19980316.0700.0776: 0.19517160397808936
VOM19980523.0700.0189: 0.19271405823331317
VOM19980305.0900.2093: 0.1846046926114395
VOM19980319.0700.2737: 0.1834027309485907
VOM19980225.0700.0585: 0.18011866499302753
VOM19980306.0700.0971: 0.17712294645245552
VOM19980316.0700.0944: 0.1649601819571227
