VOM19980603.0900.0074: 0.30629717714838367
VOM19980604.0900.0213: 0.2678212348304934
VOM19980605.0730.0276: 0.26648478264966724
VOM19980603.0730.0280: 0.26050386975944706
VOM19980604.0730.0250: 0.23997324639257653
VOM19980606.0700.0354: 0.23481173410453973
VOM19980605.0700.0440: 0.22884522145640798
VOM19980606.0730.0134: 0.19966436320031614
VOM19980509.0730.0100: 0.16377825762220563
VOM19980502.0700.0438: 0.14576296979283027
VOM19980224.0900.2258: 0.1396938362229743
VOM19980628.0700.0527: 0.13568976473724612
VOM19980605.0900.0045: 0.13013252659213775
