VOM19980315.0700.1310: 0.1775321384755753
VOM19980226.0900.2900: 0.17296624574732405
VOM19980326.0900.0149: 0.15080450236361578
VOM19980220.0900.1332: 0.14048322939163368
VOM19980628.0700.0316: 0.13845181462031472
VOM19980325.0900.2040: 0.13577928587139737
VOM19980325.0900.0124: 0.1322925705840426
VOM19980606.0730.0134: 0.13123231990629974
VOM19980624.0730.0254: 0.1308269771340197
VOM19980226.0900.3196: 0.12969734786058618
VOM19980319.0700.0496: 0.12550742512451094
VOM19980508.0700.0452: 0.12496693049102088
VOM19980508.0730.0240: 0.12331166627534337
