VOM19980603.0900.0074: 0.30627601783187347
VOM19980604.0900.0213: 0.26779424056396156
VOM19980605.0730.0276: 0.26644888691418445
VOM19980603.0730.0280: 0.2604695597000476
VOM19980604.0730.0250: 0.23994484413166156
VOM19980606.0700.0354: 0.23476246553642202
VOM19980605.0700.0440: 0.22881433685330604
VOM19980606.0730.0134: 0.19961240392324228
VOM19980509.0730.0100: 0.1637234196688427
VOM19980502.0700.0438: 0.14571053777854928
VOM19980224.0900.2258: 0.1396525483478031
VOM19980628.0700.0527: 0.13563217584354653
VOM19980605.0900.0045: 0.13008759344284995
