VOM19980314.0700.1261: 0.1977771586158712
VOM19980223.0700.1993: 0.1945852569941136
VOM19980224.0700.2219: 0.19115263821607398
VOM19980314.0700.0818: 0.18667665045078188
VOM19980303.0700.2491: 0.18066252138042085
VOM19980317.0900.0757: 0.17565523271931952
VOM19980403.0900.2349: 0.17420044059117334
VOM19980302.0900.2091: 0.1733919609018765
VOM19980317.0700.0924: 0.17190871759506937
VOM19980225.0700.2209: 0.17183997655488922
VOM19980403.0700.0727: 0.1705156250477974
VOM19980319.0700.1102: 0.16768625176650065
VOM19980306.0700.1916: 0.16746913365349184
