VOM19980603.0700.0103: 0.1750401604779371
VOM19980616.0730.0180: 0.15786441636845341
VOM19980616.0900.0100: 0.1572175802645921
VOM19980616.0730.0252: 0.13395977500928224
VOM19980616.0900.0077: 0.13395977500928224
VOM19980531.0700.0120: 0.12316442202367216
VOM19980317.0700.0723: 0.11215240445872235
VOM19980618.0900.0057: 0.10583187072320964
VOM19980224.0900.2345: 0.10181938413690121
VOM19980529.0730.0042: 0.1012943470394889
VOM19980529.0900.0046: 0.1012943470394889
VOM19980225.0900.1275: 0.09293180427490012
VOM19980319.0900.2169: 0.0929271303789078
