VOM19980527.0700.0042: 0.15899918593945753
VOM19980515.0900.0007: 0.1562031193618145
VOM19980226.0900.1367: 0.145594207517954
VOM19980527.0730.0003: 0.14436555582085814
VOM19980515.0730.0053: 0.14206349453355946
VOM19980524.0730.0061: 0.14060574921836455
VOM19980524.0700.0265: 0.14060574921836455
VOM19980515.0700.0102: 0.13722858168875762
VOM19980527.0900.0008: 0.13647172313743278
VOM19980302.0700.1233: 0.13131580323094935
VOM19980403.0700.2289: 0.12868171497305272
VOM19980305.0900.2166: 0.12751213416230905
VOM19980223.0900.2288: 0.1251876676941191
