VOM19980315.0700.1310: 0.20936024572325457
VOM19980326.0900.0149: 0.188220201107594
VOM19980226.0900.2900: 0.18193133525798932
VOM19980628.0700.0316: 0.1639072772863564
VOM19980624.0730.0254: 0.1620472504031003
VOM19980325.0900.2040: 0.16125156049908695
VOM19980606.0730.0134: 0.15903148716540913
VOM19980325.0900.0124: 0.15828895434149068
VOM19980624.0700.0382: 0.14976512273063136
VOM19980508.0700.0452: 0.14763874200046898
VOM19980508.0730.0240: 0.14633350944329207
VOM19980508.0900.0211: 0.1448401811253577
VOM19980226.0900.3196: 0.14276162387503774
