VOM19980603.0900.0074: 0.35330982616588574
VOM19980604.0900.0213: 0.2479610337891633
VOM19980603.0730.0280: 0.2425719406336006
VOM19980605.0730.0276: 0.23301158247560938
VOM19980604.0730.0250: 0.22011869526634337
VOM19980605.0700.0440: 0.21224805115473935
VOM19980606.0700.0354: 0.1890090624209066
VOM19980606.0730.0134: 0.14459534056519413
VOM19980223.0900.1854: 0.1098595755059592
VOM19980223.0900.0265: 0.10935977984431164
VOM19980509.0730.0100: 0.10655406144301693
VOM19980224.0900.2258: 0.10253002052808263
VOM19980223.0900.3466: 0.0930798978214612
