VOM19980303.0700.0783: 0.1294651973584912
VOM19980326.0900.0118: 0.11698616938204975
VOM19980530.0700.0107: 0.1163160932936343
VOM19980530.0730.0037: 0.11494484510473935
VOM19980305.0900.2166: 0.11442307793371874
VOM19980315.0700.2670: 0.11421028163499096
VOM19980305.0900.1046: 0.11206200927180526
VOM19980224.0700.1530: 0.109411521931805
VOM19980612.0700.0080: 0.10895397904976534
VOM19980303.0700.2491: 0.10692345875684957
VOM19980623.0900.0051: 0.10626433064926558
VOM19980224.0700.2219: 0.10586022694600561
VOM19980302.0900.2091: 0.10326757857044402
