VOM19980315.0700.1310: 0.19304788340861617
VOM19980326.0900.0149: 0.17719150434663503
VOM19980226.0900.2900: 0.1683912974368108
VOM19980325.0900.2040: 0.16240294140748948
VOM19980325.0900.0124: 0.15936261167938529
VOM19980624.0730.0254: 0.15888323538066135
VOM19980628.0700.0316: 0.15281747561857578
VOM19980624.0700.0382: 0.14133324361803556
VOM19980506.0900.0257: 0.1403438347684569
VOM19980606.0730.0134: 0.1396122277178829
VOM19980319.0700.0496: 0.13614363248117087
VOM19980508.0700.0452: 0.13295203082017878
VOM19980508.0900.0211: 0.13240388069777265
