VOM19980510.0730.0001: 0.23872378702353225
VOM19980507.0730.0066: 0.2377523402609896
VOM19980508.0700.0362: 0.23551672049207162
VOM19980509.0730.0027: 0.23539711348219156
VOM19980506.0900.0006: 0.23527731498294985
VOM19980506.0700.0042: 0.2323729407958803
VOM19980507.0900.0040: 0.23186739112411842
VOM19980508.0900.0007: 0.22920574123299114
VOM19980605.0900.0236: 0.2283243186585916
VOM19980508.0730.0003: 0.22803339350708945
VOM19980509.0700.0089: 0.22800244128052882
VOM19980507.0700.0242: 0.2269602941499336
VOM19980527.0700.0388: 0.218257181391694
