VOM19980311.0700.1487: 0.21723502031154432
VOM19980630.0900.0230: 0.21040989453828188
VOM19980303.0900.2128: 0.19988187286598674
VOM19980316.0700.0776: 0.17717218575663815
VOM19980303.0900.0396: 0.17291032340966134
VOM19980304.0700.1058: 0.17126949728732452
VOM19980319.0700.2737: 0.16322171110196648
VOM19980621.0700.0565: 0.1422693346121872
VOM19980305.0900.2093: 0.1311743020398983
VOM19980304.0700.1276: 0.13078701980989332
VOM19980225.0700.0585: 0.12953481434851669
VOM19980316.0700.0702: 0.12885087639555226
VOM19980306.0700.0971: 0.1259317914726473
