VOM19980314.0700.1261: 0.17950119395466355
VOM19980223.0700.1993: 0.15159532537343062
VOM19980403.0900.2349: 0.15073522618179278
VOM19980314.0700.0818: 0.1423166136989368
VOM19980224.0700.2219: 0.14130330759301768
VOM19980303.0700.2491: 0.1374159139051033
VOM19980317.0700.0924: 0.13693409993640712
VOM19980317.0900.0757: 0.13544767688083778
VOM19980220.0900.2138: 0.13528428644297086
VOM19980317.0700.0723: 0.13354401463957133
VOM19980225.0900.1275: 0.13260767081314861
VOM19980223.0900.2779: 0.13156703869363837
VOM19980225.0900.1029: 0.1311624163890394
