VOM19980326.0900.3298: 0.14375010146040668
VOM19980624.0730.0117: 0.1400096848283539
VOM19980603.0700.0457: 0.1103787142981157
VOM19980603.0730.0240: 0.10280729790681903
VOM19980526.0730.0229: 0.10238586013772462
VOM19980403.0700.3400: 0.10009436356337675
VOM19980327.0900.2035: 0.09694441934626302
VOM19980613.0700.0546: 0.09089778396156081
VOM19980223.0700.0800: 0.0905787975292662
VOM19980220.0700.0672: 0.090535986205549
VOM19980527.0700.0466: 0.0881987861411877
VOM19980225.0900.2065: 0.08759206341728723
VOM19980302.0700.0373: 0.08706941779872476
