VOM19980314.0700.1911: 0.23249892692189708
VOM19980314.0700.0239: 0.2282258548964531
VOM19980316.0900.1667: 0.22451852694093594
VOM19980327.0900.2123: 0.21192058318970045
VOM19980319.0900.1922: 0.1875826541278069
VOM19980319.0900.0162: 0.1863448739899496
VOM19980305.0700.0354: 0.1813793301210478
VOM19980302.0700.1749: 0.1790161776711782
VOM19980311.0700.1883: 0.1733561240563979
VOM19980623.0700.0507: 0.1723402425124993
VOM19980623.0730.0101: 0.1723402425124993
VOM19980619.0700.0464: 0.17099706484770463
VOM19980303.0900.0203: 0.1703598014458656
