VOM19980508.0700.0362: 0.2020914992904719
VOM19980508.0730.0003: 0.188973834039004
VOM19980506.0700.0042: 0.18659741487416065
VOM19980507.0700.0242: 0.1864099608945816
VOM19980508.0900.0007: 0.18619556240572321
VOM19980510.0730.0001: 0.1820443335599613
VOM19980506.0900.0006: 0.18099299684164089
VOM19980510.0700.0040: 0.17807846641940459
VOM19980509.0730.0027: 0.17633191314591673
VOM19980507.0730.0066: 0.17463542034012153
VOM19980509.0700.0089: 0.1720190461045136
VOM19980507.0900.0040: 0.17031276860483438
VOM19980327.0900.0221: 0.16476659530986776
