VOM19980507.0700.0521: 0.20793673369327437
VOM19980511.0900.0004: 0.1841051592874184
VOM19980511.0730.0003: 0.17972851632004355
VOM19980511.0700.0039: 0.17972851632004355
VOM19980529.0900.0148: 0.16303854712837046
VOM19980529.0730.0148: 0.15903790467465476
VOM19980529.0700.0334: 0.12800400174903326
VOM19980302.0900.1291: 0.11764604409540652
VOM19980301.0700.0168: 0.10271350103322253
VOM19980511.0730.0099: 0.09389038530191778
VOM19980225.0900.2118: 0.09301438070305384
VOM19980225.0900.0421: 0.09301438070305384
VOM19980302.0700.3469: 0.09141085471751846
