VOM19980603.0900.0074: 0.3523656040435963
VOM19980604.0900.0213: 0.24465103924587445
VOM19980603.0730.0280: 0.23998129081150552
VOM19980605.0730.0276: 0.23019179832750739
VOM19980604.0730.0250: 0.21687570305638643
VOM19980605.0700.0440: 0.20965790188643332
VOM19980606.0700.0354: 0.1852315279295166
VOM19980606.0730.0134: 0.14020197601678624
VOM19980223.0900.1854: 0.10704307466636331
VOM19980223.0900.0265: 0.10655609240668067
VOM19980509.0730.0100: 0.10187410303079807
VOM19980224.0900.2258: 0.09917151663132971
VOM19980223.0900.3466: 0.09037960392296394
