VOM19980616.0730.0180: 0.11449227711686054
VOM19980616.0900.0100: 0.114117175394911
VOM19980526.0900.0124: 0.11136389244550185
VOM19980319.0900.0364: 0.10962802843008342
VOM19980222.0700.0448: 0.10793889662865583
VOM19980526.0730.0065: 0.10699254046954362
VOM19980225.0900.1919: 0.10626172684229161
VOM19980302.0700.0484: 0.10512116272453592
VOM19980225.0900.0216: 0.10511524976149327
VOM19980316.0900.2774: 0.10484318058847696
VOM19980404.0700.1061: 0.10337671547838073
VOM19980225.0900.0714: 0.10151195422182135
VOM19980221.0700.2690: 0.09666459209096423
