VOM19980526.0900.0124: 0.12612322285979177
VOM19980616.0730.0180: 0.12532265991369085
VOM19980616.0900.0100: 0.1248088338857698
VOM19980225.0900.1919: 0.12310460899877866
VOM19980225.0900.0216: 0.1217986173635281
VOM19980526.0730.0065: 0.12110764464771107
VOM19980319.0900.0364: 0.11954577803610121
VOM19980222.0700.0448: 0.11846232452766993
VOM19980302.0700.0484: 0.11548209484970867
VOM19980316.0900.2774: 0.11442912218914023
VOM19980404.0700.1061: 0.11287206886504177
VOM19980225.0900.0714: 0.11144935733040569
VOM19980623.0700.0472: 0.10643960989977988
