VOM19980602.0900.0127: 0.20140020775925646
VOM19980531.0700.0040: 0.19643154579244057
VOM19980220.0900.3537: 0.17472779974739808
VOM19980605.0900.0045: 0.17172275046389868
VOM19980605.0730.0042: 0.16656814840240033
VOM19980602.0700.0166: 0.16637851924869454
VOM19980628.0700.0527: 0.16478015737082363
VOM19980531.0730.0006: 0.15563936223544686
VOM19980315.0700.1828: 0.15199888005045298
VOM19980605.0700.0040: 0.1362500189434163
VOM19980606.0730.0234: 0.13577331109925408
VOM19980606.0700.0206: 0.13363096585287476
VOM19980507.0700.0355: 0.1218870992453274
