VOM19980314.0700.1911: 0.20946059638190512
VOM19980314.0700.0239: 0.20759811832930283
VOM19980327.0900.2123: 0.16672446904192917
VOM19980316.0900.1667: 0.16433524413887282
VOM19980316.0900.1861: 0.15432387221370303
VOM19980303.0900.1926: 0.1386412543849986
VOM19980228.0700.0448: 0.1379421032539664
VOM19980311.0700.1883: 0.13768478176330087
VOM19980302.0700.3423: 0.1372801856506607
VOM19980303.0900.3358: 0.13574755532026972
VOM19980302.0700.2096: 0.13096220381385784
VOM19980623.0700.0507: 0.13009113776255216
VOM19980623.0730.0101: 0.13009113776255216
