VOM19980527.0700.0042: 0.1389985485978028
VOM19980527.0730.0003: 0.13398192160882919
VOM19980515.0900.0007: 0.13338783662707399
VOM19980524.0730.0061: 0.1305904267170681
VOM19980524.0700.0265: 0.1305904267170681
VOM19980527.0900.0008: 0.12758118376214422
VOM19980515.0730.0053: 0.12208682231371917
VOM19980630.0900.0127: 0.11080978879561014
VOM19980403.0900.2121: 0.1091481712735065
VOM19980421.0900.0146: 0.10767659011050458
VOM19980515.0700.0102: 0.10756294628908582
VOM19980403.0700.0489: 0.10556253059783326
VOM19980410.0900.0241: 0.1050156510393064
