VOM19980314.0700.1261: 0.20614221321634307
VOM19980223.0700.1993: 0.19078347416960836
VOM19980314.0700.0818: 0.1865606565706225
VOM19980317.0700.0924: 0.17462439115174277
VOM19980403.0900.2349: 0.1735420428634156
VOM19980224.0700.2219: 0.16848574979826778
VOM19980317.0700.0723: 0.1658579525250957
VOM19980303.0700.2491: 0.16336112992140953
VOM19980223.0900.2288: 0.16149245125275247
VOM19980302.0900.0871: 0.16103697148504734
VOM19980223.0900.2779: 0.16095557828078905
VOM19980326.0700.2676: 0.15813415555864632
VOM19980403.0700.0727: 0.15808859142989512
