VOM19980603.0700.0103: 0.19230476967572702
VOM19980616.0730.0180: 0.17224718320347526
VOM19980616.0900.0100: 0.17161491102171925
VOM19980616.0730.0252: 0.1493293930675078
VOM19980616.0900.0077: 0.1493293930675078
VOM19980531.0700.0120: 0.13818815681001095
VOM19980317.0700.0723: 0.12276536238731253
VOM19980618.0900.0057: 0.1210163694717497
VOM19980529.0730.0042: 0.11466111845540072
VOM19980529.0900.0046: 0.11466111845540072
VOM19980224.0900.2345: 0.11087007804950579
VOM19980319.0900.2169: 0.1052669140278306
VOM19980604.0700.0039: 0.10336267019073579
