VOM19980314.0700.1261: 0.18211690879395098
VOM19980223.0700.1993: 0.1545818940950031
VOM19980403.0900.2349: 0.15343858281384293
VOM19980314.0700.0818: 0.14553994071506238
VOM19980224.0700.2219: 0.1436580758771902
VOM19980317.0700.0924: 0.13997707223278213
VOM19980303.0700.2491: 0.1398081802717911
VOM19980317.0900.0757: 0.1378627627126255
VOM19980220.0900.2138: 0.13755714586826992
VOM19980317.0700.0723: 0.13665369130179275
VOM19980225.0900.1275: 0.13529292923524158
VOM19980223.0900.2779: 0.1344610231260506
VOM19980225.0900.1029: 0.13369803762429439
