VOM19980314.0700.1261: 0.1727172628183272
VOM19980223.0700.1993: 0.1460499081060535
VOM19980403.0900.2349: 0.14436726975309935
VOM19980224.0700.2219: 0.1379256029836743
VOM19980314.0700.0818: 0.13591282829315765
VOM19980303.0700.2491: 0.13353619798695568
VOM19980317.0900.0757: 0.13143893143459628
VOM19980317.0700.0924: 0.1305647107527753
VOM19980220.0900.2138: 0.12989954448032326
VOM19980225.0900.1029: 0.12550691257340368
VOM19980316.0900.2774: 0.1250743191927754
VOM19980223.0900.2779: 0.12470847778905449
VOM19980317.0700.0723: 0.12465625029390644
