VOM19980603.0700.0103: 0.18312938422681632
VOM19980616.0730.0180: 0.16562051576070586
VOM19980616.0900.0100: 0.1649862036048597
VOM19980616.0730.0252: 0.1438189736874366
VOM19980616.0900.0077: 0.1438189736874366
VOM19980531.0700.0120: 0.13207637890084262
VOM19980317.0700.0723: 0.11690863965463534
VOM19980618.0900.0057: 0.11571143419157544
VOM19980529.0730.0042: 0.10938024174554009
VOM19980529.0900.0046: 0.10938024174554009
VOM19980224.0900.2345: 0.10582077527521543
VOM19980319.0900.2169: 0.09898754689759384
VOM19980604.0700.0039: 0.09819995150216844
