VOM19980315.0700.1310: 0.1720093136541312
VOM19980226.0900.2900: 0.15739999345488465
VOM19980326.0900.0149: 0.15043726035681312
VOM19980325.0900.2040: 0.13359193395170457
VOM19980325.0900.0124: 0.13051288328174634
VOM19980624.0730.0254: 0.12852693986931363
VOM19980628.0700.0316: 0.12473485111628976
VOM19980220.0900.1332: 0.12065586878971468
VOM19980624.0700.0382: 0.114860673098256
VOM19980606.0730.0134: 0.11202398601349739
VOM19980226.0900.3196: 0.11180049090758867
VOM19980319.0700.0496: 0.11084674247889868
VOM19980506.0900.0257: 0.10878230879106937
