VOM19980602.0900.0127: 0.20043156454552064
VOM19980531.0700.0040: 0.19329138714458685
VOM19980220.0900.3537: 0.1730878647659887
VOM19980605.0900.0045: 0.1668053956104236
VOM19980602.0700.0166: 0.16514492917565604
VOM19980605.0730.0042: 0.16180158740720457
VOM19980628.0700.0527: 0.16115849375803046
VOM19980531.0730.0006: 0.15126059607392853
VOM19980315.0700.1828: 0.1483260564551661
VOM19980606.0730.0234: 0.13248123709833268
VOM19980605.0700.0040: 0.13195532847808347
VOM19980606.0700.0206: 0.13039189531202808
VOM19980507.0700.0355: 0.11985799108412457
