VOM19980314.0700.1261: 0.17550630677008403
VOM19980223.0700.1993: 0.14742472255209776
VOM19980403.0900.2349: 0.1468367711351587
VOM19980224.0700.2219: 0.13835817891896363
VOM19980314.0700.0818: 0.13767340114019072
VOM19980303.0700.2491: 0.1343475126271365
VOM19980317.0700.0924: 0.13254045418315355
VOM19980317.0900.0757: 0.13241102075091124
VOM19980220.0900.2138: 0.1321944774103835
VOM19980317.0700.0723: 0.12861358833689412
VOM19980225.0900.1275: 0.12828868915765076
VOM19980225.0900.1029: 0.12771150769993284
VOM19980316.0900.2774: 0.1274178133787286
