VOM19980527.0700.0042: 0.1108792032646437
VOM19980515.0900.0007: 0.10743749319725063
VOM19980527.0730.0003: 0.09735891272370976
VOM19980515.0730.0053: 0.09537413014906519
VOM19980226.0900.1367: 0.0932281496113491
VOM19980527.0900.0008: 0.08846990944299873
VOM19980515.0700.0102: 0.08285030205683269
VOM19980223.0700.1993: 0.0820436125638109
VOM19980223.0900.2288: 0.0818197412910749
VOM19980302.0700.1233: 0.0784334361134225
VOM19980524.0730.0061: 0.07831517153481139
VOM19980524.0700.0265: 0.07831517153481139
VOM19980305.0900.2166: 0.07689079210622443
