VOM19980314.0700.1261: 0.18005181665103578
VOM19980224.0700.2219: 0.17940865452035834
VOM19980223.0700.1993: 0.1790509819866485
VOM19980314.0700.0818: 0.1695198085757417
VOM19980303.0700.2491: 0.16765699637913756
VOM19980302.0900.2091: 0.16128931853496908
VOM19980317.0900.0757: 0.16128045909176075
VOM19980225.0700.2209: 0.15837321580124203
VOM19980403.0900.2349: 0.1561924937668306
VOM19980317.0700.0924: 0.15488938146183526
VOM19980306.0700.1916: 0.15400089606281492
VOM19980403.0700.0727: 0.15373567942342012
VOM19980319.0700.1102: 0.1511227002631121
