VOM19980603.0700.0103: 0.18403232406231815
VOM19980616.0730.0180: 0.16503718424994024
VOM19980616.0900.0100: 0.1644964863657094
VOM19980616.0730.0252: 0.14062341751087992
VOM19980616.0900.0077: 0.14062341751087992
VOM19980531.0700.0120: 0.13253708909008993
VOM19980317.0700.0723: 0.11907268532148861
VOM19980618.0900.0057: 0.11486843388861981
VOM19980529.0730.0042: 0.10832314362947758
VOM19980529.0900.0046: 0.10832314362947758
VOM19980224.0900.2345: 0.10765360543115209
VOM19980225.0900.1275: 0.09960368853792109
VOM19980319.0900.2169: 0.09956780283638307
