VOM19980507.0700.0521: 0.2235026364642839
VOM19980511.0900.0004: 0.20033284521483086
VOM19980511.0730.0003: 0.19555340891943113
VOM19980511.0700.0039: 0.19555340891943113
VOM19980529.0900.0148: 0.1725915685061213
VOM19980529.0730.0148: 0.16670506458344272
VOM19980529.0700.0334: 0.1415001095771474
VOM19980302.0900.1291: 0.13278456309578138
VOM19980225.0900.2118: 0.12173056376139522
VOM19980225.0900.0421: 0.12173056376139522
VOM19980301.0700.0168: 0.12002881634284442
VOM19980424.0900.0178: 0.11785050205615015
VOM19980511.0730.0099: 0.11563146172418969
