VOM19980311.0700.1487: 0.21725987722606982
VOM19980630.0900.0230: 0.2104238066245629
VOM19980303.0900.2128: 0.19991085289276037
VOM19980316.0700.0776: 0.177187969941893
VOM19980303.0900.0396: 0.17294016004553434
VOM19980304.0700.1058: 0.17130040188155318
VOM19980319.0700.2737: 0.16323841577297252
VOM19980621.0700.0565: 0.1423010787876227
VOM19980305.0900.2093: 0.1312038552631205
VOM19980304.0700.1276: 0.1307965068702251
VOM19980225.0700.0585: 0.12956277361911378
VOM19980316.0700.0702: 0.12886859104819715
VOM19980306.0700.0971: 0.12596087973255637
