VOM19980311.0700.1487: 0.2385278430368973
VOM19980303.0900.2128: 0.22207076740574402
VOM19980304.0700.1058: 0.22111664352051003
VOM19980630.0900.0230: 0.2207054733468765
VOM19980316.0700.0776: 0.20542981600054988
VOM19980319.0700.2737: 0.20378598356847785
VOM19980303.0900.0396: 0.1995103564012402
VOM19980326.0700.1793: 0.1729709634635402
VOM19980306.0700.0971: 0.17106738738035532
VOM19980523.0700.0189: 0.1679035997365811
VOM19980316.0700.0944: 0.1643445436859647
VOM19980305.0900.2093: 0.16350926787242046
VOM19980225.0700.0585: 0.1596292170613736
