VOM19980306.0700.1305: 0.12424112186004888
VOM19980505.0700.0193: 0.1227256672164429
VOM19980507.0700.0127: 0.12213556513906798
VOM19980421.0900.0146: 0.1171965667057488
VOM19980623.0700.0314: 0.11440101801045124
VOM19980319.0900.2169: 0.1134966510222851
VOM19980415.0900.0022: 0.11244379999166412
VOM19980511.0700.0080: 0.10934092421866932
VOM19980511.0730.0040: 0.10934092421866932
VOM19980521.0700.0039: 0.10916237934365866
VOM19980623.0900.0242: 0.10774100401499957
VOM19980501.0730.0291: 0.10742173748054776
VOM19980302.0700.3507: 0.10728744671260791
