VOM19980314.0700.0818: 0.32886214329750346
VOM19980223.0700.1993: 0.3261984008596899
VOM19980314.0700.1261: 0.32497318549430443
VOM19980317.0700.0924: 0.3044511075456736
VOM19980403.0700.0727: 0.30330884188479856
VOM19980403.0900.2349: 0.2976361848195965
VOM19980223.0900.2288: 0.2975989820723185
VOM19980224.0700.2219: 0.2943851521147613
VOM19980319.0700.1102: 0.29169072201498997
VOM19980317.0700.0723: 0.29049173054699345
VOM19980327.0900.0757: 0.2903182371254823
VOM19980223.0900.2779: 0.2860833646687978
VOM19980303.0700.2491: 0.2857789553263488
