VOM19980222.0700.0448: 0.11510005301001208
VOM19980316.0900.2774: 0.10228620147146289
VOM19980404.0700.1061: 0.10187656438839864
VOM19980326.0900.2164: 0.10152897576609132
VOM19980326.0700.2359: 0.10152363498567524
VOM19980225.0900.0714: 0.10047236786779969
VOM19980302.0700.0484: 0.09921506312517629
VOM19980225.0900.1919: 0.09891843742032681
VOM19980221.0700.2690: 0.09824313926402722
VOM19980403.0900.0619: 0.09813749006226001
VOM19980225.0900.0216: 0.09785118842352568
VOM19980325.0900.0905: 0.09614715100005208
VOM19980403.0700.1169: 0.09611960129991393
