VOM19980526.0900.0124: 0.12284901238259405
VOM19980616.0730.0180: 0.12274847669585127
VOM19980616.0900.0100: 0.12227836071702973
VOM19980225.0900.1919: 0.11856925916280238
VOM19980526.0730.0065: 0.11774992340723936
VOM19980225.0900.0216: 0.11724855057281329
VOM19980319.0900.0364: 0.11671212168453748
VOM19980222.0700.0448: 0.11491058470491484
VOM19980302.0700.0484: 0.11199149247386002
VOM19980316.0900.2774: 0.11105991758716599
VOM19980404.0700.1061: 0.10971699327772928
VOM19980225.0900.0714: 0.1080254714001683
VOM19980326.0700.0480: 0.10243959453438946
