VOM19980311.0700.1487: 0.2501996881614334
VOM19980303.0900.2128: 0.24285721012083894
VOM19980630.0900.0230: 0.22182519618582508
VOM19980304.0700.1058: 0.22055077056718528
VOM19980303.0900.0396: 0.22053457363837128
VOM19980621.0700.0565: 0.19720027030053774
VOM19980316.0700.0776: 0.19521957523085004
VOM19980523.0700.0189: 0.19277777790691475
VOM19980305.0900.2093: 0.18465630039508496
VOM19980319.0700.2737: 0.18345108377639624
VOM19980225.0700.0585: 0.18017117352801457
VOM19980306.0700.0971: 0.17717871484221573
VOM19980316.0700.0944: 0.16501299033824113
