VOM19980603.0700.0457: 0.15192399574213683
VOM19980624.0730.0117: 0.1459554840712342
VOM19980326.0900.3298: 0.140662468026479
VOM19980603.0730.0240: 0.1370641211403519
VOM19980220.0700.0672: 0.12667157311610594
VOM19980225.0900.2065: 0.12279811232751618
VOM19980302.0700.0373: 0.12130598144933528
VOM19980403.0700.3400: 0.12017594852949424
VOM19980527.0700.0466: 0.11905251266049319
VOM19980502.0700.0438: 0.11786673906808413
VOM19980224.0700.0481: 0.11755465579809729
VOM19980526.0730.0229: 0.11664697904140264
VOM19980311.0700.3445: 0.11549693318479
