VOM19980315.0700.1310: 0.174905200622561
VOM19980226.0900.2900: 0.15933428190538224
VOM19980326.0900.0149: 0.15388188591756075
VOM19980325.0900.2040: 0.13603468335296132
VOM19980325.0900.0124: 0.13305302559555665
VOM19980624.0730.0254: 0.13133658666994252
VOM19980628.0700.0316: 0.12744285358946206
VOM19980220.0900.1332: 0.12190654080530959
VOM19980624.0700.0382: 0.11767370597989428
VOM19980606.0730.0134: 0.11479808761030623
VOM19980226.0900.3196: 0.11403362205101249
VOM19980319.0700.0496: 0.11359450494978031
VOM19980506.0900.0257: 0.11117804222314381
