VOM19980325.0900.3341: 0.2405855649815716
VOM19980522.0730.0286: 0.16529760543963307
VOM19980607.0730.0033: 0.1579974667533254
VOM19980522.0700.0456: 0.1521150543262511
VOM19980326.0700.1668: 0.14778822491278618
VOM19980630.0900.0127: 0.14236780867496263
VOM19980603.0700.0282: 0.14175145868270211
VOM19980522.0730.0037: 0.1416055425999923
VOM19980522.0900.0039: 0.1416055425999923
VOM19980531.0700.0235: 0.13787950960189851
VOM19980302.0900.0457: 0.13427268471478732
VOM19980223.0900.1820: 0.13376515276858758
VOM19980304.0700.0871: 0.1336896150311765
