VOM19980603.0700.0103: 0.19401876499444373
VOM19980616.0730.0180: 0.17395115158323254
VOM19980616.0900.0100: 0.17323794752794153
VOM19980616.0730.0252: 0.15101951100999206
VOM19980616.0900.0077: 0.15101951100999206
VOM19980531.0700.0120: 0.13982317825061613
VOM19980317.0700.0723: 0.12465285679603888
VOM19980618.0900.0057: 0.1227386245204652
VOM19980529.0730.0042: 0.11562866187821226
VOM19980529.0900.0046: 0.11562866187821226
VOM19980224.0900.2345: 0.1130563673198127
VOM19980319.0900.2169: 0.10817692236279446
VOM19980604.0700.0039: 0.10537881661876311
