VOM19980311.0700.1487: 0.19711254037992826
VOM19980304.0700.1058: 0.17318294636475054
VOM19980303.0900.2128: 0.17155415772132976
VOM19980630.0900.0230: 0.1623061212541444
VOM19980316.0700.0776: 0.15185236797829582
VOM19980303.0900.0396: 0.14992053889886095
VOM19980319.0700.2737: 0.1498159854822437
VOM19980621.0700.0565: 0.1275073159994502
VOM19980306.0700.0971: 0.12548649941672183
VOM19980326.0700.1793: 0.12094106699552927
VOM19980316.0700.0944: 0.1204180543636789
VOM19980523.0700.0189: 0.11839117011874505
VOM19980305.0900.2093: 0.10830552320156529
