VOM19980508.0700.0362: 0.2196454889104761
VOM19980510.0730.0001: 0.21058508043468202
VOM19980507.0700.0242: 0.20759047255912733
VOM19980508.0730.0003: 0.20601049390906465
VOM19980508.0900.0007: 0.20501663892815614
VOM19980507.0730.0066: 0.20386171991238242
VOM19980506.0700.0042: 0.20280085963293001
VOM19980509.0730.0027: 0.2024643268925213
VOM19980506.0900.0006: 0.20182574855608415
VOM19980507.0900.0040: 0.19797287827150908
VOM19980510.0700.0040: 0.1977651468442648
VOM19980509.0700.0089: 0.1967467267218042
VOM19980527.0700.0388: 0.18688942232539216
