VOM19980606.0700.0354: 0.3402069087198856
VOM19980603.0900.0074: 0.3380617018914066
VOM19980605.0730.0276: 0.33170173600188885
VOM19980603.0730.0280: 0.3174906374651838
VOM19980604.0900.0213: 0.31336088317377514
VOM19980606.0730.0134: 0.310352208225888
VOM19980605.0700.0440: 0.2916666666666665
VOM19980604.0730.0250: 0.2896620610108288
VOM19980509.0730.0100: 0.27868520085657716
VOM19980628.0700.0527: 0.2580927006043818
VOM19980502.0700.0438: 0.25687341766462046
VOM19980224.0900.2258: 0.23756381703487425
VOM19980326.0900.3077: 0.22916666666666669
