VOM19980603.0900.0074: 0.24412149027947136
VOM19980605.0730.0276: 0.17169986686798797
VOM19980603.0730.0280: 0.16970751870579007
VOM19980604.0900.0213: 0.1520800066618495
VOM19980606.0700.0354: 0.1512189795922565
VOM19980605.0700.0440: 0.14419306849774316
VOM19980604.0730.0250: 0.1343850919682812
VOM19980606.0730.0134: 0.10656888006307731
VOM19980509.0730.0100: 0.0784840360658286
VOM19980319.0700.1874: 0.07497871554579362
VOM19980224.0900.2258: 0.06946840461605644
VOM19980403.0700.2482: 0.060989536610433916
VOM19980314.0700.2522: 0.0590027003426358
