VOM19980314.0700.1911: 0.21047621096748764
VOM19980314.0700.0239: 0.20898586121396082
VOM19980327.0900.2123: 0.16349945575091776
VOM19980316.0900.1667: 0.159642917900632
VOM19980316.0900.1861: 0.15605345121109016
VOM19980303.0900.1926: 0.1399803005665685
VOM19980302.0700.3423: 0.13880985099254334
VOM19980303.0900.3358: 0.13705865313466406
VOM19980228.0700.0448: 0.1364749641436691
VOM19980311.0700.1883: 0.1348832817890233
VOM19980302.0700.2096: 0.13254122596899603
VOM19980303.0900.0203: 0.12967722364599743
VOM19980623.0700.0507: 0.12914922375146118
