VOM19980527.0700.0042: 0.2670356097557722
VOM19980527.0730.0003: 0.24910094751181094
VOM19980226.0900.1367: 0.24689014993892575
VOM19980501.0700.0297: 0.24467509146445954
VOM19980515.0900.0007: 0.24084099726772493
VOM19980524.0730.0061: 0.23946037217307972
VOM19980524.0700.0265: 0.23946037217307972
VOM19980527.0900.0008: 0.237778177170365
VOM19980312.0900.3403: 0.2337622911060922
VOM19980623.0900.0051: 0.2330840307156986
VOM19980312.0900.1827: 0.23186944788008415
VOM19980317.0900.0330: 0.23002185311411807
VOM19980317.0700.0156: 0.2284160962880641
