VOM19980603.0900.0074: 0.3696134868492854
VOM19980604.0900.0213: 0.26848581954126455
VOM19980603.0730.0280: 0.2612205207746191
VOM19980605.0730.0276: 0.25184437038667984
VOM19980604.0730.0250: 0.23940091329680366
VOM19980605.0700.0440: 0.23068203602038584
VOM19980606.0700.0354: 0.19858960342462212
VOM19980606.0730.0134: 0.159100781423176
VOM19980223.0900.1854: 0.1289116044485837
VOM19980223.0900.0265: 0.12838149491475237
VOM19980509.0730.0100: 0.12066665511942523
VOM19980224.0900.2258: 0.12030918039211004
VOM19980223.0900.3466: 0.11535866625679643
