VOM19980314.0700.1261: 0.17367771224583503
VOM19980223.0700.1993: 0.14645780476783232
VOM19980403.0900.2349: 0.1449745451663593
VOM19980224.0700.2219: 0.13762781794981285
VOM19980314.0700.0818: 0.13653414670864666
VOM19980303.0700.2491: 0.13340316776710015
VOM19980317.0900.0757: 0.13124372015440816
VOM19980317.0700.0924: 0.13118248136773347
VOM19980220.0900.2138: 0.1300689885326974
VOM19980225.0900.1029: 0.1257869843619923
VOM19980317.0700.0723: 0.12578115240190452
VOM19980316.0900.2774: 0.12532020544334554
VOM19980223.0900.2779: 0.1252300210101038
