VOM19980325.0900.3341: 0.19143537073794775
VOM19980522.0700.0456: 0.11721805323678423
VOM19980607.0730.0033: 0.09751220586653876
VOM19980326.0700.1668: 0.0970533228195662
VOM19980630.0900.0127: 0.07952653743979636
VOM19980224.0700.2219: 0.07893556585305629
VOM19980306.0700.2852: 0.07850231309287276
VOM19980522.0730.0286: 0.07694480146875798
VOM19980312.0900.0990: 0.07469678195826661
VOM19980312.0900.3445: 0.0736883698250838
VOM19980312.0900.1896: 0.0736883698250838
VOM19980326.0900.3442: 0.07266050832358645
VOM19980326.0700.1793: 0.07253589000407798
