VOM19980315.0700.1310: 0.17749276457411298
VOM19980226.0900.2900: 0.17293102471785127
VOM19980326.0900.0149: 0.15076860837403028
VOM19980220.0900.1332: 0.14045534546732508
VOM19980628.0700.0316: 0.13841940936035074
VOM19980325.0900.2040: 0.13575045946478675
VOM19980325.0900.0124: 0.13226360697091408
VOM19980606.0730.0134: 0.131194933233367
VOM19980624.0730.0254: 0.13079494114183612
VOM19980226.0900.3196: 0.12966205967800565
VOM19980319.0700.0496: 0.12548028843887066
VOM19980508.0700.0452: 0.1249319559822569
VOM19980508.0730.0240: 0.12327715502555997
