VOM19980226.0900.2900: 0.145794280329729
VOM19980315.0700.1310: 0.14211041455527473
VOM19980220.0900.1332: 0.1181305060402346
VOM19980326.0900.0149: 0.10849797235717662
VOM19980628.0700.0316: 0.0987681654765957
VOM19980226.0900.3196: 0.09614764709140756
VOM19980325.0900.2040: 0.09575712617566086
VOM19980325.0900.0124: 0.09171240819318306
VOM19980606.0730.0134: 0.08837899131669039
VOM19980302.0900.2091: 0.08828792360203466
VOM19980624.0730.0254: 0.08714468905778905
VOM19980319.0700.0496: 0.08627187365077571
VOM19980624.0700.0382: 0.08337959427198167
