VOM19980531.0700.0040: 0.18894404057933717
VOM19980605.0730.0042: 0.18832351538781658
VOM19980605.0900.0045: 0.18832351538781658
VOM19980602.0900.0127: 0.18012658591868722
VOM19980220.0900.3537: 0.1746940167850347
VOM19980605.0700.0040: 0.16083657195375212
VOM19980602.0700.0166: 0.1606501648814767
VOM19980628.0700.0527: 0.15338323237871024
VOM19980531.0730.0006: 0.15137253551702326
VOM19980606.0730.0234: 0.14087523464847482
VOM19980606.0700.0206: 0.14087523464847482
VOM19980315.0700.1828: 0.13834518791214415
VOM19980526.0730.0229: 0.13645604235029207
