VOM19980511.0730.0133: 0.23873003074658
VOM19980410.0900.0241: 0.2380476142847616
VOM19980511.0700.0080: 0.22649412708342617
VOM19980511.0730.0040: 0.22649412708342617
VOM19980220.0900.2583: 0.21893874410315653
VOM19980314.0700.2522: 0.2172305890432636
VOM19980222.0700.1016: 0.2075735113207765
VOM19980222.0700.0448: 0.2041044601800279
VOM19980618.0730.0234: 0.20405350181564996
VOM19980225.0900.0253: 0.2021130208636108
VOM19980225.0900.1953: 0.20026720118795724
VOM19980304.0700.0512: 0.20004001200400173
VOM19980317.0900.0330: 0.1995949836173653
