VOM19980508.0700.0362: 0.21372456743582172
VOM19980510.0730.0001: 0.20327391538842268
VOM19980508.0730.0003: 0.2015130869877562
VOM19980507.0700.0242: 0.20074040175045335
VOM19980508.0900.0007: 0.2003583893458622
VOM19980506.0700.0042: 0.2001342308091977
VOM19980506.0900.0006: 0.19853378949967718
VOM19980507.0730.0066: 0.19774115561803943
VOM19980509.0730.0027: 0.19728499898257973
VOM19980507.0900.0040: 0.19207083347184598
VOM19980509.0700.0089: 0.19131245203213607
VOM19980510.0700.0040: 0.19064479979704982
VOM19980327.0900.0221: 0.18134356569952936
