VOM19980303.0700.0783: 0.15733531833914627
VOM19980303.0700.2491: 0.15426508291514424
VOM19980224.0700.2219: 0.15419824153001602
VOM19980302.0900.2091: 0.1511994286096032
VOM19980305.0900.2166: 0.15063347174079963
VOM19980305.0900.1046: 0.14710703599368277
VOM19980302.0700.2334: 0.14457159624936017
VOM19980316.0900.2108: 0.1430789573404785
VOM19980303.0900.2868: 0.14073056994896646
VOM19980325.0900.1209: 0.14045749026786727
VOM19980315.0700.2670: 0.14022189104656027
VOM19980319.0700.2278: 0.1385175079748371
VOM19980225.0900.0714: 0.13664701457249992
