VOM19980311.0700.1487: 0.2096207782160606
VOM19980630.0900.0230: 0.20478955515848982
VOM19980303.0900.2128: 0.19237926515344148
VOM19980316.0700.0776: 0.1708813570225173
VOM19980303.0900.0396: 0.1651569794504425
VOM19980304.0700.1058: 0.16225865359791372
VOM19980319.0700.2737: 0.15699637941436065
VOM19980621.0700.0565: 0.13500490519511013
VOM19980304.0700.1276: 0.12513771564687198
VOM19980305.0900.2093: 0.12196796538245747
VOM19980316.0700.0702: 0.1213226469645698
VOM19980225.0700.0585: 0.12066310851763488
VOM19980306.0700.0971: 0.11712812181718822
