VOM19980603.0900.0074: 0.3520724266362081
VOM19980604.0900.0213: 0.24526889697168303
VOM19980603.0730.0280: 0.23974721542732427
VOM19980605.0730.0276: 0.22958811235495888
VOM19980604.0730.0250: 0.2171932832878821
VOM19980605.0700.0440: 0.20885770627555866
VOM19980606.0700.0354: 0.18353511806459535
VOM19980606.0730.0134: 0.13815708476514138
VOM19980223.0900.1854: 0.10543368086305464
VOM19980223.0900.0265: 0.10497185753358394
VOM19980509.0730.0100: 0.09963402108626661
VOM19980224.0900.2258: 0.09715685009025371
VOM19980223.0900.3466: 0.0887041264077162
