VOM19980314.0700.1911: 0.22773716886226789
VOM19980314.0700.0239: 0.22625644989221072
VOM19980327.0900.2123: 0.17502934301854575
VOM19980316.0900.1861: 0.1729810000201688
VOM19980316.0900.1667: 0.1710731411923495
VOM19980303.0900.1926: 0.16007503183177094
VOM19980302.0700.3423: 0.15934864429030546
VOM19980303.0900.3358: 0.15688882421129516
VOM19980302.0700.2096: 0.15334657806883178
VOM19980303.0900.0203: 0.14972669120897747
VOM19980305.0700.0354: 0.14903299564370995
VOM19980623.0700.0507: 0.14875739080332404
VOM19980623.0730.0101: 0.14875739080332404
