VOM19980314.0700.1261: 0.20668347587702673
VOM19980223.0700.1993: 0.20292905391761976
VOM19980224.0700.2219: 0.1974189519834953
VOM19980314.0700.0818: 0.19578206328641565
VOM19980303.0700.2491: 0.18737068727532707
VOM19980403.0900.2349: 0.1831540611103597
VOM19980317.0900.0757: 0.18297587859012707
VOM19980317.0700.0924: 0.1806764821556547
VOM19980302.0900.2091: 0.17985680479571425
VOM19980403.0700.0727: 0.17935464109931973
VOM19980225.0700.2209: 0.17893220916358993
VOM19980319.0700.1102: 0.1762545697955131
VOM19980306.0700.1916: 0.17466548247350297
