VOM19980602.0900.0127: 0.13507216745056663
VOM19980531.0700.0040: 0.1294301059125964
VOM19980602.0700.0166: 0.11524671160265787
VOM19980605.0730.0042: 0.1134150802859713
VOM19980605.0900.0045: 0.1134150802859713
VOM19980220.0900.3537: 0.10896364205754858
VOM19980605.0700.0040: 0.09457816854002186
VOM19980403.0700.2289: 0.08141395560339562
VOM19980628.0700.0527: 0.07628423014211447
VOM19980606.0730.0234: 0.07460912270426819
VOM19980606.0700.0206: 0.07460912270426819
VOM19980319.0700.1874: 0.07336403440469273
VOM19980603.0900.0074: 0.0727178702218065
