VOM19980507.0700.0521: 0.14966399719508428
VOM19980511.0900.0004: 0.1309462133537575
VOM19980529.0900.0148: 0.12720908782496806
VOM19980511.0730.0003: 0.12445690320289338
VOM19980511.0700.0039: 0.12445690320289338
VOM19980529.0730.0148: 0.1199416102291305
VOM19980302.0900.1291: 0.11043118836967798
VOM19980529.0700.0334: 0.09919328621739217
VOM19980327.0900.2123: 0.08967233880899075
VOM19980403.0700.2482: 0.08938424317530122
VOM19980302.0700.0779: 0.08539392940893038
VOM19980302.0700.3469: 0.08437549441497734
VOM19980306.0700.1916: 0.08344322027726578
