VOM19980511.0700.0080: 0.12942584537191576
VOM19980511.0730.0040: 0.12942584537191576
VOM19980410.0900.0241: 0.1278924795883672
VOM19980521.0700.0039: 0.12651061545985104
VOM19980314.0700.2522: 0.12396601368031829
VOM19980317.0700.0156: 0.1225032622346954
VOM19980306.0700.1305: 0.1212748083496248
VOM19980222.0700.0448: 0.11997292064769487
VOM19980220.0900.2583: 0.11850020363596582
VOM19980507.0700.0127: 0.11809150153148221
VOM19980319.0900.2169: 0.11644409459324992
VOM19980531.0700.0235: 0.11591007607218132
VOM19980226.0900.0622: 0.11560974750222942
