VOM19980314.0700.1911: 0.157243891542505
VOM19980314.0700.0239: 0.1566178052150832
VOM19980316.0900.1667: 0.1492577249202396
VOM19980311.0700.1883: 0.14860092805585343
VOM19980327.0900.2123: 0.1464562075964772
VOM19980228.0700.0448: 0.13589550243017903
VOM19980302.0700.1749: 0.11906491104719487
VOM19980302.0900.2091: 0.11764098796705327
VOM19980316.0900.1861: 0.11641521485606024
VOM19980224.0700.2219: 0.11566644698200283
VOM19980227.0900.2836: 0.11390526876034081
VOM19980404.0700.0676: 0.11272374669540391
VOM19980302.0700.1577: 0.10881363959538945
