VOM19980603.0700.0103: 0.2429838642414185
VOM19980616.0730.0180: 0.19765768469394762
VOM19980616.0900.0100: 0.1968477990363255
VOM19980616.0730.0252: 0.1820942308754863
VOM19980616.0900.0077: 0.1820942308754863
VOM19980531.0700.0120: 0.16608450851652876
VOM19980319.0900.2169: 0.15870725537695357
VOM19980618.0900.0057: 0.15391236780612433
VOM19980317.0700.0723: 0.14913565777051577
VOM19980529.0730.0042: 0.1442210457247176
VOM19980529.0900.0046: 0.1442210457247176
VOM19980529.0700.0168: 0.13965531876270557
VOM19980224.0900.2345: 0.1376779443003472
