VOM19980326.0900.3298: 0.14326622870252903
VOM19980624.0730.0117: 0.13939038331168618
VOM19980603.0700.0457: 0.11030394498268918
VOM19980603.0730.0240: 0.10258840801149831
VOM19980526.0730.0229: 0.10152310837737122
VOM19980403.0700.3400: 0.10008290984294743
VOM19980327.0900.2035: 0.09648415531420257
VOM19980220.0700.0672: 0.09017733256677449
VOM19980223.0700.0800: 0.09017224768093927
VOM19980613.0700.0546: 0.08952704570374428
VOM19980527.0700.0466: 0.08814618191612228
VOM19980225.0900.2065: 0.08706421522293835
VOM19980302.0700.0373: 0.08655014098562083
