VOM19980326.0900.3298: 0.14579120053916558
VOM19980624.0730.0117: 0.1431171463543173
VOM19980603.0700.0457: 0.11396897063758105
VOM19980526.0730.0229: 0.10657050833371043
VOM19980603.0730.0240: 0.10635512614843648
VOM19980403.0700.3400: 0.10331329134187124
VOM19980327.0900.2035: 0.1005617414148485
VOM19980220.0700.0672: 0.09593911412055417
VOM19980613.0700.0546: 0.09431904601637377
VOM19980223.0700.0800: 0.09411034630855192
VOM19980302.0700.0373: 0.09324287603541763
VOM19980527.0700.0466: 0.09262741721835813
VOM19980225.0900.2065: 0.0925547234373453
