VOM19980325.0900.3341: 0.24052872278636048
VOM19980522.0730.0286: 0.16524851258141243
VOM19980607.0730.0033: 0.15795005215997135
VOM19980522.0700.0456: 0.15206738008066312
VOM19980326.0700.1668: 0.14774012973976178
VOM19980630.0900.0127: 0.14231873290682656
VOM19980603.0700.0282: 0.14169898954093454
VOM19980522.0730.0037: 0.14155268600713908
VOM19980522.0900.0039: 0.14155268600713908
VOM19980531.0700.0235: 0.1378392610146364
VOM19980302.0900.0457: 0.13422694829219678
VOM19980223.0900.1820: 0.13372059115246526
VOM19980304.0700.0871: 0.13363979326108877
