VOM19980314.0700.1911: 0.18917717024417896
VOM19980314.0700.0239: 0.18810007946052074
VOM19980316.0900.1667: 0.17775974596914154
VOM19980327.0900.2123: 0.17321077276366212
VOM19980311.0700.1883: 0.17108985013195557
VOM19980228.0700.0448: 0.1591281167351526
VOM19980302.0700.1749: 0.1452396728598162
VOM19980316.0900.1861: 0.14523613638807398
VOM19980319.0900.1922: 0.13942797229129222
VOM19980319.0900.0162: 0.13761321416447259
VOM19980305.0900.2891: 0.1360416224931302
VOM19980302.0700.1577: 0.13551353128428115
VOM19980227.0900.2836: 0.13528225023064835
