VOM19980603.0900.0074: 0.35330361141099204
VOM19980604.0900.0213: 0.24797793613521915
VOM19980603.0730.0280: 0.24258889292799782
VOM19980605.0730.0276: 0.23303531932887225
VOM19980604.0730.0250: 0.22013427580649614
VOM19980605.0700.0440: 0.21226288899384863
VOM19980606.0700.0354: 0.18903472104422833
VOM19980606.0730.0134: 0.14462216291702515
VOM19980223.0900.1854: 0.10986624514101549
VOM19980223.0900.0265: 0.1093664191364993
VOM19980509.0730.0100: 0.10657923194414518
VOM19980224.0900.2258: 0.10254776438914197
VOM19980223.0900.3466: 0.09308660428516245
