VOM19980508.0700.0362: 0.21680300676704156
VOM19980510.0730.0001: 0.207260061448959
VOM19980507.0700.0242: 0.20408329692852245
VOM19980508.0730.0003: 0.20378278120703505
VOM19980508.0900.0007: 0.20272316499974768
VOM19980506.0700.0042: 0.20165704973551024
VOM19980507.0730.0066: 0.20138797874875503
VOM19980506.0900.0006: 0.20013864522857597
VOM19980509.0730.0027: 0.19978895950613368
VOM19980507.0900.0040: 0.19561308220631765
VOM19980510.0700.0040: 0.19401638793387432
VOM19980509.0700.0089: 0.19397149796551377
VOM19980527.0700.0388: 0.18390819962228588
