VOM19980508.0700.0362: 0.33168807323853655
VOM19980507.0700.0242: 0.32491821664432974
VOM19980510.0730.0001: 0.3246172270321177
VOM19980510.0700.0040: 0.3196099773699323
VOM19980427.0900.0219: 0.31302375463811355
VOM19980507.0730.0066: 0.306583309913776
VOM19980515.0900.0229: 0.3007159914718233
VOM19980509.0730.0027: 0.30000960046082426
VOM19980508.0730.0003: 0.2984131894236415
VOM19980507.0900.0040: 0.29652865017500385
VOM19980509.0700.0089: 0.29652865017500385
VOM19980527.0700.0388: 0.29652865017500385
VOM19980508.0900.0007: 0.29652865017500385
