VOM19980527.0700.0042: 0.13221469980698256
VOM19980527.0730.0003: 0.12901974096318694
VOM19980524.0730.0061: 0.12722521007461576
VOM19980524.0700.0265: 0.12722521007461576
VOM19980515.0900.0007: 0.12711437091470512
VOM19980527.0900.0008: 0.12320046177235171
VOM19980515.0730.0053: 0.11696290798314803
VOM19980630.0900.0127: 0.11098009535728601
VOM19980410.0900.0241: 0.10950913145925213
VOM19980403.0900.2121: 0.10808377724506396
VOM19980403.0700.0489: 0.10659640195362276
VOM19980421.0900.0146: 0.10486926003778903
VOM19980515.0700.0102: 0.10195957209933268
