VOM19980314.0700.1911: 0.2126101190841739
VOM19980314.0700.0239: 0.21062410359009415
VOM19980327.0900.2123: 0.17172677592696775
VOM19980316.0900.1667: 0.17040337142383366
VOM19980316.0900.1861: 0.1573934541822373
VOM19980303.0900.1926: 0.14277658263687085
VOM19980311.0700.1883: 0.1424669208391594
VOM19980228.0700.0448: 0.14207369527972105
VOM19980302.0700.3423: 0.1407983157119942
VOM19980303.0900.3358: 0.1399559214805626
VOM19980302.0700.2096: 0.13504823924474124
VOM19980623.0700.0507: 0.1340935233025825
VOM19980623.0730.0101: 0.1340935233025825
