VOM19980301.0700.0393: 0.10955236206520166
VOM19980220.0700.2814: 0.0999319709446609
VOM19980620.0700.0552: 0.09412533747557732
VOM19980224.0900.3022: 0.08983147890888575
VOM19980410.0900.0241: 0.08798590376841729
VOM19980627.0700.0572: 0.08236212217663111
VOM19980223.0700.1511: 0.07947594533641561
VOM19980613.0700.0555: 0.07767839640190588
VOM19980220.0700.0707: 0.07508158111620515
VOM19980607.0700.0385: 0.07194774731438502
VOM19980607.0730.0163: 0.07194774731438502
VOM19980515.0900.0007: 0.0716116020972049
VOM19980315.0700.2508: 0.07061425590326778
