VOM19980303.0700.0783: 0.13273400432311144
VOM19980326.0900.0118: 0.11999326410500198
VOM19980530.0700.0107: 0.11820429823007188
VOM19980305.0900.2166: 0.11734430508420185
VOM19980315.0700.2670: 0.11714009198299762
VOM19980530.0730.0037: 0.11629413020823194
VOM19980305.0900.1046: 0.11489117794849568
VOM19980612.0700.0080: 0.11223464569511708
VOM19980224.0700.1530: 0.11223062345906773
VOM19980623.0900.0051: 0.10954202403304722
VOM19980303.0700.2491: 0.10942081394955137
VOM19980224.0700.2219: 0.10818046749838123
VOM19980302.0900.2091: 0.10557388734839686
