VOM19980315.0700.1310: 0.17521818381507442
VOM19980226.0900.2900: 0.15857222606958887
VOM19980326.0900.0149: 0.15495622529977554
VOM19980325.0900.2040: 0.13816914313986486
VOM19980325.0900.0124: 0.13507626742923684
VOM19980624.0730.0254: 0.13352016522265417
VOM19980628.0700.0316: 0.12911820921839398
VOM19980220.0900.1332: 0.12139537876880288
VOM19980624.0700.0382: 0.11882083069025236
VOM19980606.0730.0134: 0.11608456200115395
VOM19980319.0700.0496: 0.11469755553328748
VOM19980506.0900.0257: 0.11370842914590822
VOM19980226.0900.3196: 0.1136970957993573
