VOM19980325.0900.3341: 0.15144511050753698
VOM19980522.0700.0456: 0.10399799286806823
VOM19980224.0700.2219: 0.09527310744234882
VOM19980326.0700.1668: 0.09000156326848402
VOM19980306.0700.2852: 0.08812076856493588
VOM19980223.0900.1151: 0.08604699229479378
VOM19980222.0700.1501: 0.08590527055807952
VOM19980303.0700.2491: 0.08547990740117034
VOM19980326.0700.1793: 0.08463803166534661
VOM19980312.0900.0990: 0.08383428018788626
VOM19980225.0700.2209: 0.08187290876820306
VOM19980221.0700.2087: 0.07972965061200103
VOM19980222.0700.0448: 0.0781194302268363
