VOM19980603.0700.0103: 0.24302319695718227
VOM19980616.0730.0180: 0.1976915073481733
VOM19980616.0900.0100: 0.1968809672427814
VOM19980616.0730.0252: 0.18212500949960736
VOM19980616.0900.0077: 0.18212500949960736
VOM19980531.0700.0120: 0.16611549285833085
VOM19980319.0900.2169: 0.1587536624883905
VOM19980618.0900.0057: 0.15394397846073524
VOM19980317.0700.0723: 0.14916664047786724
VOM19980529.0730.0042: 0.14424336931375828
VOM19980529.0900.0046: 0.14424336931375828
VOM19980529.0700.0168: 0.13969403385196041
VOM19980224.0900.2345: 0.13771042364612773
