VOM19980325.0900.3341: 0.2032404314873332
VOM19980522.0700.0456: 0.14973932076350965
VOM19980326.0700.1668: 0.12897910596649703
VOM19980326.0900.3442: 0.11898112890666
VOM19980607.0730.0033: 0.11723782347902022
VOM19980306.0700.2852: 0.11677284057967405
VOM19980326.0700.1793: 0.1149297329304079
VOM19980312.0900.0990: 0.11474319247922495
VOM19980222.0700.1501: 0.11467658319530155
VOM19980630.0900.0127: 0.11419046592816205
VOM19980224.0700.2219: 0.11414619357392329
VOM19980522.0730.0286: 0.11355124225863332
VOM19980222.0700.0448: 0.11025547353805876
