VOM19980311.0700.1487: 0.20499302241242717
VOM19980630.0900.0230: 0.19829389689819354
VOM19980303.0900.2128: 0.18452127703286586
VOM19980316.0700.0776: 0.16757278448740717
VOM19980304.0700.1058: 0.15852314387102448
VOM19980303.0900.0396: 0.15803535307813163
VOM19980319.0700.2737: 0.1545790646355982
VOM19980621.0700.0565: 0.12551707329712675
VOM19980304.0700.1276: 0.1229419540036751
VOM19980316.0700.0702: 0.11601567763820844
VOM19980305.0900.2093: 0.11547819604896732
VOM19980225.0700.0585: 0.11412342153944903
VOM19980306.0700.0971: 0.11312049981464954
