VOM19980303.0700.0783: 0.12172749410584965
VOM19980530.0730.0037: 0.1116842252817644
VOM19980530.0700.0107: 0.11101145102391868
VOM19980326.0900.0118: 0.10837937985501651
VOM19980305.0900.2166: 0.10816556000127686
VOM19980315.0700.2670: 0.10759743307248404
VOM19980305.0900.1046: 0.10623257133175112
VOM19980303.0700.2491: 0.10221161758361211
VOM19980224.0700.2219: 0.10162453816384368
VOM19980224.0700.1530: 0.10142992008035287
VOM19980612.0700.0080: 0.09992801852122124
VOM19980302.0900.2091: 0.09908109048847824
VOM19980623.0900.0051: 0.09883087789430257
