VOM19980603.0700.0457: 0.10059853082871578
VOM19980326.0900.3298: 0.08680807051576078
VOM19980624.0730.0117: 0.08174912282817605
VOM19980603.0730.0240: 0.08124583780609052
VOM19980403.0700.3400: 0.06852302902080155
VOM19980224.0700.2219: 0.06610359540927802
VOM19980311.0700.3445: 0.0636044649956433
VOM19980227.0900.2416: 0.06063894230613673
VOM19980306.0700.2852: 0.05607736413051716
VOM19980314.0700.2522: 0.05480118041845669
VOM19980311.0700.0800: 0.05435831946416612
VOM19980225.0900.2065: 0.052047568925619986
VOM19980222.0700.2119: 0.05077526888334732
