VOM19980531.0700.0040: 0.17573279924810356
VOM19980602.0900.0127: 0.17334084219135745
VOM19980605.0730.0042: 0.17124161624082868
VOM19980605.0900.0045: 0.17124161624082868
VOM19980220.0900.3537: 0.1633508954399902
VOM19980602.0700.0166: 0.15359711952409172
VOM19980605.0700.0040: 0.1455284694026041
VOM19980628.0700.0527: 0.1383885620907744
VOM19980531.0730.0006: 0.13438191533999597
VOM19980606.0730.0234: 0.1269077032000302
VOM19980606.0700.0206: 0.1269077032000302
VOM19980315.0700.1828: 0.12474614678410731
VOM19980603.0900.0074: 0.12253643606020419
