VOM19980303.0700.0783: 0.1572860809826372
VOM19980303.0700.2491: 0.15422379511892462
VOM19980224.0700.2219: 0.154159228457181
VOM19980302.0900.2091: 0.1511607210928501
VOM19980305.0900.2166: 0.15058834328530415
VOM19980305.0900.1046: 0.14706442010372162
VOM19980302.0700.2334: 0.14452490674004656
VOM19980316.0900.2108: 0.14303669536398794
VOM19980303.0900.2868: 0.14068649414852114
VOM19980325.0900.1209: 0.14041620169255767
VOM19980315.0700.2670: 0.14017813663104384
VOM19980319.0700.2278: 0.13847324631963978
VOM19980225.0900.0714: 0.13659898581281618
