VOM19980222.0700.0448: 0.14899388756361714
VOM19980225.0900.0216: 0.1467151490036629
VOM19980225.0900.1919: 0.1467151490036629
VOM19980316.0900.2774: 0.14665501342101664
VOM19980225.0900.0714: 0.14595736326460942
VOM19980221.0700.2690: 0.14231451496386033
VOM19980302.0700.0484: 0.14117850089060038
VOM19980221.0700.2087: 0.14078711347967882
VOM19980325.0900.0905: 0.1397460530830961
VOM19980220.0700.2208: 0.1384797261489816
VOM19980326.0900.2164: 0.1370324692496471
VOM19980326.0700.2359: 0.1370324692496471
VOM19980403.0900.0619: 0.13633223304014494
