VOM19980314.0700.1911: 0.2125932468113048
VOM19980314.0700.0239: 0.21060815500040714
VOM19980327.0900.2123: 0.1717031641042129
VOM19980316.0900.1667: 0.17037387739005028
VOM19980316.0900.1861: 0.1573823229470361
VOM19980303.0900.1926: 0.14276144093960763
VOM19980311.0700.1883: 0.14244807868324488
VOM19980228.0700.0448: 0.14206187209136353
VOM19980302.0700.3423: 0.14078358203961555
VOM19980303.0900.3358: 0.13994107891916976
VOM19980302.0700.2096: 0.13503454211929888
VOM19980623.0700.0507: 0.13407222825182025
VOM19980623.0730.0101: 0.13407222825182025
