VOM19980311.0700.1487: 0.2172545541444666
VOM19980630.0900.0230: 0.21042475757119136
VOM19980303.0900.2128: 0.19990356816122923
VOM19980316.0700.0776: 0.17719215981869116
VOM19980303.0900.0396: 0.17293264149574636
VOM19980304.0700.1058: 0.17129923597889485
VOM19980319.0700.2737: 0.16324461948231872
VOM19980621.0700.0565: 0.14228463977612935
VOM19980305.0900.2093: 0.13119636108599989
VOM19980304.0700.1276: 0.1308013259793148
VOM19980225.0700.0585: 0.12955720225581097
VOM19980316.0700.0702: 0.1288648616948382
VOM19980306.0700.0971: 0.1259592230838175
