VOM19980224.0700.2219: 0.14772985224477886
VOM19980303.0700.2491: 0.14713213058658076
VOM19980303.0700.0783: 0.14623508792014034
VOM19980302.0900.2091: 0.14462402611473157
VOM19980305.0900.2166: 0.14082855593324595
VOM19980305.0900.1046: 0.13795433333909982
VOM19980302.0700.2334: 0.13508877775818004
VOM19980316.0900.2108: 0.1346092960138545
VOM19980325.0900.1209: 0.13152321720546026
VOM19980303.0900.2868: 0.13117520618802764
VOM19980315.0700.2670: 0.12999961589814024
VOM19980319.0700.2278: 0.12879318373957063
VOM19980223.0900.1151: 0.12651873439946443
