VOM19980527.0700.0042: 0.13507069040879366
VOM19980527.0730.0003: 0.13036052320433758
VOM19980515.0900.0007: 0.13020711954770103
VOM19980524.0730.0061: 0.1267620591347922
VOM19980524.0700.0265: 0.1267620591347922
VOM19980527.0900.0008: 0.12406186057225166
VOM19980515.0730.0053: 0.11920104779584212
VOM19980630.0900.0127: 0.10856849646627044
VOM19980403.0900.2121: 0.10672903901158265
VOM19980515.0700.0102: 0.10422241159960273
VOM19980421.0900.0146: 0.10403496695707627
VOM19980410.0900.0241: 0.1037258068672777
VOM19980403.0700.0489: 0.10347018776392637
