VOM19980603.0900.0074: 0.28685454672200406
VOM19980605.0730.0276: 0.22195645544926415
VOM19980603.0730.0280: 0.21797769463141112
VOM19980604.0900.0213: 0.20451306912187628
VOM19980606.0700.0354: 0.20211435952064166
VOM19980605.0700.0440: 0.1945298323305413
VOM19980604.0730.0250: 0.1845227788428563
VOM19980606.0730.0134: 0.16371574197113062
VOM19980509.0730.0100: 0.13146308518725477
VOM19980224.0900.2258: 0.12175711322957562
VOM19980502.0700.0438: 0.1103956625966659
VOM19980305.0700.0276: 0.10520431819658049
VOM19980319.0700.1874: 0.10501161286281928
