VOM19980326.0900.3298: 0.14399664821420896
VOM19980624.0730.0117: 0.13910824795702822
VOM19980603.0700.0457: 0.1063991801839976
VOM19980526.0730.0229: 0.10285310411405155
VOM19980603.0730.0240: 0.10006852022519715
VOM19980327.0900.2035: 0.09784868986529899
VOM19980403.0700.3400: 0.09768699976382729
VOM19980613.0700.0546: 0.09281415256797161
VOM19980223.0700.0800: 0.09008248899871403
VOM19980311.0700.0357: 0.08851250788695253
VOM19980220.0700.0672: 0.08846431425222209
VOM19980529.0900.0173: 0.08797359154569813
VOM19980527.0700.0466: 0.0855310879450151
