VOM19980314.0700.1911: 0.20630018861876376
VOM19980314.0700.0239: 0.20482438823595753
VOM19980327.0900.2123: 0.16156577067766004
VOM19980316.0900.1667: 0.1579267165319328
VOM19980316.0900.1861: 0.15243041076138797
VOM19980303.0900.1926: 0.13565211386403092
VOM19980228.0700.0448: 0.13519468999299988
VOM19980302.0700.3423: 0.1344200096469658
VOM19980311.0700.1883: 0.1340505665017645
VOM19980303.0900.3358: 0.13286838431825423
VOM19980302.0700.2096: 0.12809396403531273
VOM19980623.0700.0507: 0.12566197096098097
VOM19980623.0730.0101: 0.12566197096098097
