VOM19980301.0700.0393: 0.10428255826412684
VOM19980220.0700.2814: 0.09855407786485278
VOM19980224.0900.3022: 0.08852865261076345
VOM19980620.0700.0552: 0.0884401962028412
VOM19980410.0900.0241: 0.08264678470986754
VOM19980223.0700.1511: 0.07813538011321376
VOM19980613.0700.0555: 0.07632183039429614
VOM19980627.0700.0572: 0.07541573955492822
VOM19980220.0700.0707: 0.07153116888939579
VOM19980315.0700.2508: 0.06863187978430937
VOM19980515.0900.0007: 0.06744637860006335
VOM19980607.0700.0385: 0.06604830791354616
VOM19980607.0730.0163: 0.06604830791354616
