VOM19980301.0700.0393: 0.10862265789373435
VOM19980220.0700.2814: 0.10069117730601844
VOM19980620.0700.0552: 0.09249027609002305
VOM19980224.0900.3022: 0.09059582518411624
VOM19980410.0900.0241: 0.08610278767919774
VOM19980223.0700.1511: 0.08008538548655875
VOM19980627.0700.0572: 0.0798121066664553
VOM19980613.0700.0555: 0.07849582583151068
VOM19980220.0700.0707: 0.07502262558410333
VOM19980515.0900.0007: 0.07148790897620257
VOM19980315.0700.2508: 0.07121102222796277
VOM19980607.0700.0385: 0.07054261673366474
VOM19980607.0730.0163: 0.07054261673366474
