VOM19980303.0700.0783: 0.12034477723384969
VOM19980530.0730.0037: 0.10969135205805519
VOM19980530.0700.0107: 0.10956390931873261
VOM19980305.0900.2166: 0.10708151711386939
VOM19980315.0700.2670: 0.10617414671875347
VOM19980305.0900.1046: 0.10571129158378456
VOM19980303.0700.2491: 0.10259252654380273
VOM19980326.0900.0118: 0.10258981865133383
VOM19980224.0700.2219: 0.10218617260603613
VOM19980302.0900.2091: 0.09960126342157827
VOM19980224.0700.1530: 0.09793864206922287
VOM19980612.0700.0080: 0.0976743731756418
VOM19980623.0900.0051: 0.0966437150402855
