VOM19980605.0730.0042: 0.3077175978175047
VOM19980605.0900.0045: 0.3077175978175047
VOM19980531.0700.0040: 0.27048137303735537
VOM19980605.0700.0040: 0.26949286210118834
VOM19980526.0730.0229: 0.25532276092925166
VOM19980531.0730.0006: 0.25045902480661714
VOM19980317.0700.0383: 0.24604113061761199
VOM19980520.0730.0150: 0.24408061227723724
VOM19980304.0900.0276: 0.241746889207614
VOM19980628.0700.0527: 0.2403290066601239
VOM19980403.0700.2289: 0.2297034206521826
VOM19980220.0900.3537: 0.22859848324733212
VOM19980225.0700.0701: 0.2279211529192757
