VOM19980602.0900.0127: 0.2014055508526608
VOM19980531.0700.0040: 0.19644542026268258
VOM19980220.0900.3537: 0.17473885472738404
VOM19980605.0900.0045: 0.17176438442415037
VOM19980605.0730.0042: 0.1666118170706953
VOM19980602.0700.0166: 0.1663927949848704
VOM19980628.0700.0527: 0.16479119756422342
VOM19980531.0730.0006: 0.1556603347850031
VOM19980315.0700.1828: 0.1520059836709469
VOM19980605.0700.0040: 0.1362886157247181
VOM19980606.0730.0234: 0.1357914079860833
VOM19980606.0700.0206: 0.13364986198952925
VOM19980507.0700.0355: 0.1218948942338567
