VOM19980507.0700.0521: 0.22350220609464613
VOM19980511.0900.0004: 0.200335192213201
VOM19980511.0730.0003: 0.195556100669816
VOM19980511.0700.0039: 0.195556100669816
VOM19980529.0900.0148: 0.1725968266845894
VOM19980529.0730.0148: 0.16671103810063173
VOM19980529.0700.0334: 0.1415073132659832
VOM19980302.0900.1291: 0.13278944594872605
VOM19980225.0900.2118: 0.12172656293054093
VOM19980225.0900.0421: 0.12172656293054093
VOM19980301.0700.0168: 0.12002906839784781
VOM19980424.0900.0178: 0.11784585888544409
VOM19980511.0730.0099: 0.11562736749574119
