VOM19980225.0900.0216: 0.2722131775053588
VOM19980225.0900.1919: 0.2722131775053588
VOM19980222.0700.0448: 0.2498610913369597
VOM19980623.0700.0472: 0.24646257657683557
VOM19980225.0900.0714: 0.24338418541654236
VOM19980316.0900.2774: 0.2410014993646156
VOM19980619.0700.0421: 0.2407717061715383
VOM19980302.0700.0484: 0.2390432274290174
VOM19980221.0700.2087: 0.23742807048692918
VOM19980403.0900.3074: 0.2371587248863419
VOM19980325.0900.0905: 0.23628235808762374
VOM19980225.0700.0221: 0.23618874648666513
VOM19980526.0900.0124: 0.23505204602464835
