VOM19980616.0730.0180: 0.12041211259014259
VOM19980616.0900.0100: 0.11997011274015205
VOM19980526.0900.0124: 0.11960547686855873
VOM19980225.0900.1919: 0.11473174003570841
VOM19980526.0730.0065: 0.11455026670365322
VOM19980319.0900.0364: 0.11416778137789979
VOM19980225.0900.0216: 0.11342522677639383
VOM19980222.0700.0448: 0.1123443827391903
VOM19980302.0700.0484: 0.10934106014369716
VOM19980316.0900.2774: 0.10862112487466853
VOM19980404.0700.1061: 0.10729024202838497
VOM19980225.0900.0714: 0.10546549549415876
VOM19980221.0700.2690: 0.10007082482762372
