VOM19980603.0700.0103: 0.19285186519903888
VOM19980616.0730.0180: 0.1732654226207648
VOM19980616.0900.0100: 0.1726018311372378
VOM19980616.0730.0252: 0.15054293939114818
VOM19980616.0900.0077: 0.15054293939114818
VOM19980531.0700.0120: 0.1393582850497681
VOM19980317.0700.0723: 0.12337247156539002
VOM19980618.0900.0057: 0.1223069135325063
VOM19980529.0730.0042: 0.11524290619513286
VOM19980529.0900.0046: 0.11524290619513286
VOM19980224.0900.2345: 0.11157831463329494
VOM19980319.0900.2169: 0.10603445224771596
VOM19980604.0700.0039: 0.1041476891051679
