VOM19980531.0700.0040: 0.1889801140170243
VOM19980605.0730.0042: 0.1883750272443043
VOM19980605.0900.0045: 0.1883750272443043
VOM19980602.0900.0127: 0.18014771500904922
VOM19980220.0900.3537: 0.1747172102653759
VOM19980605.0700.0040: 0.16088313838937293
VOM19980602.0700.0166: 0.16067305682226793
VOM19980628.0700.0527: 0.15341778044389517
VOM19980531.0730.0006: 0.1514108304980516
VOM19980606.0730.0234: 0.1409084118542341
VOM19980606.0700.0206: 0.1409084118542341
VOM19980315.0700.1828: 0.13837849027971397
VOM19980526.0730.0229: 0.13650567844662445
