VOM19980315.0700.1310: 0.2710786390627124
VOM19980226.0900.2900: 0.2543527874857905
VOM19980326.0900.0149: 0.24569214109141838
VOM19980606.0730.0134: 0.2298905246117689
VOM19980628.0700.0316: 0.22076637542634783
VOM19980226.0900.3196: 0.22056085937569156
VOM19980508.0700.0452: 0.21919864974047615
VOM19980624.0730.0254: 0.2177684193360495
VOM19980508.0730.0240: 0.21629522817435004
VOM19980325.0900.2040: 0.21125007409920987
VOM19980312.0900.2127: 0.21040932949551525
VOM19980508.0900.0211: 0.21006537266795633
VOM19980326.0900.3077: 0.2098765432098766
