VOM19980602.0900.0127: 0.18899123532253015
VOM19980531.0700.0040: 0.17914325139615908
VOM19980220.0900.3537: 0.1601590959865238
VOM19980602.0700.0166: 0.15435410541465633
VOM19980605.0900.0045: 0.1493217768599721
VOM19980605.0730.0042: 0.1448395848571669
VOM19980628.0700.0527: 0.14405461694682667
VOM19980531.0730.0006: 0.13312199160371516
VOM19980315.0700.1828: 0.13277274563527716
VOM19980606.0730.0234: 0.11836711956292685
VOM19980605.0700.0040: 0.11732918143437676
VOM19980606.0700.0206: 0.11649942381425446
VOM19980507.0700.0355: 0.108971859693929
