VOM19980325.0900.3341: 0.1925960082518983
VOM19980522.0700.0456: 0.11886709307131918
VOM19980607.0730.0033: 0.09941217146452176
VOM19980326.0700.1668: 0.09678621886537686
VOM19980522.0730.0286: 0.08279822332258685
VOM19980630.0900.0127: 0.08036200680355084
VOM19980224.0700.2219: 0.07905984648889466
VOM19980306.0700.2852: 0.07858873681534712
VOM19980312.0900.3445: 0.07496409550972341
VOM19980312.0900.1896: 0.07496409550972341
VOM19980312.0900.0990: 0.07461325445281364
VOM19980326.0900.3442: 0.0732579891436917
VOM19980326.0700.1793: 0.07251141343313894
