VOM19980325.0900.3341: 0.22118828827610673
VOM19980522.0700.0456: 0.16429740810123317
VOM19980326.0700.1668: 0.14368738515197202
VOM19980607.0730.0033: 0.13466465408814277
VOM19980326.0900.3442: 0.13353345490910515
VOM19980630.0900.0127: 0.1291019855383672
VOM19980306.0700.2852: 0.1284845832182259
VOM19980522.0730.0286: 0.12755941904300824
VOM19980326.0700.1793: 0.1275163482812241
VOM19980312.0900.0990: 0.12701222098981343
VOM19980222.0700.1501: 0.12617046232190376
VOM19980222.0700.0448: 0.12377404526905977
VOM19980316.0700.0944: 0.12372976720665793
