VOM19980325.0900.3341: 0.3481129340508634
VOM19980326.0900.3077: 0.2693756470616931
VOM19980522.0700.0456: 0.26550710368448777
VOM19980607.0730.0033: 0.2576140670489059
VOM19980326.0700.1668: 0.2570299017861472
VOM19980603.0700.0282: 0.2508726030021271
VOM19980508.0700.0421: 0.25087260300212694
VOM19980303.0700.1291: 0.24867192361258647
VOM19980612.0900.0038: 0.24777641595245323
VOM19980522.0730.0037: 0.24777641595245323
VOM19980522.0900.0039: 0.24777641595245323
VOM19980326.0900.3442: 0.24638016499545098
VOM19980630.0900.0127: 0.24519173210391892
