VOM19980508.0700.0362: 0.22543564597765892
VOM19980508.0730.0003: 0.2097257321535037
VOM19980507.0700.0242: 0.20843969860897807
VOM19980508.0900.0007: 0.20577361837682376
VOM19980510.0700.0040: 0.2037040874435559
VOM19980327.0900.0221: 0.1995263140301905
VOM19980510.0730.0001: 0.19784299498829552
VOM19980506.0900.0006: 0.1938351223148699
VOM19980427.0900.0219: 0.19373528745410978
VOM19980509.0730.0027: 0.19323357370660374
VOM19980506.0700.0042: 0.1909230250339841
VOM19980509.0700.0089: 0.18960275013831462
VOM19980507.0730.0066: 0.18698001768177017
