VOM19980508.0700.0362: 0.21487559118701852
VOM19980510.0730.0001: 0.2037514358424569
VOM19980508.0730.0003: 0.2022288110874855
VOM19980507.0700.0242: 0.2019304985058425
VOM19980508.0900.0007: 0.20101756235019747
VOM19980506.0700.0042: 0.19952639336278893
VOM19980506.0900.0006: 0.19821077799452105
VOM19980509.0730.0027: 0.19715821158187777
VOM19980507.0730.0066: 0.1971162577031242
VOM19980510.0700.0040: 0.19225338905164918
VOM19980507.0900.0040: 0.19142226852774516
VOM19980509.0700.0089: 0.19140078948550102
VOM19980327.0900.0221: 0.18244369706973343
