VOM19980316.0900.1667: 0.3154452182590799
VOM19980327.0900.2123: 0.29091189510442134
VOM19980319.0900.1922: 0.285957089925507
VOM19980302.0700.1749: 0.2822861093102113
VOM19980319.0900.0162: 0.2822351470159469
VOM19980314.0700.1911: 0.27867916304480134
VOM19980311.0700.1883: 0.2770152941084849
VOM19980314.0700.0239: 0.27258767268772416
VOM19980302.0700.1577: 0.2677727260975692
VOM19980619.0700.0464: 0.2644488862900668
VOM19980619.0730.0212: 0.26016454316384213
VOM19980305.0900.2891: 0.25403835245125994
VOM19980222.0700.0448: 0.25351703203581694
