VOM19980605.0900.0045: 0.21246405551155856
VOM19980605.0730.0042: 0.2060905843179715
VOM19980531.0700.0040: 0.2040969010440791
VOM19980602.0900.0127: 0.19825883424434962
VOM19980531.0730.0006: 0.17788548540773638
VOM19980605.0700.0040: 0.17216286320448712
VOM19980602.0700.0166: 0.17126150304556648
VOM19980628.0700.0527: 0.1711926473771767
VOM19980220.0900.3537: 0.1656715525149406
VOM19980526.0730.0229: 0.16205842365911893
VOM19980315.0700.1828: 0.16137580987823008
VOM19980606.0730.0234: 0.1513851551402327
VOM19980606.0700.0206: 0.1489976824883437
