VOM19980303.0700.0783: 0.2732577074297716
VOM19980305.0900.2166: 0.2549850871436126
VOM19980302.0700.2334: 0.25182262437346875
VOM19980225.0900.0714: 0.2512954755442236
VOM19980404.0700.0676: 0.25002003124877964
VOM19980623.0900.0051: 0.24571461259108465
VOM19980305.0900.1046: 0.24511866530960055
VOM19980315.0700.2670: 0.2443148742014212
VOM19980311.0700.1006: 0.24419543455275805
VOM19980612.0700.0080: 0.24359938288234478
VOM19980303.0900.2868: 0.24336184076550518
VOM19980303.0700.2491: 0.24269371723350153
VOM19980319.0700.2278: 0.24218556140663347
