VOM19980603.0700.0103: 0.19574914763540233
VOM19980616.0730.0180: 0.1749752778270281
VOM19980616.0900.0100: 0.1743051377469272
VOM19980616.0730.0252: 0.15221099263547316
VOM19980616.0900.0077: 0.15221099263547316
VOM19980531.0700.0120: 0.14125409634725966
VOM19980317.0700.0723: 0.1252930392064911
VOM19980618.0900.0057: 0.12414288499303006
VOM19980529.0730.0042: 0.1169368881905867
VOM19980529.0900.0046: 0.1169368881905867
VOM19980224.0900.2345: 0.11327709811297167
VOM19980319.0900.2169: 0.1087647144152679
VOM19980604.0700.0039: 0.10605704551078537
