VOM19980603.0700.0103: 0.22947477222540064
VOM19980616.0730.0180: 0.2129767565929963
VOM19980616.0900.0100: 0.21227899819264828
VOM19980616.0730.0252: 0.20248855650323005
VOM19980616.0900.0077: 0.20248855650323005
VOM19980531.0700.0120: 0.18112892729917685
VOM19980618.0900.0057: 0.17164758748588405
VOM19980529.0730.0042: 0.1635108013845875
VOM19980529.0900.0046: 0.1635108013845875
VOM19980528.0900.0006: 0.15142482947522606
VOM19980317.0700.0723: 0.1477586286697847
VOM19980605.0900.0007: 0.14555704002030218
VOM19980319.0900.2169: 0.14118517725769025
