VOM19980222.0700.0448: 0.13774626155593223
VOM19980316.0900.2774: 0.13541938329600597
VOM19980225.0900.0714: 0.1340911452136597
VOM19980221.0700.2690: 0.13225451823403214
VOM19980225.0900.0216: 0.1307983249696408
VOM19980225.0900.1919: 0.1307983249696408
VOM19980220.0700.2208: 0.1303303036474343
VOM19980221.0700.2087: 0.13032772424279396
VOM19980325.0900.0905: 0.1290913346732717
VOM19980302.0700.0484: 0.12887738079073807
VOM19980326.0900.2164: 0.12754263274468944
VOM19980326.0700.2359: 0.12754263274468944
VOM19980403.0900.0619: 0.12641981801757682
