VOM19980303.0700.0783: 0.12333523812615417
VOM19980530.0730.0037: 0.11375382281002422
VOM19980326.0900.0118: 0.11367133292537106
VOM19980530.0700.0107: 0.1126235935205807
VOM19980305.0900.2166: 0.1095511609562387
VOM19980315.0700.2670: 0.10925126720437012
VOM19980305.0900.1046: 0.10714692455428249
VOM19980224.0700.1530: 0.1047392532724762
VOM19980303.0700.2491: 0.1023983275280531
VOM19980612.0700.0080: 0.10231881905679995
VOM19980224.0700.2219: 0.10162842150790995
VOM19980623.0900.0051: 0.1011412507513972
VOM19980302.0900.2091: 0.09911794006182977
