VOM19980311.0700.1487: 0.23629757802327392
VOM19980303.0900.2128: 0.22729881103777205
VOM19980630.0900.0230: 0.2085738695242741
VOM19980304.0700.1058: 0.20710525036476907
VOM19980303.0900.0396: 0.20502996503528176
VOM19980621.0700.0565: 0.1841188743995668
VOM19980316.0700.0776: 0.18354444023004698
VOM19980523.0700.0189: 0.17366220066897795
VOM19980319.0700.2737: 0.1735445505205441
VOM19980305.0900.2093: 0.16691201601285666
VOM19980306.0700.0971: 0.1638111392562779
VOM19980225.0700.0585: 0.162398821152602
VOM19980316.0700.0944: 0.15233432325709276
