VOM19980603.0900.0074: 0.28682936513183765
VOM19980605.0730.0276: 0.22191002335191684
VOM19980603.0730.0280: 0.21793568530761256
VOM19980604.0900.0213: 0.20446967575134534
VOM19980606.0700.0354: 0.20205926695243104
VOM19980605.0700.0440: 0.19449152521341706
VOM19980604.0730.0250: 0.1844818915023612
VOM19980606.0730.0134: 0.16366040169897197
VOM19980509.0730.0100: 0.1314079092810699
VOM19980224.0900.2258: 0.12171548293200933
VOM19980502.0700.0438: 0.11034346846810679
VOM19980305.0700.0276: 0.10516160395800982
VOM19980319.0700.1874: 0.10497555386298257
