VOM19980602.0900.0127: 0.19531468026480314
VOM19980531.0700.0040: 0.18717229824780898
VOM19980220.0900.3537: 0.1661006826278136
VOM19980602.0700.0166: 0.1600628366927966
VOM19980605.0900.0045: 0.15701150843408734
VOM19980605.0730.0042: 0.15219663725382343
VOM19980628.0700.0527: 0.15044025794950633
VOM19980531.0730.0006: 0.14176650122326193
VOM19980315.0700.1828: 0.1398792713917072
VOM19980606.0730.0234: 0.12588638866833238
VOM19980605.0700.0040: 0.12398238161891258
VOM19980606.0700.0206: 0.12384186169687757
VOM19980507.0700.0355: 0.11476494949527372
