VOM19980311.0700.1487: 0.2112237041567789
VOM19980630.0900.0230: 0.20602726605430038
VOM19980303.0900.2128: 0.19392137005703614
VOM19980316.0700.0776: 0.17229184961035796
VOM19980303.0900.0396: 0.1667251467090217
VOM19980304.0700.1058: 0.1642126795213715
VOM19980319.0700.2737: 0.15843534474254783
VOM19980621.0700.0565: 0.13635387520404132
VOM19980304.0700.1276: 0.126424804232913
VOM19980305.0900.2093: 0.12383776982450356
VOM19980316.0700.0702: 0.12286070458327009
VOM19980225.0700.0585: 0.12245163554340102
VOM19980306.0700.0971: 0.1189699251115373
