VOM19980602.0900.0127: 0.20140883383040312
VOM19980531.0700.0040: 0.19644220019898556
VOM19980220.0900.3537: 0.17473029025269424
VOM19980605.0900.0045: 0.17174796713101223
VOM19980605.0730.0042: 0.16659260814077886
VOM19980602.0700.0166: 0.1663892072127751
VOM19980628.0700.0527: 0.16478745180439705
VOM19980531.0730.0006: 0.15565415020908674
VOM19980315.0700.1828: 0.15200697483675746
VOM19980605.0700.0040: 0.13627137058320313
VOM19980606.0730.0234: 0.1357848519066698
VOM19980606.0700.0206: 0.1336423245597458
VOM19980507.0700.0355: 0.12188975258974621
