VOM19980314.0700.1911: 0.18121210330418705
VOM19980314.0700.0239: 0.1783032221204538
VOM19980316.0900.1667: 0.17788315231140103
VOM19980327.0900.2123: 0.1696946367384118
VOM19980311.0700.1883: 0.14276916257764147
VOM19980302.0700.1749: 0.13701867857777048
VOM19980319.0900.1922: 0.13206991967923415
VOM19980319.0900.0162: 0.13128699892042206
VOM19980228.0700.0448: 0.12768727664983584
VOM19980316.0900.1861: 0.1270735420407624
VOM19980623.0700.0507: 0.12451404969873597
VOM19980623.0730.0101: 0.12451404969873597
VOM19980305.0900.2891: 0.12166479617090839
