VOM19980301.0700.0393: 0.1144250462592521
VOM19980220.0700.2814: 0.10146302345124718
VOM19980620.0700.0552: 0.09946873772562542
VOM19980410.0900.0241: 0.09351194485824417
VOM19980224.0900.3022: 0.09131438869449425
VOM19980627.0700.0572: 0.08884988310420182
VOM19980223.0700.1511: 0.08101119929168808
VOM19980613.0700.0555: 0.07878036586487987
VOM19980220.0700.0707: 0.0785007751815008
VOM19980607.0700.0385: 0.07768691169425994
VOM19980607.0730.0163: 0.07768691169425994
VOM19980515.0900.0007: 0.07584670014217328
VOM19980315.0700.2508: 0.07277615368131973
