VOM19980314.0700.1261: 0.172704963689115
VOM19980223.0700.1993: 0.14602839287352304
VOM19980403.0900.2349: 0.1443533764956945
VOM19980224.0700.2219: 0.1379035144978903
VOM19980314.0700.0818: 0.13588957514107736
VOM19980303.0700.2491: 0.13351623312472388
VOM19980317.0900.0757: 0.1314205531580171
VOM19980317.0700.0924: 0.13054639664975762
VOM19980220.0900.2138: 0.12988693240761826
VOM19980225.0900.1029: 0.12549395468297606
VOM19980316.0900.2774: 0.1250607992528396
VOM19980223.0900.2779: 0.1246935985924174
VOM19980317.0700.0723: 0.12464478027520315
