VOM19980326.0900.3298: 0.1457879985994819
VOM19980624.0730.0117: 0.14311108147035118
VOM19980603.0700.0457: 0.11394622448478287
VOM19980526.0730.0229: 0.10656155740432396
VOM19980603.0730.0240: 0.1063357267226198
VOM19980403.0700.3400: 0.10330351278252696
VOM19980327.0900.2035: 0.10055282500729446
VOM19980220.0700.0672: 0.09592126119235957
VOM19980613.0700.0546: 0.0942987791316851
VOM19980223.0700.0800: 0.0941037109457995
VOM19980302.0700.0373: 0.09322608732965029
VOM19980527.0700.0466: 0.0926133505780218
VOM19980225.0900.2065: 0.09253633792060334
