VOM19980603.0700.0103: 0.1856581979643205
VOM19980616.0730.0180: 0.16203580392151998
VOM19980616.0900.0100: 0.16058253865597819
VOM19980616.0730.0252: 0.14105234660738902
VOM19980616.0900.0077: 0.14105234660738902
VOM19980319.0900.2169: 0.12716447163306577
VOM19980531.0700.0120: 0.12334812913508812
VOM19980317.0700.0723: 0.12178853884932145
VOM19980224.0900.2345: 0.1206218255298676
VOM19980530.0700.0037: 0.11592605728260713
VOM19980618.0900.0057: 0.11145657014688883
VOM19980529.0700.0168: 0.11005169851480948
VOM19980225.0900.1275: 0.10719598109459477
