VOM19980508.0700.0362: 0.20048557177093526
VOM19980508.0730.0003: 0.18913294692504462
VOM19980508.0900.0007: 0.18719944124011914
VOM19980506.0700.0042: 0.1862200283890511
VOM19980507.0700.0242: 0.18517888937561236
VOM19980510.0730.0001: 0.18347006006043862
VOM19980506.0900.0006: 0.18344398628461717
VOM19980509.0730.0027: 0.17882695406788596
VOM19980510.0700.0040: 0.17642129984904031
VOM19980507.0730.0066: 0.1762298291385188
VOM19980509.0700.0089: 0.17352439628664276
VOM19980507.0900.0040: 0.171139174764363
VOM19980327.0900.0221: 0.16804515220448438
