VOM19980314.0700.1911: 0.19880122600645567
VOM19980314.0700.0239: 0.19730390580968932
VOM19980316.0900.1667: 0.18990685416760256
VOM19980327.0900.2123: 0.18397097089837455
VOM19980311.0700.1883: 0.18037782481964768
VOM19980228.0700.0448: 0.16800593943903994
VOM19980302.0700.1749: 0.15674325817936136
VOM19980316.0900.1861: 0.15358780549443235
VOM19980319.0900.1922: 0.15232881264831802
VOM19980319.0900.0162: 0.1503461405477384
VOM19980305.0900.2891: 0.14718578855466705
VOM19980302.0700.1577: 0.14687106528863308
VOM19980227.0900.2836: 0.14380423350263097
