VOM19980527.0700.0042: 0.1350950656483303
VOM19980527.0730.0003: 0.13038425522170624
VOM19980515.0900.0007: 0.1302221670725849
VOM19980524.0730.0061: 0.12677870515383652
VOM19980524.0700.0265: 0.12677870515383652
VOM19980527.0900.0008: 0.12408375790155604
VOM19980515.0730.0053: 0.11921407016973054
VOM19980630.0900.0127: 0.10856903142658557
VOM19980403.0900.2121: 0.10673291476012407
VOM19980515.0700.0102: 0.10423589611577698
VOM19980421.0900.0146: 0.10405268949800406
VOM19980410.0900.0241: 0.10372866761732556
VOM19980403.0700.0489: 0.10347470226205938
