VOM19980507.0700.0521: 0.2199671755927529
VOM19980511.0900.0004: 0.19552518706760807
VOM19980511.0730.0003: 0.19092792545874196
VOM19980511.0700.0039: 0.19092792545874196
VOM19980529.0900.0148: 0.17038302990519993
VOM19980529.0730.0148: 0.16549037255192467
VOM19980529.0700.0334: 0.13635376121508744
VOM19980302.0900.1291: 0.1263921159807965
VOM19980301.0700.0168: 0.11342472746318084
VOM19980225.0900.2118: 0.11013451819511541
VOM19980225.0900.0421: 0.11013451819511541
VOM19980424.0900.0178: 0.10720140133095725
VOM19980511.0730.0099: 0.10719094958187257
