VOM19980311.0700.1487: 0.35383692643882947
VOM19980304.0700.1058: 0.3476350106125987
VOM19980303.0900.2128: 0.3434892022601861
VOM19980303.0900.0396: 0.32021786224388366
VOM19980523.0700.0189: 0.31856330562175295
VOM19980630.0900.0230: 0.3154736316426563
VOM19980316.0700.0776: 0.30023465001632144
VOM19980319.0700.2737: 0.2946789452118584
VOM19980306.0700.0971: 0.29156484761056733
VOM19980305.0900.2093: 0.2914453837359155
VOM19980225.0700.0585: 0.285462665862998
VOM19980316.0700.0944: 0.2805120283003655
VOM19980326.0700.1793: 0.2777115606641691
