VOM19980508.0700.0362: 0.2020735493469659
VOM19980508.0730.0003: 0.1889581684084125
VOM19980506.0700.0042: 0.1865855985666397
VOM19980507.0700.0242: 0.1863979216478131
VOM19980508.0900.0007: 0.1861804341489319
VOM19980510.0730.0001: 0.18203647924765468
VOM19980506.0900.0006: 0.18098439455740728
VOM19980510.0700.0040: 0.1780663780267066
VOM19980509.0730.0027: 0.17632517988316476
VOM19980507.0730.0066: 0.17462484507551343
VOM19980509.0700.0089: 0.17201111531489316
VOM19980507.0900.0040: 0.17030245510376674
VOM19980327.0900.0221: 0.1647591399804068
