VOM19980616.0730.0180: 0.10999300693958645
VOM19980616.0900.0100: 0.1096326458100464
VOM19980222.0700.0448: 0.10666571425591778
VOM19980319.0900.0364: 0.10549106260274062
VOM19980526.0900.0124: 0.10482458781082007
VOM19980316.0900.2774: 0.10307250025815752
VOM19980302.0700.0484: 0.10277757164209482
VOM19980225.0900.1919: 0.10121451329046498
VOM19980404.0700.1061: 0.10105775810070114
VOM19980526.0730.0065: 0.10070992228509702
VOM19980225.0900.0216: 0.10012249151385769
VOM19980225.0900.0714: 0.09919136310905415
VOM19980221.0700.2690: 0.09542837628056403
