VOM19980515.0900.0007: 0.10541827255101885
VOM19980226.0900.1367: 0.10084631375053314
VOM19980527.0700.0042: 0.09452021369885313
VOM19980515.0730.0053: 0.093924036034423
VOM19980224.0700.2219: 0.09325843849933664
VOM19980223.0700.1993: 0.08997937307344149
VOM19980223.0900.2288: 0.08659543278660232
VOM19980302.0700.1233: 0.08636041237353695
VOM19980515.0700.0102: 0.08542715451962449
VOM19980403.0700.2289: 0.08059783654072002
VOM19980305.0900.2166: 0.07984577577478903
VOM19980225.0700.2209: 0.07861941684005058
VOM19980403.0700.1724: 0.07790902578060353
