VOM19980527.0700.0042: 0.13235878470735898
VOM19980515.0900.0007: 0.12831077597929574
VOM19980527.0730.0003: 0.12763589293703784
VOM19980524.0730.0061: 0.12458233731910184
VOM19980524.0700.0265: 0.12458233731910184
VOM19980527.0900.0008: 0.12146342566511911
VOM19980515.0730.0053: 0.1175622737688608
VOM19980630.0900.0127: 0.10788164999103728
VOM19980403.0900.2121: 0.1052915703407009
VOM19980410.0900.0241: 0.10360256342991254
VOM19980403.0700.0489: 0.1026758599543058
VOM19980515.0700.0102: 0.10251678895605873
VOM19980421.0900.0146: 0.1016444438535073
