VOM19980602.0900.0127: 0.2384939208684435
VOM19980531.0700.0040: 0.22030903290285625
VOM19980220.0900.3537: 0.21426830055157112
VOM19980628.0700.0527: 0.21135235161036073
VOM19980602.0700.0166: 0.20260637233898074
VOM19980605.0900.0045: 0.20103548208434466
VOM19980531.0730.0006: 0.19916780186803004
VOM19980605.0730.0042: 0.1948705839915102
VOM19980315.0700.1828: 0.1923080306404692
VOM19980626.0700.0539: 0.17269075147148158
VOM19980606.0730.0234: 0.1698000433614433
VOM19980604.0900.0159: 0.1690235519384469
VOM19980606.0700.0206: 0.16704231258467667
