VOM19980508.0700.0362: 0.2102087246112311
VOM19980510.0730.0001: 0.20221858696815442
VOM19980506.0700.0042: 0.20117652072413947
VOM19980506.0900.0006: 0.20033837305934443
VOM19980508.0730.0003: 0.19989408815194978
VOM19980508.0900.0007: 0.19910598022812281
VOM19980509.0730.0027: 0.1984887316318857
VOM19980507.0730.0066: 0.19845436990364695
VOM19980507.0700.0242: 0.19816579742781898
VOM19980507.0900.0040: 0.1928316437382236
VOM19980509.0700.0089: 0.19200391714588305
VOM19980510.0700.0040: 0.18757501702683968
VOM19980605.0900.0236: 0.18557010047251807
