VOM19980515.0900.0007: 0.11890320872934204
VOM19980527.0700.0042: 0.11853854608651432
VOM19980527.0730.0003: 0.11193448974242308
VOM19980524.0730.0061: 0.10935209032775385
VOM19980524.0700.0265: 0.10935209032775385
VOM19980515.0730.0053: 0.10868151221212108
VOM19980527.0900.0008: 0.10585468359664316
VOM19980630.0900.0127: 0.09683190512179121
VOM19980515.0700.0102: 0.09394937880327353
VOM19980403.0900.2121: 0.09176070984871113
VOM19980410.0900.0241: 0.09099259142011237
VOM19980403.0700.0489: 0.09059205333772263
VOM19980421.0900.0146: 0.0853529348561145
