VOM19980315.0700.1310: 0.17914209873012577
VOM19980226.0900.2900: 0.16181722865120116
VOM19980326.0900.0149: 0.15892952722278214
VOM19980325.0900.2040: 0.14063001399500502
VOM19980325.0900.0124: 0.1376972626198936
VOM19980624.0730.0254: 0.13650035350854783
VOM19980628.0700.0316: 0.13164435723155293
VOM19980220.0900.1332: 0.12354670202756567
VOM19980624.0700.0382: 0.12184032484305149
VOM19980606.0730.0134: 0.11944362585803818
VOM19980226.0900.3196: 0.11702317282358239
VOM19980319.0700.0496: 0.11653870755375374
VOM19980506.0900.0257: 0.11550600560675213
