VOM19980303.0700.0783: 0.13274351012555088
VOM19980326.0900.0118: 0.12001277067167526
VOM19980530.0700.0107: 0.11821295467479438
VOM19980305.0900.2166: 0.11734743707031889
VOM19980315.0700.2670: 0.11714459231842758
VOM19980530.0730.0037: 0.11629801013103
VOM19980305.0900.1046: 0.11489318326183161
VOM19980612.0700.0080: 0.11225070365648278
VOM19980224.0700.1530: 0.11224709985392523
VOM19980623.0900.0051: 0.10954998498775163
VOM19980303.0700.2491: 0.10941886210002394
VOM19980224.0700.2219: 0.10817731821884623
VOM19980302.0900.2091: 0.10556978566077999
