VOM19980311.0700.1487: 0.2108138519697528
VOM19980630.0900.0230: 0.20481206591422205
VOM19980303.0900.2128: 0.1929736568739484
VOM19980316.0700.0776: 0.17155216486300653
VOM19980303.0900.0396: 0.16584620526292457
VOM19980304.0700.1058: 0.16400086822594392
VOM19980319.0700.2737: 0.15787964824719392
VOM19980621.0700.0565: 0.13652943259278041
VOM19980304.0700.1276: 0.12582501505910937
VOM19980305.0900.2093: 0.12287771609646103
VOM19980316.0700.0702: 0.12186024643146606
VOM19980225.0700.0585: 0.12144991493417343
VOM19980306.0700.0971: 0.11881970804020991
