VOM19980326.0900.3298: 0.14171356092174858
VOM19980624.0730.0117: 0.1370731495020179
VOM19980603.0700.0457: 0.10775971660808954
VOM19980603.0730.0240: 0.10008298678506014
VOM19980526.0730.0229: 0.09850291693766236
VOM19980403.0700.3400: 0.09752613549185506
VOM19980327.0900.2035: 0.09366381930845498
VOM19980613.0700.0546: 0.08774444293531966
VOM19980223.0700.0800: 0.08745563149886824
VOM19980220.0700.0672: 0.0860516142824772
VOM19980527.0700.0466: 0.08463650477285951
VOM19980529.0900.0173: 0.08359194458507567
VOM19980225.0900.2065: 0.08358530983283613
