VOM19980602.0900.0127: 0.20139691935712672
VOM19980531.0700.0040: 0.19643475529318852
VOM19980220.0900.3537: 0.17473635699780185
VOM19980605.0900.0045: 0.1717391561094329
VOM19980605.0730.0042: 0.1665873455519296
VOM19980602.0700.0166: 0.16638210184198432
VOM19980628.0700.0527: 0.16478389141443364
VOM19980531.0730.0006: 0.1556455369580527
VOM19980315.0700.1828: 0.15199787760398423
VOM19980605.0700.0040: 0.13626725344877041
VOM19980606.0730.0234: 0.13577985882547886
VOM19980606.0700.0206: 0.13363849496901026
VOM19980507.0700.0355: 0.12189223369544445
