VOM19980314.0700.1261: 0.17764313861246622
VOM19980223.0700.1993: 0.14964763146445498
VOM19980403.0900.2349: 0.14884058380218768
VOM19980314.0700.0818: 0.1401858202151922
VOM19980224.0700.2219: 0.13982494608125104
VOM19980303.0700.2491: 0.13587886672839747
VOM19980317.0700.0924: 0.13489097600222402
VOM19980317.0900.0757: 0.13387375730396514
VOM19980220.0900.2138: 0.13365973911231085
VOM19980317.0700.0723: 0.13123092243595252
VOM19980225.0900.1275: 0.13052022142541686
VOM19980223.0900.2779: 0.12951879590790066
VOM19980225.0900.1029: 0.12938376093113768
