VOM19980314.0700.1261: 0.22617602772272305
VOM19980223.0700.1993: 0.20708400945524624
VOM19980314.0700.0818: 0.20513035237081192
VOM19980317.0700.0924: 0.19358258576977355
VOM19980317.0700.0156: 0.19357846208728824
VOM19980403.0900.2349: 0.19347194865435155
VOM19980317.0700.0723: 0.1931481888744006
VOM19980225.0900.1275: 0.18361680659604876
VOM19980223.0900.2779: 0.18295289894842046
VOM19980302.0900.0871: 0.18285349639783158
VOM19980223.0900.2288: 0.18012255664473847
VOM19980224.0700.2219: 0.17960983081690837
VOM19980319.0700.2536: 0.17960474414762437
