VOM19980602.0900.0127: 0.20014634266660103
VOM19980531.0700.0040: 0.1914677289216666
VOM19980220.0900.3537: 0.17084239600970794
VOM19980602.0700.0166: 0.16420940916380294
VOM19980605.0900.0045: 0.16408265807581016
VOM19980628.0700.0527: 0.1591662882402787
VOM19980605.0730.0042: 0.15887528007165197
VOM19980531.0730.0006: 0.1490530206487997
VOM19980315.0700.1828: 0.14690162797115916
VOM19980606.0730.0234: 0.13003968682728978
VOM19980605.0700.0040: 0.1290484576796403
VOM19980606.0700.0206: 0.1278633444366834
VOM19980604.0900.0159: 0.1180003386176084
