VOM19980314.0700.1911: 0.2013148350541564
VOM19980314.0700.0239: 0.19987550748493405
VOM19980327.0900.2123: 0.15963314223917227
VOM19980316.0900.1667: 0.1563644394764947
VOM19980316.0900.1861: 0.1483168590884928
VOM19980228.0700.0448: 0.13410527430475852
VOM19980311.0700.1883: 0.13362475892113096
VOM19980303.0900.1926: 0.13077306487013002
VOM19980302.0700.3423: 0.12941715076248642
VOM19980303.0900.3358: 0.12818954243558134
VOM19980302.0700.2096: 0.12305241871561391
VOM19980623.0700.0507: 0.12204473607482044
VOM19980623.0730.0101: 0.12204473607482044
