VOM19980314.0700.1261: 0.17304792114847553
VOM19980223.0700.1993: 0.14476374876642278
VOM19980403.0900.2349: 0.14460686769138778
VOM19980224.0700.2219: 0.13650658877199462
VOM19980314.0700.0818: 0.13478686300340503
VOM19980303.0700.2491: 0.13250830903364771
VOM19980220.0900.2138: 0.1307251661484134
VOM19980317.0900.0757: 0.13066161015298727
VOM19980317.0700.0924: 0.12992332923177846
VOM19980225.0900.1275: 0.12617778286471243
VOM19980317.0700.0723: 0.12597486146680778
VOM19980225.0900.1029: 0.1259152906581199
VOM19980316.0900.2774: 0.12578299590583777
