VOM19980603.0700.0457: 0.14051963547923918
VOM19980624.0730.0117: 0.13145600452792167
VOM19980326.0900.3298: 0.13006292274523792
VOM19980603.0730.0240: 0.12493926283036838
VOM19980403.0700.3400: 0.1079230452820585
VOM19980220.0700.0672: 0.10645647273860089
VOM19980225.0900.2065: 0.10552823413379427
VOM19980613.0700.0546: 0.10214733135861949
VOM19980311.0700.3445: 0.10198454602520328
VOM19980527.0700.0466: 0.10177049129487517
VOM19980227.0900.2416: 0.10017227198928126
VOM19980526.0730.0229: 0.0992225709145842
VOM19980504.0700.0300: 0.09904840912551326
