VOM19980306.0700.1305: 0.09804598596433008
VOM19980314.0700.2522: 0.09452170960158118
VOM19980505.0700.0193: 0.09296637243586282
VOM19980319.0900.2169: 0.08800476919288036
VOM19980226.0900.0622: 0.08734544319503038
VOM19980507.0700.0127: 0.08727077810556422
VOM19980521.0700.0039: 0.08367008448929446
VOM19980223.0900.2288: 0.08240862279407665
VOM19980515.0900.0007: 0.08217758437488423
VOM19980415.0900.0022: 0.08178003506761383
VOM19980223.0700.1993: 0.0810015613017303
VOM19980623.0700.0314: 0.08055070430576577
VOM19980222.0700.0448: 0.08035513273379051
