VOM19980527.0700.0042: 0.13393864215675122
VOM19980515.0900.0007: 0.130000679462553
VOM19980527.0730.0003: 0.1286560767735776
VOM19980524.0730.0061: 0.12585333524666886
VOM19980524.0700.0265: 0.12585333524666886
VOM19980527.0900.0008: 0.12237481340861589
VOM19980515.0730.0053: 0.11904438773519588
VOM19980630.0900.0127: 0.10822091049425786
VOM19980403.0900.2121: 0.10543121371024378
VOM19980515.0700.0102: 0.10431526457232329
VOM19980410.0900.0241: 0.10287107878122272
VOM19980403.0700.0489: 0.10274486492047114
VOM19980421.0900.0146: 0.10244946092015526
