VOM19980325.0900.3341: 0.19259667801970148
VOM19980522.0700.0456: 0.11887381209254465
VOM19980607.0730.0033: 0.09940683261909022
VOM19980326.0700.1668: 0.09679232595911462
VOM19980522.0730.0286: 0.08280352887920996
VOM19980630.0900.0127: 0.08036760200115842
VOM19980224.0700.2219: 0.07906976320290303
VOM19980306.0700.2852: 0.07859742149961034
VOM19980312.0900.3445: 0.07496377194680678
VOM19980312.0900.1896: 0.07496377194680678
VOM19980312.0900.0990: 0.07462308978766076
VOM19980326.0900.3442: 0.07326973338762353
VOM19980326.0700.1793: 0.07252139172901888
