VOM19980526.0900.0124: 0.12609103290273074
VOM19980616.0730.0180: 0.12530361350468114
VOM19980616.0900.0100: 0.12479019253861648
VOM19980225.0900.1919: 0.12305851699772037
VOM19980225.0900.0216: 0.1217521539610788
VOM19980526.0730.0065: 0.12107411674771111
VOM19980319.0900.0364: 0.119520402846216
VOM19980222.0700.0448: 0.11842226864698097
VOM19980302.0700.0484: 0.11544832062298102
VOM19980316.0900.2774: 0.11439459358059578
VOM19980404.0700.1061: 0.11283816200883104
VOM19980225.0900.0714: 0.1114095523667656
VOM19980623.0700.0472: 0.10639673281842915
