VOM19980222.0700.0448: 0.1489477601626319
VOM19980225.0900.0216: 0.14666252132090782
VOM19980225.0900.1919: 0.14666252132090782
VOM19980316.0900.2774: 0.14661255569877654
VOM19980225.0900.0714: 0.14591412221389147
VOM19980221.0700.2690: 0.14227366594518107
VOM19980302.0700.0484: 0.14113610632443974
VOM19980221.0700.2087: 0.14074247367155657
VOM19980325.0900.0905: 0.13970184764848687
VOM19980220.0700.2208: 0.13844148991771044
VOM19980326.0900.2164: 0.13699274014076648
VOM19980326.0700.2359: 0.13699274014076648
VOM19980403.0900.0619: 0.13629151523498123
