VOM19980325.0900.3341: 0.34811293405086347
VOM19980326.0900.3077: 0.2693756470616928
VOM19980522.0700.0456: 0.2655071036844877
VOM19980607.0730.0033: 0.25761406704890594
VOM19980326.0700.1668: 0.25702990178614704
VOM19980508.0700.0421: 0.2508726030021272
VOM19980603.0700.0282: 0.2508726030021271
VOM19980303.0700.1291: 0.248671923612587
VOM19980612.0900.0038: 0.2477764159524537
VOM19980522.0730.0037: 0.2477764159524537
VOM19980522.0900.0039: 0.2477764159524537
VOM19980326.0900.3442: 0.24638016499545132
VOM19980630.0900.0127: 0.24519173210391865
