VOM19980603.0900.0074: 0.35330982616588563
VOM19980604.0900.0213: 0.24796103378916323
VOM19980603.0730.0280: 0.24257194063360066
VOM19980605.0730.0276: 0.23301158247560938
VOM19980604.0730.0250: 0.22011869526634337
VOM19980605.0700.0440: 0.21224805115473933
VOM19980606.0700.0354: 0.18900906242090668
VOM19980606.0730.0134: 0.1445953405651941
VOM19980223.0900.1854: 0.10985957550595923
VOM19980223.0900.0265: 0.10935977984431165
VOM19980509.0730.0100: 0.10655406144301698
VOM19980224.0900.2258: 0.10253002052808259
VOM19980223.0900.3466: 0.0930798978214612
