VOM19980315.0700.1310: 0.18203656727476408
VOM19980226.0900.2900: 0.1648432054767684
VOM19980326.0900.0149: 0.16224557206295606
VOM19980325.0900.2040: 0.1435128781189958
VOM19980325.0900.0124: 0.14070903756407174
VOM19980624.0730.0254: 0.1399727445672479
VOM19980628.0700.0316: 0.13468857095553388
VOM19980220.0900.1332: 0.12618848439865454
VOM19980624.0700.0382: 0.12545079400893494
VOM19980606.0730.0134: 0.1235402559538575
VOM19980226.0900.3196: 0.12078171041961047
VOM19980319.0700.0496: 0.1196297078564792
VOM19980506.0900.0257: 0.11896738290653228
