VOM19980314.0700.2522: 0.12393569599447464
VOM19980220.0900.2583: 0.11769071993870557
VOM19980226.0900.0622: 0.1173952096551968
VOM19980511.0730.0133: 0.11725653572580655
VOM19980223.0700.1993: 0.11267384962281235
VOM19980222.0700.0448: 0.11168598932090622
VOM19980222.0700.1016: 0.10867717894051174
VOM19980618.0730.0234: 0.10572864911912716
VOM19980223.0900.2973: 0.10563662915020716
VOM19980223.0900.2288: 0.10563242746572793
VOM19980507.0700.0127: 0.1056212021528059
VOM19980226.0900.2027: 0.10534036277246166
VOM19980315.0700.3008: 0.1048776621471896
