VOM19980311.0700.1487: 0.2249373364073071
VOM19980304.0700.1058: 0.20779606912118137
VOM19980630.0900.0230: 0.20746516168177445
VOM19980303.0900.2128: 0.2071617804334116
VOM19980319.0700.2737: 0.19349727126766408
VOM19980316.0700.0776: 0.1934782515850394
VOM19980303.0900.0396: 0.18481485418193377
VOM19980326.0700.1793: 0.16160799578333748
VOM19980306.0700.0971: 0.1579734989959853
VOM19980316.0700.0944: 0.1517925379385801
VOM19980523.0700.0189: 0.1503766670361956
VOM19980305.0900.2093: 0.14718895685366512
VOM19980304.0700.1276: 0.1468087416085514
