VOM19980315.0700.1310: 0.17200931365413116
VOM19980226.0900.2900: 0.15739999345488465
VOM19980326.0900.0149: 0.15043726035681315
VOM19980325.0900.2040: 0.13359193395170463
VOM19980325.0900.0124: 0.13051288328174634
VOM19980624.0730.0254: 0.12852693986931357
VOM19980628.0700.0316: 0.1247348511162898
VOM19980220.0900.1332: 0.12065586878971471
VOM19980624.0700.0382: 0.11486067309825597
VOM19980606.0730.0134: 0.1120239860134974
VOM19980226.0900.3196: 0.11180049090758869
VOM19980319.0700.0496: 0.11084674247889868
VOM19980506.0900.0257: 0.10878230879106933
