VOM19980527.0700.0042: 0.131534343782087
VOM19980515.0900.0007: 0.12764481303587394
VOM19980527.0730.0003: 0.12676042561703588
VOM19980524.0730.0061: 0.12307765746035587
VOM19980524.0700.0265: 0.12307765746035587
VOM19980527.0900.0008: 0.12052243412345823
VOM19980515.0730.0053: 0.1168564769636415
VOM19980630.0900.0127: 0.10626395277630173
VOM19980403.0900.2121: 0.10403718526125977
VOM19980410.0900.0241: 0.10182497743429843
VOM19980515.0700.0102: 0.10160390175170812
VOM19980403.0700.0489: 0.10114191332108564
VOM19980421.0900.0146: 0.10032100479299189
