VOM19980314.0700.2522: 0.11391881315938404
VOM19980226.0900.0622: 0.10853110499975134
VOM19980220.0900.2583: 0.10709084197532917
VOM19980223.0700.1993: 0.104861799424476
VOM19980511.0730.0133: 0.10306977300822258
VOM19980222.0700.0448: 0.10202873253991555
VOM19980222.0700.1016: 0.09777388220868036
VOM19980224.0700.2219: 0.09769186769439835
VOM19980223.0900.2973: 0.09741677570529028
VOM19980223.0900.2288: 0.09728521244425226
VOM19980226.0900.2027: 0.0965754334055712
VOM19980225.0900.1428: 0.09494107130042795
VOM19980507.0700.0127: 0.09484919117901656
