VOM19980311.0700.1487: 0.2501996881614334
VOM19980303.0900.2128: 0.242857210120839
VOM19980630.0900.0230: 0.221825196185825
VOM19980304.0700.1058: 0.2205507705671852
VOM19980303.0900.0396: 0.22053457363837128
VOM19980621.0700.0565: 0.19720027030053774
VOM19980316.0700.0776: 0.19521957523085004
VOM19980523.0700.0189: 0.1927777779069148
VOM19980305.0900.2093: 0.18465630039508493
VOM19980319.0700.2737: 0.18345108377639616
VOM19980225.0700.0585: 0.18017117352801457
VOM19980306.0700.0971: 0.1771787148422158
VOM19980316.0700.0944: 0.16501299033824102
