VOM19980603.0700.0103: 0.19228583010181935
VOM19980616.0730.0180: 0.17223897277321765
VOM19980616.0900.0100: 0.17160673072969987
VOM19980616.0730.0252: 0.14931803993941514
VOM19980616.0900.0077: 0.14931803993941514
VOM19980531.0700.0120: 0.13818269982789663
VOM19980317.0700.0723: 0.12275830754697646
VOM19980618.0900.0057: 0.12100855131273404
VOM19980529.0730.0042: 0.11465158720955687
VOM19980529.0900.0046: 0.11465158720955687
VOM19980224.0900.2345: 0.11086196227923299
VOM19980319.0900.2169: 0.10524941214662699
VOM19980604.0700.0039: 0.1033547054777244
