VOM19980315.0700.1310: 0.2093952134635495
VOM19980326.0900.0149: 0.18825117556152046
VOM19980226.0900.2900: 0.1819649818837548
VOM19980628.0700.0316: 0.16393673654534047
VOM19980624.0730.0254: 0.162074596087935
VOM19980325.0900.2040: 0.1612758768066187
VOM19980606.0730.0134: 0.15906587734243194
VOM19980325.0900.0124: 0.1583135895489619
VOM19980624.0700.0382: 0.14979298626461005
VOM19980508.0700.0452: 0.1476703827289056
VOM19980508.0730.0240: 0.14636445195435346
VOM19980508.0900.0211: 0.14486948190109059
VOM19980226.0900.3196: 0.14279642837987572
