VOM19980325.0900.3341: 0.21231357226197495
VOM19980522.0700.0456: 0.13299269454811366
VOM19980607.0730.0033: 0.12029844540562937
VOM19980326.0700.1668: 0.11200509660343204
VOM19980522.0730.0286: 0.10450199663168876
VOM19980630.0900.0127: 0.0978926398527254
VOM19980312.0900.3445: 0.0920591104081831
VOM19980312.0900.1896: 0.0920591104081831
VOM19980306.0700.2852: 0.08862112020038984
VOM19980326.0900.3442: 0.08688458917705691
VOM19980312.0900.0990: 0.0861276074136285
VOM19980224.0700.2219: 0.08592362420790023
VOM19980607.0700.0121: 0.08563190158916482
