VOM19980603.0900.0074: 0.35236560404359624
VOM19980604.0900.0213: 0.2446510392458745
VOM19980603.0730.0280: 0.23998129081150552
VOM19980605.0730.0276: 0.23019179832750739
VOM19980604.0730.0250: 0.21687570305638637
VOM19980605.0700.0440: 0.2096579018864334
VOM19980606.0700.0354: 0.18523152792951678
VOM19980606.0730.0134: 0.1402019760167863
VOM19980223.0900.1854: 0.1070430746663633
VOM19980223.0900.0265: 0.10655609240668064
VOM19980509.0730.0100: 0.10187410303079805
VOM19980224.0900.2258: 0.09917151663132971
VOM19980223.0900.3466: 0.0903796039229639
