VOM19980616.0730.0180: 0.11090972459248871
VOM19980616.0900.0100: 0.11045528136971522
VOM19980526.0900.0124: 0.10621278052112963
VOM19980222.0700.0448: 0.10536642267166696
VOM19980319.0900.0364: 0.10409085921347419
VOM19980316.0900.2774: 0.10246240060362097
VOM19980225.0900.1919: 0.10205561372488142
VOM19980526.0730.0065: 0.10198678123950684
VOM19980302.0700.0484: 0.1018864187298276
VOM19980225.0900.0216: 0.10097221304116909
VOM19980404.0700.1061: 0.0998763537185767
VOM19980225.0900.0714: 0.0985940759469789
VOM19980221.0700.2690: 0.09488950776106442
