VOM19980326.0900.3298: 0.13066706834781436
VOM19980624.0730.0117: 0.12577123664666634
VOM19980603.0700.0457: 0.09924952163638684
VOM19980603.0730.0240: 0.09035005359154415
VOM19980403.0700.3400: 0.09016368320368975
VOM19980526.0730.0229: 0.08339164558933433
VOM19980327.0900.2035: 0.0808258763020737
VOM19980223.0700.0800: 0.07728178124155591
VOM19980227.0900.2416: 0.07530972942973757
VOM19980527.0700.0466: 0.07472657702398879
VOM19980311.0700.0357: 0.07401698070468526
VOM19980220.0700.0672: 0.07210581034533055
VOM19980225.0900.2065: 0.07183827709275463
