VOM19980603.0700.0103: 0.19933579115114547
VOM19980616.0730.0180: 0.17769870534943838
VOM19980616.0900.0100: 0.1769701362303398
VOM19980616.0730.0252: 0.1548237097305276
VOM19980616.0900.0077: 0.1548237097305276
VOM19980531.0700.0120: 0.1441725311807056
VOM19980317.0700.0723: 0.12824066098816111
VOM19980618.0900.0057: 0.12705482693449316
VOM19980529.0730.0042: 0.11909749924485097
VOM19980529.0900.0046: 0.11909749924485097
VOM19980224.0900.2345: 0.1162430962100439
VOM19980319.0900.2169: 0.11301093986776488
VOM19980604.0700.0039: 0.10912718667841138
