VOM19980507.0700.0521: 0.21996789021226254
VOM19980511.0900.0004: 0.19552835999784307
VOM19980511.0730.0003: 0.19093266059239974
VOM19980511.0700.0039: 0.19093266059239974
VOM19980529.0900.0148: 0.17038836684909217
VOM19980529.0730.0148: 0.1654984268466666
VOM19980529.0700.0334: 0.13635428204283528
VOM19980302.0900.1291: 0.1263808558370788
VOM19980301.0700.0168: 0.11341646711778633
VOM19980225.0900.2118: 0.11013083433615548
VOM19980225.0900.0421: 0.11013083433615548
VOM19980424.0900.0178: 0.10718593489232478
VOM19980511.0730.0099: 0.10717198361360403
