VOM19980325.0900.3341: 0.2084147659169324
VOM19980522.0700.0456: 0.12941938814548598
VOM19980607.0730.0033: 0.11567688940610235
VOM19980326.0700.1668: 0.107810499597632
VOM19980522.0730.0286: 0.10055997394957225
VOM19980630.0900.0127: 0.0935563174839578
VOM19980312.0900.3445: 0.08821442479180201
VOM19980312.0900.1896: 0.08821442479180201
VOM19980306.0700.2852: 0.08524507872402927
VOM19980224.0700.2219: 0.0834602314687837
VOM19980326.0900.3442: 0.08295870186048235
VOM19980312.0900.0990: 0.08246251181463067
VOM19980607.0700.0121: 0.08142887203473946
