VOM19980222.0700.0448: 0.14894776016263256
VOM19980225.0900.0216: 0.14666252132090776
VOM19980225.0900.1919: 0.14666252132090776
VOM19980316.0900.2774: 0.14661255569877657
VOM19980225.0900.0714: 0.1459141222138916
VOM19980221.0700.2690: 0.14227366594518084
VOM19980302.0700.0484: 0.14113610632443982
VOM19980221.0700.2087: 0.14074247367155673
VOM19980325.0900.0905: 0.13970184764848648
VOM19980220.0700.2208: 0.13844148991771013
VOM19980326.0900.2164: 0.13699274014076654
VOM19980326.0700.2359: 0.13699274014076654
VOM19980403.0900.0619: 0.13629151523498112
