VOM19980603.0900.0074: 0.24412149027947153
VOM19980605.0730.0276: 0.17169986686798797
VOM19980603.0730.0280: 0.16970751870579004
VOM19980604.0900.0213: 0.15208000666184945
VOM19980606.0700.0354: 0.1512189795922561
VOM19980605.0700.0440: 0.1441930684977432
VOM19980604.0730.0250: 0.1343850919682814
VOM19980606.0730.0134: 0.1065688800630775
VOM19980509.0730.0100: 0.07848403606582861
VOM19980319.0700.1874: 0.0749787155457937
VOM19980224.0900.2258: 0.06946840461605643
VOM19980403.0700.2482: 0.06098953661043407
VOM19980314.0700.2522: 0.05900270034263587
