VOM19980526.0900.0124: 0.12612322285979177
VOM19980616.0730.0180: 0.12532265991369088
VOM19980616.0900.0100: 0.1248088338857698
VOM19980225.0900.1919: 0.12310460899877865
VOM19980225.0900.0216: 0.12179861736352807
VOM19980526.0730.0065: 0.1211076446477111
VOM19980319.0900.0364: 0.11954577803610117
VOM19980222.0700.0448: 0.11846232452766992
VOM19980302.0700.0484: 0.11548209484970869
VOM19980316.0900.2774: 0.11442912218914021
VOM19980404.0700.1061: 0.1128720688650418
VOM19980225.0900.0714: 0.11144935733040576
VOM19980623.0700.0472: 0.10643960989977987
