VOM19980314.0700.1911: 0.20220050112861293
VOM19980314.0700.0239: 0.2006545979921877
VOM19980327.0900.2123: 0.16169891285321583
VOM19980316.0900.1667: 0.1582132532223884
VOM19980316.0900.1861: 0.1502006105043967
VOM19980228.0700.0448: 0.13506736834129618
VOM19980311.0700.1883: 0.134140175755325
VOM19980303.0900.1926: 0.1325230338927418
VOM19980302.0700.3423: 0.13117461369658287
VOM19980303.0900.3358: 0.12988523400823912
VOM19980302.0700.2096: 0.12506004091415188
VOM19980623.0700.0507: 0.12334821644378932
VOM19980623.0730.0101: 0.12334821644378932
