VOM19980603.0900.0074: 0.3417327302356393
VOM19980604.0900.0213: 0.23116763044176925
VOM19980603.0730.0280: 0.2260460654786779
VOM19980605.0730.0276: 0.21664070566450225
VOM19980604.0730.0250: 0.20564827011268053
VOM19980605.0700.0440: 0.19882108262228754
VOM19980606.0700.0354: 0.1752657084262456
VOM19980606.0730.0134: 0.1281160431769683
VOM19980223.0900.1854: 0.0974445830696
VOM19980223.0900.0265: 0.09704387203410886
VOM19980509.0730.0100: 0.09031860032049745
VOM19980224.0900.2258: 0.0889691242265128
VOM19980223.0900.3466: 0.08050500747611092
