VOM19980527.0700.0042: 0.18663104595750418
VOM19980527.0730.0003: 0.18203956833821522
VOM19980527.0900.0008: 0.1728170178356887
VOM19980524.0730.0061: 0.16540725623777042
VOM19980524.0700.0265: 0.16540725623777042
VOM19980515.0900.0007: 0.1596566996139221
VOM19980421.0900.0146: 0.14823621003260562
VOM19980501.0700.0297: 0.14678025304226158
VOM19980515.0730.0053: 0.14468521257717892
VOM19980620.0700.0143: 0.13819072678875027
VOM19980624.0900.0112: 0.13777499547328026
VOM19980316.0900.1960: 0.13657958504934045
VOM19980317.0700.0156: 0.13514914489799787
