VOM19980303.0700.0783: 0.16346047820330506
VOM19980326.0900.0118: 0.1504814046228992
VOM19980612.0700.0080: 0.1503378488211864
VOM19980224.0700.1530: 0.14667991774191555
VOM19980305.0900.2166: 0.14512153992702134
VOM19980530.0700.0107: 0.14136843644856797
VOM19980326.0700.0452: 0.13964317039906407
VOM19980315.0700.2670: 0.1383939362708247
VOM19980623.0900.0051: 0.13807710415155497
VOM19980305.0900.1046: 0.13697042775940205
VOM19980223.0700.0240: 0.13363300961668056
VOM19980303.0700.2491: 0.13309887634175685
VOM19980602.0700.0199: 0.13255217101460937
