VOM19980602.0900.0127: 0.1889912353225302
VOM19980531.0700.0040: 0.17914325139615905
VOM19980220.0900.3537: 0.1601590959865238
VOM19980602.0700.0166: 0.15435410541465633
VOM19980605.0900.0045: 0.14932177685997206
VOM19980605.0730.0042: 0.14483958485716686
VOM19980628.0700.0527: 0.1440546169468267
VOM19980531.0730.0006: 0.13312199160371516
VOM19980315.0700.1828: 0.13277274563527713
VOM19980606.0730.0234: 0.11836711956292688
VOM19980605.0700.0040: 0.1173291814343768
VOM19980606.0700.0206: 0.11649942381425452
VOM19980507.0700.0355: 0.10897185969392902
