VOM19980605.0900.0045: 0.21241685383865047
VOM19980605.0730.0042: 0.2060407368143434
VOM19980531.0700.0040: 0.20406567586669364
VOM19980602.0900.0127: 0.19824730839569893
VOM19980531.0730.0006: 0.17785033592541302
VOM19980605.0700.0040: 0.17211823210298
VOM19980602.0700.0166: 0.17124441521707032
VOM19980628.0700.0527: 0.1711577946268231
VOM19980220.0900.3537: 0.16564380857701977
VOM19980526.0730.0229: 0.16201047031088273
VOM19980315.0700.1828: 0.16134662912991846
VOM19980606.0730.0234: 0.15135507679103136
VOM19980606.0700.0206: 0.14896686936901746
