VOM19980303.0700.0783: 0.1572860809826373
VOM19980303.0700.2491: 0.15422379511892367
VOM19980224.0700.2219: 0.15415922845718041
VOM19980302.0900.2091: 0.1511607210928515
VOM19980305.0900.2166: 0.1505883432853039
VOM19980305.0900.1046: 0.14706442010372178
VOM19980302.0700.2334: 0.1445249067400465
VOM19980316.0900.2108: 0.14303669536398794
VOM19980303.0900.2868: 0.14068649414852114
VOM19980325.0900.1209: 0.14041620169255814
VOM19980315.0700.2670: 0.14017813663104373
VOM19980319.0700.2278: 0.1384732463196403
VOM19980225.0900.0714: 0.13659898581281632
