VOM19980315.0700.1310: 0.17951919655355167
VOM19980226.0900.2900: 0.16287770569072327
VOM19980326.0900.0149: 0.15928103848938927
VOM19980325.0900.2040: 0.14134659849267028
VOM19980325.0900.0124: 0.13842287764735609
VOM19980624.0730.0254: 0.13728175217283786
VOM19980628.0700.0316: 0.1324271572581819
VOM19980220.0900.1332: 0.12477144504093546
VOM19980624.0700.0382: 0.12282589366486586
VOM19980606.0730.0134: 0.12058502593636829
VOM19980226.0900.3196: 0.11827152712003311
VOM19980319.0700.0496: 0.11770310339661728
VOM19980506.0900.0257: 0.11679490606236384
