VOM19980603.0900.0074: 0.2897190428920556
VOM19980605.0730.0276: 0.24399995660560578
VOM19980604.0900.0213: 0.24242100048636328
VOM19980603.0730.0280: 0.239466004473625
VOM19980604.0730.0250: 0.2149161611558328
VOM19980606.0700.0354: 0.2085429100550978
VOM19980605.0700.0440: 0.20534140788574493
VOM19980606.0730.0134: 0.16933565898728198
VOM19980509.0730.0100: 0.13526481633369183
VOM19980224.0900.2258: 0.11420091902180225
VOM19980502.0700.0438: 0.11271554057898217
VOM19980305.0700.0276: 0.10072409188593498
VOM19980605.0900.0045: 0.0991279210406088
