VOM19980603.0700.0457: 0.1519239957421369
VOM19980624.0730.0117: 0.14595548407123424
VOM19980326.0900.3298: 0.14066246802647883
VOM19980603.0730.0240: 0.13706412114035188
VOM19980220.0700.0672: 0.12667157311610597
VOM19980225.0900.2065: 0.12279811232751622
VOM19980302.0700.0373: 0.1213059814493353
VOM19980403.0700.3400: 0.12017594852949404
VOM19980527.0700.0466: 0.11905251266049316
VOM19980502.0700.0438: 0.11786673906808406
VOM19980224.0700.0481: 0.11755465579809732
VOM19980526.0730.0229: 0.1166469790414027
VOM19980311.0700.3445: 0.1154969331847898
