VOM19980603.0900.0074: 0.35330361141099204
VOM19980604.0900.0213: 0.24797793613521918
VOM19980603.0730.0280: 0.24258889292799785
VOM19980605.0730.0276: 0.2330353193288723
VOM19980604.0730.0250: 0.22013427580649608
VOM19980605.0700.0440: 0.21226288899384865
VOM19980606.0700.0354: 0.18903472104422828
VOM19980606.0730.0134: 0.14462216291702518
VOM19980223.0900.1854: 0.10986624514101546
VOM19980223.0900.0265: 0.10936641913649929
VOM19980509.0730.0100: 0.10657923194414516
VOM19980224.0900.2258: 0.10254776438914198
VOM19980223.0900.3466: 0.09308660428516247
