VOM19980326.0900.3298: 0.1368005702378083
VOM19980624.0730.0117: 0.13251477116817503
VOM19980603.0700.0457: 0.10271493750841308
VOM19980603.0730.0240: 0.09483948062747975
VOM19980403.0700.3400: 0.09438545742487954
VOM19980526.0730.0229: 0.09210868249922542
VOM19980327.0900.2035: 0.08865917488234742
VOM19980223.0700.0800: 0.08382061869016519
VOM19980311.0700.0357: 0.08096177213904303
VOM19980527.0700.0466: 0.08025355610837935
VOM19980220.0700.0672: 0.0796586071878141
VOM19980529.0900.0173: 0.07932502384190285
VOM19980227.0900.2416: 0.07835409691869272
