VOM19980301.0700.0393: 0.11442504625925211
VOM19980220.0700.2814: 0.10146302345124723
VOM19980620.0700.0552: 0.09946873772562546
VOM19980410.0900.0241: 0.09351194485824418
VOM19980224.0900.3022: 0.0913143886944942
VOM19980627.0700.0572: 0.08884988310420182
VOM19980223.0700.1511: 0.08101119929168814
VOM19980613.0700.0555: 0.07878036586487985
VOM19980220.0700.0707: 0.07850077518150078
VOM19980607.0700.0385: 0.07768691169425992
VOM19980607.0730.0163: 0.07768691169425992
VOM19980515.0900.0007: 0.07584670014217328
VOM19980315.0700.2508: 0.0727761536813197
