VOM19980311.0700.1487: 0.18731697078127552
VOM19980304.0700.1058: 0.17309345421750982
VOM19980319.0700.2737: 0.16622564812747792
VOM19980630.0900.0230: 0.16344337786194493
VOM19980316.0700.0776: 0.15975693562692253
VOM19980303.0900.2128: 0.1589512653812151
VOM19980303.0900.0396: 0.1373629910048922
VOM19980326.0700.1793: 0.1329528273880055
VOM19980306.0700.0971: 0.12112563382944609
VOM19980304.0700.1276: 0.11968795445178643
VOM19980316.0700.0944: 0.11942572348325281
VOM19980404.0700.2918: 0.11210970322201201
VOM19980317.0700.1605: 0.10528307692412868
