VOM19980225.0900.0216: 0.2722131775053593
VOM19980225.0900.1919: 0.2722131775053593
VOM19980222.0700.0448: 0.2498610913369614
VOM19980623.0700.0472: 0.2464625765768357
VOM19980225.0900.0714: 0.24338418541654178
VOM19980316.0900.2774: 0.24100149936461568
VOM19980619.0700.0421: 0.2407717061715384
VOM19980302.0700.0484: 0.23904322742901826
VOM19980221.0700.2087: 0.23742807048693051
VOM19980403.0900.3074: 0.23715872488634143
VOM19980325.0900.0905: 0.23628235808762385
VOM19980225.0700.0221: 0.23618874648666519
VOM19980526.0900.0124: 0.23505204602464838
