VOM19980527.0700.0042: 0.15899918593945736
VOM19980515.0900.0007: 0.15620311936181436
VOM19980226.0900.1367: 0.14559420751795354
VOM19980527.0730.0003: 0.1443655558208582
VOM19980515.0730.0053: 0.14206349453355935
VOM19980524.0730.0061: 0.14060574921836463
VOM19980524.0700.0265: 0.14060574921836463
VOM19980515.0700.0102: 0.13722858168875768
VOM19980527.0900.0008: 0.13647172313743283
VOM19980302.0700.1233: 0.13131580323094968
VOM19980403.0700.2289: 0.12868171497305247
VOM19980305.0900.2166: 0.12751213416230922
VOM19980223.0900.2288: 0.12518766769411896
