VOM19980314.0700.1911: 0.20996982357054583
VOM19980314.0700.0239: 0.20822868586919394
VOM19980327.0900.2123: 0.16644001177551493
VOM19980316.0900.1667: 0.1637364062261719
VOM19980316.0900.1861: 0.15509720893744203
VOM19980303.0900.1926: 0.1392240700815874
VOM19980228.0700.0448: 0.13832769509761259
VOM19980311.0700.1883: 0.13776310439662562
VOM19980302.0700.3423: 0.13775744136485282
VOM19980303.0900.3358: 0.1363670400926714
VOM19980302.0700.2096: 0.13159661068411918
VOM19980623.0700.0507: 0.12976311053707246
VOM19980623.0730.0101: 0.12976311053707246
