VOM19980306.0700.1305: 0.09550626965241842
VOM19980505.0700.0193: 0.09137131381095343
VOM19980314.0700.2522: 0.09129428175523673
VOM19980319.0900.2169: 0.08510090051786885
VOM19980507.0700.0127: 0.08467431371695734
VOM19980226.0900.0622: 0.08460867935298368
VOM19980521.0700.0039: 0.08044401948115791
VOM19980223.0900.2288: 0.07978578618945717
VOM19980515.0900.0007: 0.07930265385606425
VOM19980415.0900.0022: 0.07893234575544213
VOM19980623.0700.0314: 0.07872010012154142
VOM19980223.0700.1993: 0.07833739433904599
VOM19980222.0700.0448: 0.07712311536052044
