VOM19980508.0700.0362: 0.21677472017845786
VOM19980510.0730.0001: 0.20723564272563208
VOM19980507.0700.0242: 0.20405828665795372
VOM19980508.0730.0003: 0.20375733807638755
VOM19980508.0900.0007: 0.20269744562419442
VOM19980506.0700.0042: 0.2016346704783588
VOM19980507.0730.0066: 0.2013596422429025
VOM19980506.0900.0006: 0.20011782629058356
VOM19980509.0730.0027: 0.19976670184804154
VOM19980507.0900.0040: 0.1955855582633137
VOM19980510.0700.0040: 0.19399230928778022
VOM19980509.0700.0089: 0.1939485827586382
VOM19980527.0700.0388: 0.18388065292374073
