VOM19980222.0700.0448: 0.10812187931179057
VOM19980220.0700.2208: 0.1070444075255086
VOM19980221.0700.2690: 0.10490660363470639
VOM19980316.0900.2774: 0.10445049110139201
VOM19980221.0700.2087: 0.1027695571375764
VOM19980326.0900.2164: 0.10132567253479582
VOM19980326.0700.2359: 0.10132567253479582
VOM19980325.0900.0905: 0.10083589596324172
VOM19980225.0900.0714: 0.10021844641071954
VOM19980226.0900.2027: 0.09885276803419824
VOM19980403.0900.0619: 0.09870722537699864
VOM19980228.0700.0636: 0.09525864327989665
VOM19980302.0700.0484: 0.0947241800894212
