VOM19980303.0700.0783: 0.12948871051164362
VOM19980326.0900.0118: 0.11701049166298222
VOM19980530.0700.0107: 0.11633392511505726
VOM19980530.0730.0037: 0.11495723887002329
VOM19980305.0900.2166: 0.11444443743659746
VOM19980315.0700.2670: 0.1142281572994924
VOM19980305.0900.1046: 0.1120800192842783
VOM19980224.0700.1530: 0.1094363936542197
VOM19980612.0700.0080: 0.10897971962188957
VOM19980303.0700.2491: 0.10694156932171088
VOM19980623.0900.0051: 0.10628624042603356
VOM19980224.0700.2219: 0.10587687587230782
VOM19980302.0900.2091: 0.1032829385754519
