VOM19980616.0730.0180: 0.10999300693958647
VOM19980616.0900.0100: 0.10963264581004642
VOM19980222.0700.0448: 0.10666571425591777
VOM19980319.0900.0364: 0.10549106260274058
VOM19980526.0900.0124: 0.1048245878108201
VOM19980316.0900.2774: 0.10307250025815762
VOM19980302.0700.0484: 0.10277757164209478
VOM19980225.0900.1919: 0.10121451329046499
VOM19980404.0700.1061: 0.10105775810070117
VOM19980526.0730.0065: 0.10070992228509705
VOM19980225.0900.0216: 0.10012249151385769
VOM19980225.0900.0714: 0.09919136310905419
VOM19980221.0700.2690: 0.09542837628056403
