VOM19980314.0700.1911: 0.1891771702441789
VOM19980314.0700.0239: 0.1881000794605208
VOM19980316.0900.1667: 0.1777597459691412
VOM19980327.0900.2123: 0.17321077276366242
VOM19980311.0700.1883: 0.1710898501319553
VOM19980228.0700.0448: 0.159128116735152
VOM19980302.0700.1749: 0.14523967285981562
VOM19980316.0900.1861: 0.14523613638807384
VOM19980319.0900.1922: 0.13942797229129222
VOM19980319.0900.0162: 0.13761321416447253
VOM19980305.0900.2891: 0.13604162249313034
VOM19980302.0700.1577: 0.13551353128428165
VOM19980227.0900.2836: 0.13528225023064844
