VOM19980314.0700.1261: 0.1767938730812772
VOM19980223.0700.1993: 0.1489180612012722
VOM19980403.0900.2349: 0.148159931442629
VOM19980224.0700.2219: 0.13953495143191794
VOM19980314.0700.0818: 0.13928380027928614
VOM19980303.0700.2491: 0.13553337039630609
VOM19980317.0700.0924: 0.13404925475182755
VOM19980317.0900.0757: 0.13359934248831545
VOM19980220.0900.2138: 0.13328268020023373
VOM19980317.0700.0723: 0.13013955328986765
VOM19980225.0900.1275: 0.12958262636441648
VOM19980225.0900.1029: 0.1289372889549561
VOM19980223.0900.2779: 0.12881777714162088
