VOM19980311.0700.1487: 0.20247864270065788
VOM19980630.0900.0230: 0.19355557815671462
VOM19980303.0900.2128: 0.1795034776707142
VOM19980316.0700.0776: 0.16518243787523934
VOM19980304.0700.1058: 0.15718212594298822
VOM19980319.0700.2737: 0.15330658013816584
VOM19980303.0900.0396: 0.1530959728712728
VOM19980304.0700.1276: 0.12137666626359232
VOM19980621.0700.0565: 0.12132745599089353
VOM19980326.0700.1793: 0.11147257834924593
VOM19980316.0700.0702: 0.11127570599162855
VOM19980306.0700.0971: 0.11103329682410916
VOM19980305.0900.2093: 0.1104163014058237
