VOM19980301.0700.0393: 0.10394288481336926
VOM19980220.0700.2814: 0.09900556065550181
VOM19980224.0900.3022: 0.0890760771401232
VOM19980620.0700.0552: 0.0870714497308602
VOM19980410.0900.0241: 0.08185441210934832
VOM19980223.0700.1511: 0.07849507287196195
VOM19980613.0700.0555: 0.07713724273353174
VOM19980627.0700.0572: 0.0734513739286127
VOM19980220.0700.0707: 0.07140191125989125
VOM19980315.0700.2508: 0.06928854736248614
VOM19980515.0900.0007: 0.06770285423547427
VOM19980607.0700.0385: 0.06539520544434013
VOM19980607.0730.0163: 0.06539520544434013
