VOM19980424.0900.0178: 0.2662283443595087
VOM19980225.0900.2118: 0.2640726137846248
VOM19980225.0900.0421: 0.2640726137846248
VOM19980507.0700.0521: 0.25368079688239703
VOM19980511.0900.0004: 0.250319488948253
VOM19980327.0900.2123: 0.25010210333282545
VOM19980511.0730.0099: 0.24918166719880055
VOM19980511.0700.0193: 0.24715576637149025
VOM19980302.0900.1291: 0.2451837351654217
VOM19980305.0700.0436: 0.24139748818321974
VOM19980511.0730.0003: 0.24014605321403687
VOM19980511.0700.0039: 0.24014605321403687
VOM19980302.0700.3469: 0.23816525581123338
