VOM19980314.0700.1911: 0.21259515758772926
VOM19980314.0700.0239: 0.2106099222168248
VOM19980327.0900.2123: 0.17171552406496127
VOM19980316.0900.1667: 0.1703899364805262
VOM19980316.0900.1861: 0.1573863293787001
VOM19980303.0900.1926: 0.14276552669760587
VOM19980311.0700.1883: 0.14246957162619991
VOM19980228.0700.0448: 0.14207781529218583
VOM19980302.0700.3423: 0.14078637549794748
VOM19980303.0900.3358: 0.13994548621417716
VOM19980302.0700.2096: 0.1350385600086247
VOM19980623.0700.0507: 0.13407950811388983
VOM19980623.0730.0101: 0.13407950811388983
