VOM19980302.0700.0373: 0.2718695339280606
VOM19980325.0900.3341: 0.2684724167775246
VOM19980502.0700.0438: 0.26478536167686173
VOM19980220.0700.0672: 0.263258072685767
VOM19980224.0700.0481: 0.26296449721851334
VOM19980430.0900.0149: 0.25561566171859873
VOM19980603.0700.0457: 0.2543735095345839
VOM19980618.0700.0379: 0.2531404750828214
VOM19980506.0700.0104: 0.2504897164340599
VOM19980225.0900.2065: 0.24852506087385404
VOM19980302.0900.0166: 0.24420255616625705
VOM19980506.0900.0045: 0.24120300162633465
VOM19980624.0730.0117: 0.23877515503216326
