VOM19980616.0730.0180: 0.11615401200693658
VOM19980616.0900.0100: 0.11570915225373575
VOM19980526.0900.0124: 0.11427272419362991
VOM19980526.0730.0065: 0.10952961086436032
VOM19980319.0900.0364: 0.10919088015390445
VOM19980225.0900.1919: 0.10815704959056656
VOM19980225.0900.0216: 0.10695231958322121
VOM19980222.0700.0448: 0.10685266502494525
VOM19980302.0700.0484: 0.10442501036744481
VOM19980316.0900.2774: 0.10414285419614056
VOM19980404.0700.1061: 0.10251914103563513
VOM19980225.0900.0714: 0.10095796359491784
VOM19980221.0700.2690: 0.09593469866225658
