VOM19980314.0700.1911: 0.1988377190705201
VOM19980314.0700.0239: 0.19733864418799663
VOM19980316.0900.1667: 0.18996227209358826
VOM19980327.0900.2123: 0.1840186850072402
VOM19980311.0700.1883: 0.180422300268863
VOM19980228.0700.0448: 0.16804169181976952
VOM19980302.0700.1749: 0.1567980956499914
VOM19980316.0900.1861: 0.15361553862835964
VOM19980319.0900.1922: 0.1523856153705842
VOM19980319.0900.0162: 0.15040220394058498
VOM19980305.0900.2891: 0.147231195939875
VOM19980302.0700.1577: 0.14692328602818994
VOM19980404.0700.0676: 0.14384647958848598
