VOM19980508.0700.0362: 0.20207354934696586
VOM19980508.0730.0003: 0.18895816840841256
VOM19980506.0700.0042: 0.18658559856663975
VOM19980507.0700.0242: 0.18639792164781316
VOM19980508.0900.0007: 0.18618043414893187
VOM19980510.0730.0001: 0.18203647924765465
VOM19980506.0900.0006: 0.1809843945574073
VOM19980510.0700.0040: 0.17806637802670658
VOM19980509.0730.0027: 0.17632517988316476
VOM19980507.0730.0066: 0.1746248450755134
VOM19980509.0700.0089: 0.17201111531489321
VOM19980507.0900.0040: 0.1703024551037668
VOM19980327.0900.0221: 0.16475913998040678
