VOM19980508.0700.0362: 0.22543564597765872
VOM19980508.0730.0003: 0.20972573215350393
VOM19980507.0700.0242: 0.208439698608978
VOM19980508.0900.0007: 0.2057736183768235
VOM19980510.0700.0040: 0.20370408744355603
VOM19980327.0900.0221: 0.1995263140301904
VOM19980510.0730.0001: 0.1978429949882954
VOM19980506.0900.0006: 0.19383512231486985
VOM19980427.0900.0219: 0.1937352874541097
VOM19980509.0730.0027: 0.19323357370660368
VOM19980506.0700.0042: 0.19092302503398423
VOM19980509.0700.0089: 0.18960275013831449
VOM19980507.0730.0066: 0.1869800176817702
