VOM19980603.0900.0074: 0.3463560932840114
VOM19980604.0900.0213: 0.23600013828430913
VOM19980603.0730.0280: 0.23025421354629913
VOM19980605.0730.0276: 0.22097974483116972
VOM19980604.0730.0250: 0.21011912510595668
VOM19980605.0700.0440: 0.2034309949768903
VOM19980606.0700.0354: 0.17792994549009533
VOM19980606.0730.0134: 0.1316429323029939
VOM19980223.0900.1854: 0.10138697134284023
VOM19980223.0900.0265: 0.10097004844171725
VOM19980509.0730.0100: 0.09290884825911928
VOM19980224.0900.2258: 0.09276346365698848
VOM19980223.0900.3466: 0.08490942383700421
