VOM19980603.0900.0074: 0.3696134868492855
VOM19980604.0900.0213: 0.26848581954126455
VOM19980603.0730.0280: 0.26122052077461916
VOM19980605.0730.0276: 0.2518443703866799
VOM19980604.0730.0250: 0.23940091329680369
VOM19980605.0700.0440: 0.23068203602038587
VOM19980606.0700.0354: 0.1985896034246221
VOM19980606.0730.0134: 0.15910078142317602
VOM19980223.0900.1854: 0.12891160444858374
VOM19980223.0900.0265: 0.12838149491475237
VOM19980509.0730.0100: 0.12066665511942522
VOM19980224.0900.2258: 0.12030918039211005
VOM19980223.0900.3466: 0.11535866625679643
