VOM19980303.0700.0783: 0.2732577074297726
VOM19980305.0900.2166: 0.2549850871436127
VOM19980302.0700.2334: 0.25182262437346864
VOM19980225.0900.0714: 0.2512954755442232
VOM19980404.0700.0676: 0.25002003124878036
VOM19980623.0900.0051: 0.24571461259108543
VOM19980305.0900.1046: 0.2451186653096001
VOM19980315.0700.2670: 0.24431487420142095
VOM19980311.0700.1006: 0.24419543455275797
VOM19980612.0700.0080: 0.24359938288234478
VOM19980303.0900.2868: 0.24336184076550557
VOM19980303.0700.2491: 0.2426937172335032
VOM19980319.0700.2278: 0.24218556140663364
