VOM19980603.0900.0074: 0.2780308227019411
VOM19980605.0730.0276: 0.210739126442119
VOM19980603.0730.0280: 0.207299900490346
VOM19980604.0900.0213: 0.19236025213914923
VOM19980606.0700.0354: 0.18866893705331156
VOM19980605.0700.0440: 0.1829048397431596
VOM19980604.0730.0250: 0.17257072442165675
VOM19980606.0730.0134: 0.14902905908570374
VOM19980509.0730.0100: 0.11774406140834111
VOM19980224.0900.2258: 0.10906462522090828
VOM19980319.0700.1874: 0.09659786377845701
VOM19980502.0700.0438: 0.09559420188263767
VOM19980305.0700.0276: 0.09338312751695955
