VOM19980314.0700.1911: 0.20946059638190512
VOM19980314.0700.0239: 0.20759811832930272
VOM19980327.0900.2123: 0.16672446904192909
VOM19980316.0900.1667: 0.16433524413887288
VOM19980316.0900.1861: 0.154323872213703
VOM19980303.0900.1926: 0.13864125438499866
VOM19980228.0700.0448: 0.13794210325396647
VOM19980311.0700.1883: 0.1376847817633009
VOM19980302.0700.3423: 0.13728018565066072
VOM19980303.0900.3358: 0.1357475553202698
VOM19980302.0700.2096: 0.13096220381385787
VOM19980623.0700.0507: 0.13009113776255218
VOM19980623.0730.0101: 0.13009113776255218
