VOM19980314.0700.1261: 0.17871375764607406
VOM19980223.0700.1993: 0.15135681852744873
VOM19980403.0900.2349: 0.15016459014521372
VOM19980314.0700.0818: 0.14188433629957561
VOM19980224.0700.2219: 0.14153406269049526
VOM19980303.0700.2491: 0.13750776770291806
VOM19980317.0700.0924: 0.13645091567601364
VOM19980317.0900.0757: 0.13554495411441245
VOM19980220.0900.2138: 0.13491106390559823
VOM19980317.0700.0723: 0.1323011430611308
VOM19980225.0900.1275: 0.13131396568950568
VOM19980223.0900.2779: 0.130941854959937
VOM19980225.0900.1029: 0.13079744467601068
