VOM19980314.0700.1261: 0.23532433523640295
VOM19980223.0700.1993: 0.21562397316395343
VOM19980314.0700.0818: 0.2144824090167658
VOM19980317.0700.0156: 0.20652200704174511
VOM19980317.0700.0723: 0.20444345202513464
VOM19980317.0700.0924: 0.20273785861032395
VOM19980403.0900.2349: 0.20264602428786113
VOM19980225.0900.1275: 0.1942738903464397
VOM19980302.0900.0871: 0.19269459780100917
VOM19980223.0900.2779: 0.19266398033300963
VOM19980326.0900.0433: 0.1898435233538532
VOM19980613.0700.0112: 0.18965362001331854
VOM19980319.0700.2536: 0.189599956515017
