VOM19980605.0730.0042: 0.3077175978175049
VOM19980605.0900.0045: 0.3077175978175049
VOM19980531.0700.0040: 0.2704813730373556
VOM19980605.0700.0040: 0.26949286210118845
VOM19980526.0730.0229: 0.25532276092925166
VOM19980531.0730.0006: 0.25045902480661697
VOM19980317.0700.0383: 0.2460411306176119
VOM19980520.0730.0150: 0.2440806122772374
VOM19980304.0900.0276: 0.24174688920761428
VOM19980628.0700.0527: 0.24032900666012408
VOM19980403.0700.2289: 0.22970342065218324
VOM19980220.0900.3537: 0.22859848324733217
VOM19980225.0700.0701: 0.2279211529192758
