VOM19980315.0700.1310: 0.17521818381507434
VOM19980226.0900.2900: 0.1585722260695889
VOM19980326.0900.0149: 0.1549562252997756
VOM19980325.0900.2040: 0.13816914313986486
VOM19980325.0900.0124: 0.13507626742923684
VOM19980624.0730.0254: 0.13352016522265417
VOM19980628.0700.0316: 0.12911820921839395
VOM19980220.0900.1332: 0.12139537876880285
VOM19980624.0700.0382: 0.11882083069025236
VOM19980606.0730.0134: 0.11608456200115398
VOM19980319.0700.0496: 0.11469755553328752
VOM19980506.0900.0257: 0.11370842914590816
VOM19980226.0900.3196: 0.11369709579935727
