VOM19980314.0700.1911: 0.22243316432328997
VOM19980314.0700.0239: 0.2185946794694728
VOM19980316.0900.1667: 0.21146776039675316
VOM19980327.0900.2123: 0.2005291385603236
VOM19980319.0900.1922: 0.1731938216165541
VOM19980319.0900.0162: 0.17208318384066154
VOM19980305.0700.0354: 0.1673667260520258
VOM19980302.0700.1749: 0.1666362084823473
VOM19980311.0700.1883: 0.1642657114248978
VOM19980623.0700.0507: 0.1624831542580836
VOM19980623.0730.0101: 0.1624831542580836
VOM19980316.0900.1861: 0.1608866470108141
VOM19980303.0900.0203: 0.1578733692955472
