VOM19980224.0700.2219: 0.13360475050132764
VOM19980303.0700.2491: 0.1311309246841207
VOM19980302.0900.2091: 0.1301774747024027
VOM19980303.0700.0783: 0.11996170232614965
VOM19980305.0900.2166: 0.11668845568401504
VOM19980305.0900.1046: 0.11642473979309977
VOM19980316.0900.2108: 0.11560740555810642
VOM19980302.0700.2334: 0.11402471786640885
VOM19980325.0900.1209: 0.110521633318738
VOM19980223.0900.1151: 0.11003225717035604
VOM19980303.0900.2868: 0.10869457181150671
VOM19980319.0700.2278: 0.10569137677861244
VOM19980223.0700.1993: 0.10512614723902752
