VOM19980311.0700.1487: 0.2255559334385414
VOM19980303.0900.2128: 0.21413600841010413
VOM19980630.0900.0230: 0.1976844517464271
VOM19980304.0700.1058: 0.19711375259679575
VOM19980303.0900.0396: 0.19191766068669625
VOM19980316.0700.0776: 0.1746692308517837
VOM19980621.0700.0565: 0.17301880927885308
VOM19980319.0700.2737: 0.1663382413042758
VOM19980523.0700.0189: 0.15855285799796773
VOM19980306.0700.0971: 0.1535432972025122
VOM19980305.0900.2093: 0.15214699281900046
VOM19980225.0700.0585: 0.14750055443751353
VOM19980316.0700.0944: 0.14290081528394835
