VOM19980507.0700.0521: 0.22212445612970147
VOM19980511.0900.0004: 0.19701683284252045
VOM19980511.0730.0003: 0.19257688413650628
VOM19980511.0700.0039: 0.19257688413650628
VOM19980529.0900.0148: 0.17136377892942878
VOM19980529.0730.0148: 0.16705881488556273
VOM19980529.0700.0334: 0.13728607798438844
VOM19980302.0900.1291: 0.1261234497388772
VOM19980301.0700.0168: 0.11359848582672923
VOM19980225.0900.2118: 0.10909859757476083
VOM19980225.0900.0421: 0.10909859757476083
VOM19980511.0730.0099: 0.1063797656121455
VOM19980424.0900.0178: 0.10598518122075438
