VOM19980507.0700.0521: 0.22350644099887723
VOM19980511.0900.0004: 0.20033811390478526
VOM19980511.0730.0003: 0.19555740161648522
VOM19980511.0700.0039: 0.19555740161648522
VOM19980529.0900.0148: 0.17259415445469353
VOM19980529.0730.0148: 0.16670493418788052
VOM19980529.0700.0334: 0.141511677976619
VOM19980302.0900.1291: 0.13280610692555928
VOM19980225.0900.2118: 0.12174156645039697
VOM19980225.0900.0421: 0.12174156645039697
VOM19980301.0700.0168: 0.12004348621189409
VOM19980424.0900.0178: 0.11787082520864688
VOM19980511.0730.0099: 0.11565324705090416
