VOM19980301.0700.0393: 0.114348271034273
VOM19980220.0700.2814: 0.10285289164155018
VOM19980620.0700.0552: 0.09578795438424093
VOM19980410.0900.0241: 0.09558584377572539
VOM19980224.0900.3022: 0.09326241372255177
VOM19980627.0700.0572: 0.08480166755766787
VOM19980223.0700.1511: 0.08290737804610401
VOM19980613.0700.0555: 0.07928662807861657
VOM19980220.0700.0707: 0.07849576776214023
VOM19980607.0700.0385: 0.0775305194344796
VOM19980607.0730.0163: 0.0775305194344796
VOM19980515.0900.0007: 0.07655450333304116
VOM19980315.0700.2508: 0.07479874598338376
