VOM19980531.0700.0040: 0.1889801140170244
VOM19980605.0730.0042: 0.1883750272443041
VOM19980605.0900.0045: 0.1883750272443041
VOM19980602.0900.0127: 0.18014771500904905
VOM19980220.0900.3537: 0.17471721026537598
VOM19980605.0700.0040: 0.16088313838937277
VOM19980602.0700.0166: 0.1606730568222678
VOM19980628.0700.0527: 0.15341778044389526
VOM19980531.0730.0006: 0.1514108304980515
VOM19980606.0730.0234: 0.14090841185423408
VOM19980606.0700.0206: 0.14090841185423408
VOM19980315.0700.1828: 0.138378490279714
VOM19980526.0730.0229: 0.13650567844662442
