VOM19980314.0700.1911: 0.19880122600645547
VOM19980314.0700.0239: 0.19730390580968926
VOM19980316.0900.1667: 0.1899068541676018
VOM19980327.0900.2123: 0.18397097089837441
VOM19980311.0700.1883: 0.18037782481964765
VOM19980228.0700.0448: 0.1680059394390404
VOM19980302.0700.1749: 0.15674325817936152
VOM19980316.0900.1861: 0.15358780549443238
VOM19980319.0900.1922: 0.15232881264831827
VOM19980319.0900.0162: 0.15034614054773862
VOM19980305.0900.2891: 0.14718578855466713
VOM19980302.0700.1577: 0.14687106528863295
VOM19980227.0900.2836: 0.14380423350263177
