VOM19980314.0700.1261: 0.1727049636891152
VOM19980223.0700.1993: 0.146028392873523
VOM19980403.0900.2349: 0.1443533764956944
VOM19980224.0700.2219: 0.13790351449789
VOM19980314.0700.0818: 0.13588957514107738
VOM19980303.0700.2491: 0.1335162331247238
VOM19980317.0900.0757: 0.13142055315801698
VOM19980317.0700.0924: 0.13054639664975753
VOM19980220.0900.2138: 0.1298869324076182
VOM19980225.0900.1029: 0.12549395468297606
VOM19980316.0900.2774: 0.1250607992528396
VOM19980223.0900.2779: 0.12469359859241745
VOM19980317.0700.0723: 0.12464478027520312
