VOM19980508.0700.0362: 0.3316880732385366
VOM19980507.0700.0242: 0.3249182166443299
VOM19980510.0730.0001: 0.324617227032118
VOM19980510.0700.0040: 0.31960997736993246
VOM19980427.0900.0219: 0.31302375463811377
VOM19980507.0730.0066: 0.3065833099137761
VOM19980515.0900.0229: 0.30071599147182343
VOM19980509.0730.0027: 0.30000960046082453
VOM19980508.0730.0003: 0.2984131894236411
VOM19980507.0900.0040: 0.2965286501750038
VOM19980509.0700.0089: 0.2965286501750038
VOM19980527.0700.0388: 0.2965286501750038
VOM19980508.0900.0007: 0.2965286501750038
