VOM19980603.0700.0457: 0.10059853082871566
VOM19980326.0900.3298: 0.08680807051576071
VOM19980624.0730.0117: 0.08174912282817608
VOM19980603.0730.0240: 0.08124583780609053
VOM19980403.0700.3400: 0.06852302902080172
VOM19980224.0700.2219: 0.06610359540927803
VOM19980311.0700.3445: 0.06360446499564333
VOM19980227.0900.2416: 0.06063894230613683
VOM19980306.0700.2852: 0.056077364130517324
VOM19980314.0700.2522: 0.054801180418456726
VOM19980311.0700.0800: 0.05435831946416592
VOM19980225.0900.2065: 0.05204756892562001
VOM19980222.0700.2119: 0.0507752688833473
