VOM19980508.0700.0362: 0.2054038387020829
VOM19980508.0730.0003: 0.19311440220830314
VOM19980506.0700.0042: 0.19258835128534363
VOM19980507.0700.0242: 0.19132419717056587
VOM19980508.0900.0007: 0.19079273553585607
VOM19980510.0730.0001: 0.1888099787606333
VOM19980506.0900.0006: 0.1880625610662956
VOM19980509.0730.0027: 0.1843812381515466
VOM19980507.0730.0066: 0.18269349207357663
VOM19980510.0700.0040: 0.18228836934952142
VOM19980509.0700.0089: 0.17948969262886008
VOM19980507.0900.0040: 0.17817138344865135
VOM19980327.0900.0221: 0.17115090202198213
