VOM19980315.0700.1310: 0.17749276457411278
VOM19980226.0900.2900: 0.17293102471785196
VOM19980326.0900.0149: 0.15076860837403025
VOM19980220.0900.1332: 0.1404553454673254
VOM19980628.0700.0316: 0.13841940936035071
VOM19980325.0900.2040: 0.13575045946478678
VOM19980325.0900.0124: 0.1322636069709139
VOM19980606.0730.0134: 0.131194933233367
VOM19980624.0730.0254: 0.13079494114183618
VOM19980226.0900.3196: 0.12966205967800556
VOM19980319.0700.0496: 0.1254802884388707
VOM19980508.0700.0452: 0.12493195598225695
VOM19980508.0730.0240: 0.12327715502556001
