VOM19980508.0700.0362: 0.21487559118701843
VOM19980510.0730.0001: 0.20375143584245686
VOM19980508.0730.0003: 0.2022288110874854
VOM19980507.0700.0242: 0.20193049850584244
VOM19980508.0900.0007: 0.2010175623501976
VOM19980506.0700.0042: 0.199526393362789
VOM19980506.0900.0006: 0.198210777994521
VOM19980509.0730.0027: 0.19715821158187777
VOM19980507.0730.0066: 0.19711625770312427
VOM19980510.0700.0040: 0.1922533890516492
VOM19980507.0900.0040: 0.19142226852774522
VOM19980509.0700.0089: 0.19140078948550107
VOM19980327.0900.0221: 0.1824436970697334
