VOM19980508.0700.0362: 0.26476272557340064
VOM19980510.0730.0001: 0.25890859558115026
VOM19980507.0730.0066: 0.258501634414027
VOM19980507.0700.0242: 0.2524177026174659
VOM19980507.0900.0040: 0.25103259620034746
VOM19980508.0900.0007: 0.2441482200472276
VOM19980508.0730.0003: 0.24371580356855785
VOM19980509.0730.0027: 0.24192401666868363
VOM19980510.0700.0040: 0.24136734126777698
VOM19980527.0700.0388: 0.2389207599581355
VOM19980509.0700.0089: 0.23790041792092195
VOM19980506.0700.0042: 0.2337251575207778
VOM19980506.0900.0006: 0.2318975768035374
