VOM19980508.0700.0362: 0.2004855717709353
VOM19980508.0730.0003: 0.18913294692504454
VOM19980508.0900.0007: 0.18719944124011917
VOM19980506.0700.0042: 0.1862200283890511
VOM19980507.0700.0242: 0.1851788893756124
VOM19980510.0730.0001: 0.1834700600604386
VOM19980506.0900.0006: 0.1834439862846172
VOM19980509.0730.0027: 0.17882695406788596
VOM19980510.0700.0040: 0.17642129984904034
VOM19980507.0730.0066: 0.1762298291385188
VOM19980509.0700.0089: 0.1735243962866427
VOM19980507.0900.0040: 0.17113917476436305
VOM19980327.0900.0221: 0.16804515220448435
