VOM19980515.0900.0007: 0.10541827255101889
VOM19980226.0900.1367: 0.10084631375053349
VOM19980527.0700.0042: 0.09452021369885322
VOM19980515.0730.0053: 0.09392403603442304
VOM19980224.0700.2219: 0.0932584384993366
VOM19980223.0700.1993: 0.08997937307344131
VOM19980223.0900.2288: 0.08659543278660266
VOM19980302.0700.1233: 0.08636041237353707
VOM19980515.0700.0102: 0.0854271545196245
VOM19980403.0700.2289: 0.08059783654071985
VOM19980305.0900.2166: 0.07984577577478907
VOM19980225.0700.2209: 0.07861941684005036
VOM19980403.0700.1724: 0.07790902578060377
