VOM19980303.0700.0783: 0.12034477723384969
VOM19980530.0730.0037: 0.10969135205805518
VOM19980530.0700.0107: 0.10956390931873257
VOM19980305.0900.2166: 0.10708151711386937
VOM19980315.0700.2670: 0.10617414671875347
VOM19980305.0900.1046: 0.10571129158378467
VOM19980303.0700.2491: 0.10259252654380265
VOM19980326.0900.0118: 0.10258981865133379
VOM19980224.0700.2219: 0.1021861726060365
VOM19980302.0900.2091: 0.09960126342157828
VOM19980224.0700.1530: 0.09793864206922291
VOM19980612.0700.0080: 0.09767437317564176
VOM19980623.0900.0051: 0.09664371504028545
