VOM19980315.0700.1310: 0.18202904107165163
VOM19980226.0900.2900: 0.16483371821009984
VOM19980326.0900.0149: 0.16224227637345337
VOM19980325.0900.2040: 0.14350996768313679
VOM19980325.0900.0124: 0.14070663700705574
VOM19980624.0730.0254: 0.1399706230196588
VOM19980628.0700.0316: 0.1346790267276102
VOM19980220.0900.1332: 0.1261796331970281
VOM19980624.0700.0382: 0.12544710073432336
VOM19980606.0730.0134: 0.12353060548126499
VOM19980226.0900.3196: 0.1207731531438145
VOM19980319.0700.0496: 0.11962145249926194
VOM19980506.0900.0257: 0.11896197184244738
