VOM19980507.0700.0521: 0.20792688712478924
VOM19980511.0900.0004: 0.1840961651483359
VOM19980511.0730.0003: 0.1797183090059027
VOM19980511.0700.0039: 0.1797183090059027
VOM19980529.0900.0148: 0.16303285185183947
VOM19980529.0730.0148: 0.15903054535885772
VOM19980529.0700.0334: 0.1280033943621909
VOM19980302.0900.1291: 0.1176554105455847
VOM19980301.0700.0168: 0.10271385383488917
VOM19980511.0730.0099: 0.09389597225603694
VOM19980225.0900.2118: 0.09300258887031669
VOM19980225.0900.0421: 0.09300258887031669
VOM19980302.0700.3469: 0.09142117831643165
