VOM19980303.0700.0783: 0.12117380696140831
VOM19980530.0700.0107: 0.10976632816965773
VOM19980530.0730.0037: 0.10829531166992218
VOM19980305.0900.2166: 0.10739009746567603
VOM19980315.0700.2670: 0.10669593227885586
VOM19980305.0900.1046: 0.1060049623356472
VOM19980303.0700.2491: 0.10254274507169397
VOM19980224.0700.2219: 0.10201770386031325
VOM19980326.0900.0118: 0.10002004385476282
VOM19980302.0900.2091: 0.09941855562437395
VOM19980224.0700.1530: 0.09880929088908023
VOM19980612.0700.0080: 0.0980838856389711
VOM19980623.0900.0051: 0.0969606404928232
