VOM19980603.0900.0074: 0.35305500337914875
VOM19980604.0900.0213: 0.2469945402209083
VOM19980603.0730.0280: 0.2413815006570554
VOM19980605.0730.0276: 0.23142488920107535
VOM19980604.0730.0250: 0.2189507299032513
VOM19980605.0700.0440: 0.21068196066936
VOM19980606.0700.0354: 0.18600454288839458
VOM19980606.0730.0134: 0.14107912069550876
VOM19980223.0900.1854: 0.10752185923349071
VOM19980223.0900.0265: 0.10704378049562802
VOM19980509.0730.0100: 0.10262412629905278
VOM19980224.0900.2258: 0.09958532580307695
VOM19980223.0900.3466: 0.09077881082682526
