VOM19980315.0700.1310: 0.17269668935416793
VOM19980226.0900.2900: 0.15837986310790841
VOM19980326.0900.0149: 0.15067960169767738
VOM19980325.0900.2040: 0.13226123414335192
VOM19980325.0900.0124: 0.129331748993624
VOM19980624.0730.0254: 0.12736814613082048
VOM19980628.0700.0316: 0.12382060642648733
VOM19980220.0900.1332: 0.12103445244883874
VOM19980624.0700.0382: 0.11446010941896899
VOM19980226.0900.3196: 0.11250190935504109
VOM19980606.0730.0134: 0.11151865229678161
VOM19980319.0700.0496: 0.11009889166716356
VOM19980506.0900.0257: 0.1067778390826469
