VOM19980314.0700.1911: 0.20947285473881158
VOM19980314.0700.0239: 0.2076096813236341
VOM19980327.0900.2123: 0.16674318087182538
VOM19980316.0900.1667: 0.16435918855844694
VOM19980316.0900.1861: 0.15433119207920626
VOM19980303.0900.1926: 0.13865145594427436
VOM19980228.0700.0448: 0.13795040929305655
VOM19980311.0700.1883: 0.13769995611722263
VOM19980302.0700.3423: 0.1372903290346148
VOM19980303.0900.3358: 0.13575754395416004
VOM19980302.0700.2096: 0.13097085832768218
VOM19980623.0700.0507: 0.1301081199101898
VOM19980623.0730.0101: 0.1301081199101898
