VOM19980325.0900.3341: 0.21229613663099325
VOM19980522.0700.0456: 0.13297280270657375
VOM19980607.0730.0033: 0.12028681174429247
VOM19980326.0700.1668: 0.11198665441881368
VOM19980522.0730.0286: 0.10448045199329005
VOM19980630.0900.0127: 0.09787296540284021
VOM19980312.0900.3445: 0.09204524978652834
VOM19980312.0900.1896: 0.09204524978652834
VOM19980306.0700.2852: 0.08860390295505424
VOM19980326.0900.3442: 0.08686056384690251
VOM19980312.0900.0990: 0.08610839381117573
VOM19980224.0700.2219: 0.08590822480452882
VOM19980607.0700.0121: 0.0856150495989669
