VOM19980315.0700.1310: 0.17914209873012577
VOM19980226.0900.2900: 0.16181722865120113
VOM19980326.0900.0149: 0.1589295272227821
VOM19980325.0900.2040: 0.14063001399500502
VOM19980325.0900.0124: 0.13769726261989362
VOM19980624.0730.0254: 0.13650035350854786
VOM19980628.0700.0316: 0.13164435723155296
VOM19980220.0900.1332: 0.12354670202756568
VOM19980624.0700.0382: 0.12184032484305148
VOM19980606.0730.0134: 0.11944362585803818
VOM19980226.0900.3196: 0.11702317282358245
VOM19980319.0700.0496: 0.11653870755375373
VOM19980506.0900.0257: 0.1155060056067521
