VOM19980225.0900.1919: 0.16128293220238463
VOM19980225.0900.0216: 0.15948644839636
VOM19980526.0900.0124: 0.15431978555555884
VOM19980526.0730.0065: 0.14791444047427485
VOM19980222.0700.0448: 0.14516072978226566
VOM19980623.0700.0472: 0.14335215580250896
VOM19980319.0900.0364: 0.13864520986516005
VOM19980326.0700.0480: 0.136380043456801
VOM19980404.0700.1061: 0.13511843369541324
VOM19980616.0730.0180: 0.13433601602289055
VOM19980302.0700.0484: 0.134093532136828
VOM19980616.0900.0100: 0.1338215207772993
VOM19980225.0900.0714: 0.1336972470527758
