VOM19980508.0700.0362: 0.24059874753827118
VOM19980508.0730.0003: 0.22314234032671346
VOM19980508.0900.0007: 0.22222908717136944
VOM19980510.0730.0001: 0.2215650787626167
VOM19980507.0730.0066: 0.2208236380542386
VOM19980507.0700.0242: 0.2208018218921791
VOM19980507.0900.0040: 0.2145671326004439
VOM19980506.0700.0042: 0.21332426907397434
VOM19980510.0700.0040: 0.21123340964045387
VOM19980506.0900.0006: 0.20787560935303007
VOM19980509.0730.0027: 0.2076953190672069
VOM19980527.0700.0388: 0.20576113064760784
VOM19980509.0700.0089: 0.20461539826211797
