VOM19980315.0700.1310: 0.20936024572325462
VOM19980326.0900.0149: 0.18822020110759405
VOM19980226.0900.2900: 0.18193133525798935
VOM19980628.0700.0316: 0.16390727728635637
VOM19980624.0730.0254: 0.1620472504031003
VOM19980325.0900.2040: 0.16125156049908698
VOM19980606.0730.0134: 0.15903148716540913
VOM19980325.0900.0124: 0.15828895434149062
VOM19980624.0700.0382: 0.1497651227306314
VOM19980508.0700.0452: 0.14763874200046903
VOM19980508.0730.0240: 0.14633350944329201
VOM19980508.0900.0211: 0.14484018112535776
VOM19980226.0900.3196: 0.14276162387503766
