VOM19980603.0700.0103: 0.19932772838754287
VOM19980616.0730.0180: 0.17769200961211323
VOM19980616.0900.0100: 0.1769639316207023
VOM19980616.0730.0252: 0.1548168365024065
VOM19980616.0900.0077: 0.1548168365024065
VOM19980531.0700.0120: 0.1441691622194923
VOM19980317.0700.0723: 0.12823396972734905
VOM19980618.0900.0057: 0.12704885129423107
VOM19980529.0730.0042: 0.11909500691035071
VOM19980529.0900.0046: 0.11909500691035071
VOM19980224.0900.2345: 0.11623197107766538
VOM19980319.0900.2169: 0.11299124897154006
VOM19980604.0700.0039: 0.10911888004335679
