VOM19980603.0700.0103: 0.2100740057947118
VOM19980616.0730.0180: 0.17061565483136112
VOM19980616.0900.0100: 0.1699893715429167
VOM19980616.0730.0252: 0.15475980799613664
VOM19980616.0900.0077: 0.15475980799613664
VOM19980531.0700.0120: 0.1343533257678444
VOM19980319.0900.2169: 0.1289536034934871
VOM19980317.0700.0723: 0.12540593154550003
VOM19980618.0900.0057: 0.122576762110896
VOM19980529.0730.0042: 0.12116553469306893
VOM19980529.0900.0046: 0.12116553469306893
VOM19980224.0900.2345: 0.11618782837680397
VOM19980529.0700.0168: 0.1110887224360903
