VOM19980303.0700.0783: 0.157335318339146
VOM19980303.0700.2491: 0.15426508291514476
VOM19980224.0700.2219: 0.15419824153001335
VOM19980302.0900.2091: 0.15119942860960467
VOM19980305.0900.2166: 0.1506334717408
VOM19980305.0900.1046: 0.14710703599368322
VOM19980302.0700.2334: 0.14457159624936103
VOM19980316.0900.2108: 0.14307895734047932
VOM19980303.0900.2868: 0.14073056994896688
VOM19980325.0900.1209: 0.14045749026786775
VOM19980315.0700.2670: 0.1402218910465601
VOM19980319.0700.2278: 0.1385175079748369
VOM19980225.0900.0714: 0.1366470145724995
