VOM19980314.0700.1261: 0.17740538928657704
VOM19980403.0900.2349: 0.1491209327121914
VOM19980223.0700.1993: 0.14752824690984578
VOM19980224.0700.2219: 0.1382579008394945
VOM19980314.0700.0818: 0.13819198007750938
VOM19980220.0900.2138: 0.13580233161686336
VOM19980303.0700.2491: 0.1349778375033941
VOM19980317.0700.0924: 0.13385250490971382
VOM19980317.0900.0757: 0.13343951933498702
VOM19980225.0900.1275: 0.13334186122772407
VOM19980317.0700.0723: 0.1325535948251059
VOM19980316.0900.2774: 0.1308320966910291
VOM19980225.0900.1029: 0.13056661315690113
