VOM19980602.0900.0127: 0.20139691935712672
VOM19980531.0700.0040: 0.1964347552931886
VOM19980220.0900.3537: 0.1747363569978019
VOM19980605.0900.0045: 0.17173915610943288
VOM19980605.0730.0042: 0.1665873455519296
VOM19980602.0700.0166: 0.1663821018419843
VOM19980628.0700.0527: 0.16478389141443367
VOM19980531.0730.0006: 0.1556455369580527
VOM19980315.0700.1828: 0.1519978776039842
VOM19980605.0700.0040: 0.13626725344877041
VOM19980606.0730.0234: 0.13577985882547888
VOM19980606.0700.0206: 0.1336384949690103
VOM19980507.0700.0355: 0.12189223369544444
