VOM19980508.0700.0362: 0.25151977691682825
VOM19980510.0730.0001: 0.23922530158570357
VOM19980507.0730.0066: 0.23916705888056983
VOM19980507.0700.0242: 0.23531727572490369
VOM19980508.0730.0003: 0.23259636307628992
VOM19980508.0900.0007: 0.23237321667227206
VOM19980507.0900.0040: 0.23230882915913545
VOM19980510.0700.0040: 0.22489250136044053
VOM19980509.0730.0027: 0.22411488734231527
VOM19980506.0700.0042: 0.22324190575081884
VOM19980527.0700.0388: 0.22160552145357743
VOM19980509.0700.0089: 0.22048984119213536
VOM19980506.0900.0006: 0.21950827647870974
