VOM19980602.0900.0127: 0.18855941096619486
VOM19980531.0700.0040: 0.18129703345937995
VOM19980220.0900.3537: 0.15796821838257583
VOM19980602.0700.0166: 0.15376046693905782
VOM19980605.0900.0045: 0.15001516118877953
VOM19980605.0730.0042: 0.1454148380442266
VOM19980628.0700.0527: 0.14107209308360483
VOM19980315.0700.1828: 0.1322915606684846
VOM19980531.0730.0006: 0.13207777358730594
VOM19980606.0730.0234: 0.11851115456296779
VOM19980605.0700.0040: 0.11833282583631882
VOM19980606.0700.0206: 0.1165864091279342
VOM19980507.0700.0355: 0.10862603176181833
