VOM19980314.0700.1261: 0.20663128311672452
VOM19980223.0700.1993: 0.20287354437947525
VOM19980224.0700.2219: 0.19737333991419254
VOM19980314.0700.0818: 0.1957231579803821
VOM19980303.0700.2491: 0.18732547185111068
VOM19980403.0900.2349: 0.18310474254924788
VOM19980317.0900.0757: 0.18293211001160026
VOM19980317.0700.0924: 0.18062224618452388
VOM19980302.0900.2091: 0.1798108590761945
VOM19980403.0700.0727: 0.17930053555816047
VOM19980225.0700.2209: 0.1788871438181697
VOM19980319.0700.1102: 0.17620439576023575
VOM19980306.0700.1916: 0.17461924208923627
