VOM19980605.0900.0045: 0.2124640555115585
VOM19980605.0730.0042: 0.20609058431797148
VOM19980531.0700.0040: 0.20409690104407902
VOM19980602.0900.0127: 0.19825883424434962
VOM19980531.0730.0006: 0.17788548540773638
VOM19980605.0700.0040: 0.1721628632044871
VOM19980602.0700.0166: 0.1712615030455665
VOM19980628.0700.0527: 0.1711926473771767
VOM19980220.0900.3537: 0.1656715525149405
VOM19980526.0730.0229: 0.1620584236591189
VOM19980315.0700.1828: 0.16137580987823008
VOM19980606.0730.0234: 0.15138515514023265
VOM19980606.0700.0206: 0.14899768248834366
