VOM19980508.0700.0362: 0.21409083730836376
VOM19980510.0730.0001: 0.20327951149971338
VOM19980508.0730.0003: 0.20152942518858105
VOM19980507.0700.0242: 0.20059511764090124
VOM19980508.0900.0007: 0.20032768678998522
VOM19980506.0700.0042: 0.19979997406662797
VOM19980506.0900.0006: 0.19775490076739197
VOM19980507.0730.0066: 0.19761762636586427
VOM19980509.0730.0027: 0.19627757384559816
VOM19980507.0900.0040: 0.1920186073114807
VOM19980510.0700.0040: 0.19058651265361268
VOM19980509.0700.0089: 0.19053124530228646
VOM19980527.0700.0388: 0.18037610312251806
