VOM19980603.0700.0103: 0.2020301823520012
VOM19980616.0730.0180: 0.17592856113363858
VOM19980616.0900.0100: 0.17435069463176295
VOM19980616.0730.0252: 0.1542306191277575
VOM19980616.0900.0077: 0.1542306191277575
VOM19980319.0900.2169: 0.14239764366226665
VOM19980531.0700.0120: 0.13873355465089993
VOM19980317.0700.0723: 0.13416026538786024
VOM19980224.0900.2345: 0.13228175365806266
VOM19980530.0700.0037: 0.13012136762179313
VOM19980618.0900.0057: 0.12621108070432868
VOM19980529.0700.0168: 0.12449562718127788
VOM19980225.0900.1275: 0.11887938917510073
