VOM19980602.0900.0127: 0.2013499170994375
VOM19980531.0700.0040: 0.19266460263760546
VOM19980220.0900.3537: 0.17296342610448145
VOM19980602.0700.0166: 0.1653948527087198
VOM19980605.0900.0045: 0.1653083298161774
VOM19980628.0700.0527: 0.16091813883427197
VOM19980605.0730.0042: 0.16015289751439263
VOM19980531.0730.0006: 0.1510058127998242
VOM19980315.0700.1828: 0.1479675410220711
VOM19980606.0730.0234: 0.1316733884045525
VOM19980605.0700.0040: 0.13011785262018424
VOM19980606.0700.0206: 0.12951058289014986
VOM19980604.0900.0159: 0.11944290309253626
