VOM19980326.0900.3298: 0.14375817077711456
VOM19980624.0730.0117: 0.140022125481567
VOM19980603.0700.0457: 0.11040225899705629
VOM19980603.0730.0240: 0.1028278867446663
VOM19980526.0730.0229: 0.10239915235599366
VOM19980403.0700.3400: 0.10010530824023559
VOM19980327.0900.2035: 0.09695480640472036
VOM19980613.0700.0546: 0.09092289124181575
VOM19980223.0700.0800: 0.0905889931570723
VOM19980220.0700.0672: 0.09055264278627559
VOM19980527.0700.0466: 0.08820991814487632
VOM19980225.0900.2065: 0.087612720453574
VOM19980302.0700.0373: 0.08708361369099371
