VOM19980311.0700.1487: 0.20751087620879707
VOM19980630.0900.0230: 0.20530885900470805
VOM19980303.0900.2128: 0.19293957806593431
VOM19980316.0700.0776: 0.1695157822663374
VOM19980303.0900.0396: 0.16598375311352187
VOM19980304.0700.1058: 0.1596897226565038
VOM19980319.0700.2737: 0.15498994698336185
VOM19980621.0700.0565: 0.1357343433277317
VOM19980304.0700.1276: 0.12383226620745783
VOM19980305.0900.2093: 0.12303997036345625
VOM19980316.0700.0702: 0.12241693619164695
VOM19980225.0700.0585: 0.12193847035537941
VOM19980306.0700.0971: 0.11593116243472007
