VOM19980325.0900.3341: 0.24052872278636048
VOM19980522.0730.0286: 0.1652485125814124
VOM19980607.0730.0033: 0.15795005215997132
VOM19980522.0700.0456: 0.1520673800806632
VOM19980326.0700.1668: 0.14774012973976178
VOM19980630.0900.0127: 0.14231873290682662
VOM19980603.0700.0282: 0.14169898954093454
VOM19980522.0730.0037: 0.1415526860071391
VOM19980522.0900.0039: 0.1415526860071391
VOM19980531.0700.0235: 0.13783926101463642
VOM19980302.0900.0457: 0.1342269482921968
VOM19980223.0900.1820: 0.13372059115246526
VOM19980304.0700.0871: 0.13363979326108874
