VOM19980315.0700.1310: 0.17753213847557545
VOM19980226.0900.2900: 0.17296624574732491
VOM19980326.0900.0149: 0.15080450236361595
VOM19980220.0900.1332: 0.14048322939163393
VOM19980628.0700.0316: 0.13845181462031464
VOM19980325.0900.2040: 0.13577928587139723
VOM19980325.0900.0124: 0.13229257058404276
VOM19980606.0730.0134: 0.13123231990629972
VOM19980624.0730.0254: 0.13082697713401975
VOM19980226.0900.3196: 0.12969734786058607
VOM19980319.0700.0496: 0.1255074251245108
VOM19980508.0700.0452: 0.1249669304910208
VOM19980508.0730.0240: 0.12331166627534325
