VOM19980507.0700.0521: 0.212912445838624
VOM19980511.0900.0004: 0.19428565634278064
VOM19980511.0730.0003: 0.1875783758072272
VOM19980511.0700.0039: 0.1875783758072272
VOM19980529.0900.0148: 0.1669081954528867
VOM19980302.0900.1291: 0.16498044015803456
VOM19980529.0700.0334: 0.15654108366096126
VOM19980529.0730.0148: 0.15593935707921197
VOM19980302.0700.3469: 0.14981983163727605
VOM19980511.0730.0099: 0.14692071568470477
VOM19980327.0900.2123: 0.1461858614795681
VOM19980424.0900.0178: 0.1436441147509252
VOM19980301.0700.0168: 0.13964780706296182
