VOM19980507.0700.0521: 0.22251069122565878
VOM19980511.0900.0004: 0.19775882571292025
VOM19980511.0730.0003: 0.19324893720338088
VOM19980511.0700.0039: 0.19324893720338088
VOM19980529.0900.0148: 0.17175120849350406
VOM19980529.0730.0148: 0.1671244214266812
VOM19980529.0700.0334: 0.1382352276128677
VOM19980302.0900.1291: 0.12753551599221166
VOM19980301.0700.0168: 0.11488564347334637
VOM19980225.0900.2118: 0.11156637715856313
VOM19980225.0900.0421: 0.11156637715856313
VOM19980424.0900.0178: 0.1082963634300457
VOM19980511.0730.0099: 0.10817170308538919
