VOM19980508.0700.0362: 0.21961361476500452
VOM19980510.0730.0001: 0.2105553159204255
VOM19980507.0700.0242: 0.2075609275839011
VOM19980508.0730.0003: 0.20598207903681348
VOM19980508.0900.0007: 0.20498778417831054
VOM19980507.0730.0066: 0.20382817499551853
VOM19980506.0700.0042: 0.20277563852527683
VOM19980509.0730.0027: 0.20243739624183904
VOM19980506.0900.0006: 0.20180165288399537
VOM19980507.0900.0040: 0.1979403023482521
VOM19980510.0700.0040: 0.19773675232911445
VOM19980509.0700.0089: 0.19671924900496687
VOM19980527.0700.0388: 0.18685735965243494
