VOM19980603.0700.0457: 0.10469587044778314
VOM19980326.0900.3298: 0.09520390183969839
VOM19980624.0730.0117: 0.09304198820032772
VOM19980603.0730.0240: 0.08667141015608311
VOM19980403.0700.3400: 0.0719736311622172
VOM19980222.0700.2119: 0.06995552062774299
VOM19980227.0900.3575: 0.06444793269165926
VOM19980510.0700.0568: 0.06074615555799275
VOM19980225.0900.2065: 0.06046812369727062
VOM19980311.0700.3445: 0.05942327002595531
VOM19980529.0700.0100: 0.05855406177992045
VOM19980524.0700.0492: 0.05772535876525033
VOM19980311.0700.0800: 0.057499399813496506
