VOM19980315.0700.1310: 0.27107863906271246
VOM19980226.0900.2900: 0.2543527874857912
VOM19980326.0900.0149: 0.24569214109141857
VOM19980606.0730.0134: 0.22989052461176893
VOM19980628.0700.0316: 0.22076637542634758
VOM19980226.0900.3196: 0.22056085937569106
VOM19980508.0700.0452: 0.21919864974047618
VOM19980624.0730.0254: 0.21776841933604968
VOM19980508.0730.0240: 0.21629522817434993
VOM19980325.0900.2040: 0.21125007409921007
VOM19980312.0900.2127: 0.21040932949551555
VOM19980508.0900.0211: 0.21006537266795636
VOM19980326.0900.3077: 0.20987654320987625
