VOM19980602.0900.0127: 0.20043665018837456
VOM19980531.0700.0040: 0.19329159834141288
VOM19980220.0900.3537: 0.17308197954597654
VOM19980605.0900.0045: 0.1667932135836949
VOM19980602.0700.0166: 0.1651430848879879
VOM19980605.0730.0042: 0.16178658143821695
VOM19980628.0700.0527: 0.16115865121425246
VOM19980531.0730.0006: 0.15125880396929703
VOM19980315.0700.1828: 0.14833067403311523
VOM19980606.0730.0234: 0.13247807736931286
VOM19980605.0700.0040: 0.13194176849244074
VOM19980606.0700.0206: 0.13038772708615493
VOM19980507.0700.0355: 0.11985542838498121
