VOM19980507.0700.0521: 0.14546930906790279
VOM19980511.0900.0004: 0.12873400980766325
VOM19980511.0730.0003: 0.12179316382597379
VOM19980511.0700.0039: 0.12179316382597379
VOM19980529.0900.0148: 0.11509697689695067
VOM19980529.0730.0148: 0.1060414701329101
VOM19980302.0900.1291: 0.10541133041387439
VOM19980327.0900.2123: 0.08915637934137745
VOM19980529.0700.0334: 0.08896017221229799
VOM19980511.0730.0099: 0.08254186269929674
VOM19980302.0700.3469: 0.07805548156232257
VOM19980301.0700.0168: 0.07758467756076182
VOM19980316.0900.1667: 0.07368706494727933
