VOM19980602.0900.0127: 0.20140020775925646
VOM19980531.0700.0040: 0.19643154579244046
VOM19980220.0900.3537: 0.17472779974739813
VOM19980605.0900.0045: 0.17172275046389868
VOM19980605.0730.0042: 0.16656814840240036
VOM19980602.0700.0166: 0.1663785192486945
VOM19980628.0700.0527: 0.16478015737082366
VOM19980531.0730.0006: 0.1556393622354469
VOM19980315.0700.1828: 0.15199888005045295
VOM19980605.0700.0040: 0.1362500189434163
VOM19980606.0730.0234: 0.13577331109925406
VOM19980606.0700.0206: 0.13363096585287476
VOM19980507.0700.0355: 0.12188709924532744
