VOM19980303.0700.0783: 0.12172749410584971
VOM19980530.0730.0037: 0.11168422528176444
VOM19980530.0700.0107: 0.11101145102391871
VOM19980326.0900.0118: 0.10837937985501651
VOM19980305.0900.2166: 0.10816556000127688
VOM19980315.0700.2670: 0.10759743307248408
VOM19980305.0900.1046: 0.10623257133175115
VOM19980303.0700.2491: 0.1022116175836122
VOM19980224.0700.2219: 0.10162453816384381
VOM19980224.0700.1530: 0.1014299200803529
VOM19980612.0700.0080: 0.09992801852122125
VOM19980302.0900.2091: 0.09908109048847819
VOM19980623.0900.0051: 0.09883087789430262
