VOM19980325.0900.3341: 0.21231720602960671
VOM19980522.0700.0456: 0.13298622039336105
VOM19980607.0730.0033: 0.12030637144179848
VOM19980326.0700.1668: 0.1120065332471391
VOM19980522.0730.0286: 0.10451220724456388
VOM19980630.0900.0127: 0.09789619613056144
VOM19980312.0900.3445: 0.09206418655175377
VOM19980312.0900.1896: 0.09206418655175377
VOM19980306.0700.2852: 0.08861582215380658
VOM19980326.0900.3442: 0.08687847536993626
VOM19980312.0900.0990: 0.08612547257949768
VOM19980224.0700.2219: 0.08591945085257141
VOM19980607.0700.0121: 0.085631805665767
