VOM19980315.0700.1310: 0.17270572347412058
VOM19980226.0900.2900: 0.1583864702073721
VOM19980326.0900.0149: 0.15068404243607592
VOM19980325.0900.2040: 0.1322635078382492
VOM19980325.0900.0124: 0.12933334035292784
VOM19980624.0730.0254: 0.12737009511046254
VOM19980628.0700.0316: 0.12382814609208995
VOM19980220.0900.1332: 0.12103844375185548
VOM19980624.0700.0382: 0.11446363912501685
VOM19980226.0900.3196: 0.11250627928533649
VOM19980606.0730.0134: 0.1115263424761682
VOM19980319.0700.0496: 0.11010142744969803
VOM19980506.0900.0257: 0.10677682018430287
