VOM19980508.0700.0362: 0.21372456743582177
VOM19980510.0730.0001: 0.20327391538842274
VOM19980508.0730.0003: 0.20151308698775616
VOM19980507.0700.0242: 0.2007404017504534
VOM19980508.0900.0007: 0.20035838934586217
VOM19980506.0700.0042: 0.20013423080919782
VOM19980506.0900.0006: 0.19853378949967723
VOM19980507.0730.0066: 0.1977411556180393
VOM19980509.0730.0027: 0.19728499898257978
VOM19980507.0900.0040: 0.19207083347184592
VOM19980509.0700.0089: 0.19131245203213615
VOM19980510.0700.0040: 0.19064479979704976
VOM19980327.0900.0221: 0.1813435656995294
