VOM19980325.0900.3341: 0.19143142864097443
VOM19980522.0700.0456: 0.11721713399497313
VOM19980607.0730.0033: 0.09751101830345393
VOM19980326.0700.1668: 0.09704595448938999
VOM19980630.0900.0127: 0.07951811203555274
VOM19980224.0700.2219: 0.07892949961675565
VOM19980306.0700.2852: 0.07849833179245203
VOM19980522.0730.0286: 0.07693235444819721
VOM19980312.0900.0990: 0.07468878821234329
VOM19980312.0900.3445: 0.07368462490943954
VOM19980312.0900.1896: 0.07368462490943954
VOM19980326.0900.3442: 0.07265397417255626
VOM19980326.0700.1793: 0.07252810819887474
