VOM19980314.0700.1911: 0.21259324681130473
VOM19980314.0700.0239: 0.21060815500040725
VOM19980327.0900.2123: 0.1717031641042128
VOM19980316.0900.1667: 0.17037387739005028
VOM19980316.0900.1861: 0.15738232294703616
VOM19980303.0900.1926: 0.14276144093960763
VOM19980311.0700.1883: 0.14244807868324488
VOM19980228.0700.0448: 0.14206187209136342
VOM19980302.0700.3423: 0.14078358203961555
VOM19980303.0900.3358: 0.1399410789191698
VOM19980302.0700.2096: 0.13503454211929894
VOM19980623.0700.0507: 0.13407222825182025
VOM19980623.0730.0101: 0.13407222825182025
