VOM19980508.0700.0362: 0.2148870123650977
VOM19980510.0730.0001: 0.20374976332422223
VOM19980508.0730.0003: 0.202238338197494
VOM19980507.0700.0242: 0.201936268219158
VOM19980508.0900.0007: 0.20102375874300213
VOM19980506.0700.0042: 0.1995262634201701
VOM19980506.0900.0006: 0.1982145026039098
VOM19980509.0730.0027: 0.1971604241422449
VOM19980507.0730.0066: 0.19711152950180585
VOM19980510.0700.0040: 0.19226067965149993
VOM19980507.0900.0040: 0.19141627132851385
VOM19980509.0700.0089: 0.1914031744896847
VOM19980327.0900.0221: 0.18245697184840212
