VOM19980306.0700.1305: 0.09804009486974909
VOM19980314.0700.2522: 0.09450618350876035
VOM19980505.0700.0193: 0.09296611076475844
VOM19980319.0900.2169: 0.08799547445251028
VOM19980226.0900.0622: 0.0873296289093974
VOM19980507.0700.0127: 0.08725664940345253
VOM19980521.0700.0039: 0.08365806978568699
VOM19980223.0900.2288: 0.0823966443150963
VOM19980515.0900.0007: 0.08216647654209504
VOM19980415.0900.0022: 0.0817702459991281
VOM19980223.0700.1993: 0.08098599347729832
VOM19980623.0700.0314: 0.08054585570183016
VOM19980222.0700.0448: 0.08033765240212695
