VOM19980311.0700.1487: 0.2385841931465399
VOM19980303.0900.2128: 0.2221280280669134
VOM19980304.0700.1058: 0.22117864625989103
VOM19980630.0900.0230: 0.22075021750543114
VOM19980316.0700.0776: 0.2054754498435911
VOM19980319.0700.2737: 0.20383196387040853
VOM19980303.0900.0396: 0.1995662459838742
VOM19980326.0700.1793: 0.17302101067758108
VOM19980306.0700.0971: 0.17112349976683858
VOM19980523.0700.0189: 0.16796911099582845
VOM19980316.0700.0944: 0.16439857754187506
VOM19980305.0900.2093: 0.16356432081465833
VOM19980225.0700.0585: 0.1596826190284112
