VOM19980511.0730.0133: 0.23873003074657992
VOM19980410.0900.0241: 0.23804761428476165
VOM19980511.0700.0080: 0.2264941270834261
VOM19980511.0730.0040: 0.2264941270834261
VOM19980220.0900.2583: 0.2189387441031568
VOM19980314.0700.2522: 0.21723058904326467
VOM19980222.0700.1016: 0.20757351132077687
VOM19980222.0700.0448: 0.20410446018002928
VOM19980618.0730.0234: 0.20405350181565032
VOM19980225.0900.0253: 0.2021130208636108
VOM19980225.0900.1953: 0.20026720118795727
VOM19980304.0700.0512: 0.2000400120040012
VOM19980317.0900.0330: 0.1995949836173654
