VOM19980326.0900.3298: 0.14578027122943818
VOM19980624.0730.0117: 0.1431008580467368
VOM19980603.0700.0457: 0.11394266940816382
VOM19980526.0730.0229: 0.10655249215778997
VOM19980603.0730.0240: 0.10633154760060971
VOM19980403.0700.3400: 0.1032993005259012
VOM19980327.0900.2035: 0.10054736739397523
VOM19980220.0700.0672: 0.0959173708195376
VOM19980613.0700.0546: 0.09429067891243523
VOM19980223.0700.0800: 0.09409630194043599
VOM19980302.0700.0373: 0.09322252162029247
VOM19980527.0700.0466: 0.09261211489693334
VOM19980225.0900.2065: 0.0925295548210988
