VOM19980527.0700.0042: 0.1389803672608316
VOM19980527.0730.0003: 0.13396933307476813
VOM19980515.0900.0007: 0.13337023387575503
VOM19980524.0730.0061: 0.13058066802614046
VOM19980524.0700.0265: 0.13058066802614046
VOM19980527.0900.0008: 0.12756970651064994
VOM19980515.0730.0053: 0.12207150942399057
VOM19980630.0900.0127: 0.11080749632660274
VOM19980403.0900.2121: 0.10915142813285929
VOM19980421.0900.0146: 0.10766540470025847
VOM19980515.0700.0102: 0.10754484321594808
VOM19980403.0700.0489: 0.10556058155254917
VOM19980410.0900.0241: 0.1050160732083298
