VOM19980314.0700.1261: 0.18213532453055287
VOM19980223.0700.1993: 0.1546086653054795
VOM19980403.0900.2349: 0.15345867239927583
VOM19980314.0700.0818: 0.14556905278602827
VOM19980224.0700.2219: 0.14368396653936719
VOM19980317.0700.0924: 0.14000113818978788
VOM19980303.0700.2491: 0.13983236810464272
VOM19980317.0900.0757: 0.13788583243380162
VOM19980220.0900.2138: 0.13757527628059515
VOM19980317.0700.0723: 0.13667261552271015
VOM19980225.0900.1275: 0.135307346149776
VOM19980223.0900.2779: 0.13448232358510107
VOM19980225.0900.1029: 0.13371677061874573
