VOM19980603.0900.0074: 0.3533164351302003
VOM19980604.0900.0213: 0.24798865925021407
VOM19980603.0730.0280: 0.24258674438093003
VOM19980605.0730.0276: 0.23302894401217542
VOM19980604.0730.0250: 0.22014142278042892
VOM19980605.0700.0440: 0.212261205287167
VOM19980606.0700.0354: 0.18902092778684199
VOM19980606.0730.0134: 0.14460659294272513
VOM19980223.0900.1854: 0.10986639493509846
VOM19980223.0900.0265: 0.10936671159604588
VOM19980509.0730.0100: 0.10656310912035095
VOM19980224.0900.2258: 0.1025347747177653
VOM19980223.0900.3466: 0.0930857145545233
