VOM19980616.0730.0180: 0.11993242237442192
VOM19980616.0900.0100: 0.11949218333568894
VOM19980526.0900.0124: 0.11902640188328069
VOM19980526.0730.0065: 0.11399566673263421
VOM19980319.0900.0364: 0.11344526336383513
VOM19980225.0900.1919: 0.11327550577237623
VOM19980225.0900.0216: 0.11198557545142833
VOM19980222.0700.0448: 0.11071022600258887
VOM19980302.0700.0484: 0.10816599595929154
VOM19980316.0900.2774: 0.10747136757264147
VOM19980404.0700.1061: 0.1061702205469697
VOM19980225.0900.0714: 0.10439781674012368
VOM19980326.0700.0480: 0.0989578086420409
