VOM19980314.0700.1261: 0.18208917934362442
VOM19980223.0700.1993: 0.15455089153596147
VOM19980403.0900.2349: 0.15341372737127254
VOM19980314.0700.0818: 0.14550603637326917
VOM19980224.0700.2219: 0.14363511626615916
VOM19980317.0700.0924: 0.139946288210914
VOM19980303.0700.2491: 0.13978526913253567
VOM19980317.0900.0757: 0.1378434993812777
VOM19980220.0900.2138: 0.137535543302268
VOM19980317.0700.0723: 0.1366218995213378
VOM19980225.0900.1275: 0.13526496490232182
VOM19980223.0900.2779: 0.13443268601746025
VOM19980225.0900.1029: 0.13367527700993653
