VOM19980315.0700.1310: 0.17490520062256093
VOM19980226.0900.2900: 0.15933428190538224
VOM19980326.0900.0149: 0.1538818859175607
VOM19980325.0900.2040: 0.13603468335296132
VOM19980325.0900.0124: 0.1330530255955566
VOM19980624.0730.0254: 0.1313365866699425
VOM19980628.0700.0316: 0.12744285358946206
VOM19980220.0900.1332: 0.12190654080530962
VOM19980624.0700.0382: 0.11767370597989431
VOM19980606.0730.0134: 0.11479808761030626
VOM19980226.0900.3196: 0.11403362205101243
VOM19980319.0700.0496: 0.1135945049497803
VOM19980506.0900.0257: 0.11117804222314383
