VOM19980306.0700.1305: 0.09484166254363614
VOM19980314.0700.2522: 0.09133293098916749
VOM19980505.0700.0193: 0.09084711808739741
VOM19980226.0900.0622: 0.08471413908329845
VOM19980319.0900.2169: 0.08460713098589578
VOM19980507.0700.0127: 0.08427936600652106
VOM19980223.0900.2288: 0.07985544559539612
VOM19980521.0700.0039: 0.07971074024845842
VOM19980515.0900.0007: 0.07900421847134174
VOM19980415.0900.0022: 0.07884395161433837
VOM19980223.0700.1993: 0.07850943747318558
VOM19980623.0700.0314: 0.07809047272302719
VOM19980222.0700.0448: 0.07695436623484658
