VOM19980314.0700.1261: 0.1736777122458347
VOM19980223.0700.1993: 0.14645780476783216
VOM19980403.0900.2349: 0.14497454516635944
VOM19980224.0700.2219: 0.1376278179498128
VOM19980314.0700.0818: 0.13653414670864666
VOM19980303.0700.2491: 0.13340316776710004
VOM19980317.0900.0757: 0.13124372015440824
VOM19980317.0700.0924: 0.13118248136773342
VOM19980220.0900.2138: 0.13006898853269738
VOM19980225.0900.1029: 0.12578698436199223
VOM19980317.0700.0723: 0.1257811524019046
VOM19980316.0900.2774: 0.1253202054433457
VOM19980223.0900.2779: 0.1252300210101038
