VOM19980306.0700.1305: 0.08448753614128797
VOM19980314.0700.2522: 0.08419295085583277
VOM19980505.0700.0193: 0.08193814939451341
VOM19980226.0900.0622: 0.07818789860134022
VOM19980319.0900.2169: 0.07396134148670123
VOM19980223.0900.2288: 0.0738230988532416
VOM19980223.0700.1993: 0.07292943275027665
VOM19980507.0700.0127: 0.072081291443331
VOM19980222.0700.0448: 0.06975824046163906
VOM19980515.0900.0007: 0.06929738301600044
VOM19980521.0700.0039: 0.0687306133673867
VOM19980623.0700.0314: 0.06819084045351712
VOM19980220.0900.2583: 0.06772059199479756
