VOM19980220.0700.2814: 0.12156809232844037
VOM19980410.0900.0241: 0.11733489863448074
VOM19980301.0700.0393: 0.11610731269652719
VOM19980223.0700.1511: 0.111515599909399
VOM19980224.0900.3022: 0.10940683340784821
VOM19980326.0900.2164: 0.10423196853750505
VOM19980326.0700.2359: 0.10423196853750505
VOM19980227.0900.3069: 0.09889658412834267
VOM19980620.0700.0552: 0.09790461098372379
VOM19980315.0700.2508: 0.09776275708852014
VOM19980220.0700.0707: 0.09486234446785015
VOM19980317.0900.2819: 0.09312935635482145
VOM19980515.0900.0007: 0.09079930211722582
