VOM19980315.0700.1310: 0.17842153911822514
VOM19980226.0900.2900: 0.1610554472377708
VOM19980326.0900.0149: 0.1583905314370403
VOM19980325.0900.2040: 0.14061669087042789
VOM19980325.0900.0124: 0.13760810153066344
VOM19980624.0730.0254: 0.1363311714102887
VOM19980628.0700.0316: 0.13155034554157893
VOM19980220.0900.1332: 0.12308483604939727
VOM19980624.0700.0382: 0.12143374014738806
VOM19980606.0730.0134: 0.11888154187708344
VOM19980319.0700.0496: 0.11667278671314675
VOM19980226.0900.3196: 0.11617758399278348
VOM19980506.0900.0257: 0.11575241754129277
