VOM19980314.0700.1261: 0.20614221321634305
VOM19980223.0700.1993: 0.19078347416960822
VOM19980314.0700.0818: 0.1865606565706224
VOM19980317.0700.0924: 0.17462439115174289
VOM19980403.0900.2349: 0.17354204286341565
VOM19980224.0700.2219: 0.16848574979826775
VOM19980317.0700.0723: 0.16585795252509566
VOM19980303.0700.2491: 0.1633611299214095
VOM19980223.0900.2288: 0.16149245125275266
VOM19980302.0900.0871: 0.16103697148504734
VOM19980223.0900.2779: 0.1609555782807889
VOM19980326.0700.2676: 0.1581341555586464
VOM19980403.0700.0727: 0.15808859142989526
