VOM19980314.0700.1261: 0.1800518166510365
VOM19980224.0700.2219: 0.1794086545203582
VOM19980223.0700.1993: 0.17905098198664834
VOM19980314.0700.0818: 0.16951980857574192
VOM19980303.0700.2491: 0.16765699637913783
VOM19980302.0900.2091: 0.16128931853497017
VOM19980317.0900.0757: 0.16128045909175948
VOM19980225.0700.2209: 0.15837321580124167
VOM19980403.0900.2349: 0.15619249376682995
VOM19980317.0700.0924: 0.15488938146183515
VOM19980306.0700.1916: 0.15400089606281497
VOM19980403.0700.0727: 0.15373567942341934
VOM19980319.0700.1102: 0.15112270026311256
