VOM19980303.0700.0783: 0.1233352381261542
VOM19980530.0730.0037: 0.11375382281002419
VOM19980326.0900.0118: 0.11367133292537109
VOM19980530.0700.0107: 0.11262359352058071
VOM19980305.0900.2166: 0.10955116095623876
VOM19980315.0700.2670: 0.10925126720437009
VOM19980305.0900.1046: 0.10714692455428249
VOM19980224.0700.1530: 0.10473925327247613
VOM19980303.0700.2491: 0.10239832752805306
VOM19980612.0700.0080: 0.10231881905679993
VOM19980224.0700.2219: 0.10162842150790995
VOM19980623.0900.0051: 0.10114125075139721
VOM19980302.0900.2091: 0.09911794006182978
