VOM19980507.0700.0521: 0.20793673369327434
VOM19980511.0900.0004: 0.1841051592874184
VOM19980511.0730.0003: 0.1797285163200437
VOM19980511.0700.0039: 0.1797285163200437
VOM19980529.0900.0148: 0.1630385471283704
VOM19980529.0730.0148: 0.1590379046746548
VOM19980529.0700.0334: 0.12800400174903329
VOM19980302.0900.1291: 0.11764604409540647
VOM19980301.0700.0168: 0.10271350103322253
VOM19980511.0730.0099: 0.0938903853019178
VOM19980225.0900.2118: 0.09301438070305384
VOM19980225.0900.0421: 0.09301438070305384
VOM19980302.0700.3469: 0.09141085471751846
