VOM19980311.0700.1487: 0.21122370415677905
VOM19980630.0900.0230: 0.20602726605430044
VOM19980303.0900.2128: 0.19392137005703616
VOM19980316.0700.0776: 0.172291849610358
VOM19980303.0900.0396: 0.1667251467090216
VOM19980304.0700.1058: 0.1642126795213714
VOM19980319.0700.2737: 0.15843534474254792
VOM19980621.0700.0565: 0.13635387520404132
VOM19980304.0700.1276: 0.12642480423291302
VOM19980305.0900.2093: 0.1238377698245036
VOM19980316.0700.0702: 0.12286070458327009
VOM19980225.0700.0585: 0.12245163554340105
VOM19980306.0700.0971: 0.11896992511153726
