VOM19980301.0700.0393: 0.11434029045601019
VOM19980220.0700.2814: 0.10285005484319322
VOM19980620.0700.0552: 0.09578248984610653
VOM19980410.0900.0241: 0.09556182475905683
VOM19980224.0900.3022: 0.09325911057639917
VOM19980627.0700.0572: 0.08479691061460978
VOM19980223.0700.1511: 0.08290140671765894
VOM19980613.0700.0555: 0.07928169227287019
VOM19980220.0700.0707: 0.0784929292606123
VOM19980607.0700.0385: 0.07751865339951222
VOM19980607.0730.0163: 0.07751865339951222
VOM19980515.0900.0007: 0.07654391581915164
VOM19980315.0700.2508: 0.07478719674404959
