VOM19980603.0900.0074: 0.3491408662207704
VOM19980604.0900.0213: 0.23997917061753246
VOM19980603.0730.0280: 0.2354343563253447
VOM19980605.0730.0276: 0.2252537026281864
VOM19980604.0730.0250: 0.21226249991012086
VOM19980605.0700.0440: 0.20534391131955085
VOM19980606.0700.0354: 0.17820603882033342
VOM19980606.0730.0134: 0.13289398271509573
VOM19980223.0900.1854: 0.10253681324546243
VOM19980223.0900.0265: 0.10208089971671283
VOM19980509.0730.0100: 0.09390921382013186
VOM19980224.0900.2258: 0.09372151288609881
VOM19980223.0900.3466: 0.08630997376439835
