VOM19980222.0700.0448: 0.137746261555932
VOM19980316.0900.2774: 0.13541938329600575
VOM19980225.0900.0714: 0.13409114521365956
VOM19980221.0700.2690: 0.13225451823403217
VOM19980225.0900.0216: 0.13079832496964086
VOM19980225.0900.1919: 0.13079832496964086
VOM19980220.0700.2208: 0.13033030364743356
VOM19980221.0700.2087: 0.13032772424279446
VOM19980325.0900.0905: 0.1290913346732721
VOM19980302.0700.0484: 0.12887738079073785
VOM19980326.0900.2164: 0.12754263274468883
VOM19980326.0700.2359: 0.12754263274468883
VOM19980403.0900.0619: 0.12641981801757682
