VOM19980602.0900.0127: 0.20014634266660106
VOM19980531.0700.0040: 0.19146772892166658
VOM19980220.0900.3537: 0.170842396009708
VOM19980602.0700.0166: 0.16420940916380294
VOM19980605.0900.0045: 0.16408265807581016
VOM19980628.0700.0527: 0.15916628824027873
VOM19980605.0730.0042: 0.15887528007165194
VOM19980531.0730.0006: 0.1490530206487997
VOM19980315.0700.1828: 0.14690162797115913
VOM19980606.0730.0234: 0.13003968682728975
VOM19980605.0700.0040: 0.12904845767964032
VOM19980606.0700.0206: 0.12786334443668337
VOM19980604.0900.0159: 0.1180003386176084
