VOM19980602.0900.0127: 0.18897858470985524
VOM19980531.0700.0040: 0.17913324724163254
VOM19980220.0900.3537: 0.16015421852357248
VOM19980602.0700.0166: 0.1543483232477796
VOM19980605.0900.0045: 0.14932113820186754
VOM19980605.0730.0042: 0.14484182065033255
VOM19980628.0700.0527: 0.1440406230807237
VOM19980531.0730.0006: 0.13310937888723628
VOM19980315.0700.1828: 0.13275643531375336
VOM19980606.0730.0234: 0.11835912702228717
VOM19980605.0700.0040: 0.11733167754461943
VOM19980606.0700.0206: 0.11649250292294658
VOM19980507.0700.0355: 0.10896533967806521
