VOM19980603.0700.0103: 0.17503198113264837
VOM19980616.0730.0180: 0.15785624098524945
VOM19980616.0900.0100: 0.15720902646439694
VOM19980616.0730.0252: 0.1339508604644399
VOM19980616.0900.0077: 0.1339508604644399
VOM19980531.0700.0120: 0.12315145734521188
VOM19980317.0700.0723: 0.11214730230152346
VOM19980618.0900.0057: 0.10582117086607339
VOM19980224.0900.2345: 0.10181956168078181
VOM19980529.0730.0042: 0.1012839154467903
VOM19980529.0900.0046: 0.1012839154467903
VOM19980319.0900.2169: 0.09293173832054326
VOM19980225.0900.1275: 0.09292897788512289
