VOM19980603.0700.0457: 0.14051963547923899
VOM19980624.0730.0117: 0.1314560045279214
VOM19980326.0900.3298: 0.130062922745238
VOM19980603.0730.0240: 0.1249392628303683
VOM19980403.0700.3400: 0.10792304528205846
VOM19980220.0700.0672: 0.10645647273860079
VOM19980225.0900.2065: 0.10552823413379431
VOM19980613.0700.0546: 0.10214733135861952
VOM19980311.0700.3445: 0.10198454602520339
VOM19980527.0700.0466: 0.10177049129487514
VOM19980227.0900.2416: 0.10017227198928116
VOM19980526.0730.0229: 0.09922257091458428
VOM19980504.0700.0300: 0.09904840912551331
