VOM19980507.0700.0521: 0.21753408036101718
VOM19980511.0900.0004: 0.19198654427151343
VOM19980511.0730.0003: 0.1877457219917809
VOM19980511.0700.0039: 0.1877457219917809
VOM19980529.0900.0148: 0.1681025567501554
VOM19980529.0730.0148: 0.16445440468507805
VOM19980529.0700.0334: 0.1337312738541733
VOM19980302.0900.1291: 0.12174546252332781
VOM19980301.0700.0168: 0.10934013991927183
VOM19980225.0900.2118: 0.102184156503651
VOM19980225.0900.0421: 0.102184156503651
VOM19980511.0730.0099: 0.1013304822159348
VOM19980424.0900.0178: 0.09962434233762346
