VOM19980325.0900.3341: 0.1914353707379477
VOM19980522.0700.0456: 0.11721805323678425
VOM19980607.0730.0033: 0.09751220586653873
VOM19980326.0700.1668: 0.09705332281956622
VOM19980630.0900.0127: 0.07952653743979635
VOM19980224.0700.2219: 0.07893556585305633
VOM19980306.0700.2852: 0.07850231309287271
VOM19980522.0730.0286: 0.076944801468758
VOM19980312.0900.0990: 0.07469678195826658
VOM19980312.0900.3445: 0.0736883698250838
VOM19980312.0900.1896: 0.0736883698250838
VOM19980326.0900.3442: 0.07266050832358649
VOM19980326.0700.1793: 0.07253589000407801
