VOM19980616.0730.0180: 0.12041988917683236
VOM19980616.0900.0100: 0.11997786078112434
VOM19980526.0900.0124: 0.1196223082111334
VOM19980225.0900.1919: 0.11475309477552051
VOM19980526.0730.0065: 0.11456638665761673
VOM19980319.0900.0364: 0.1141801429090498
VOM19980225.0900.0216: 0.11344633833806966
VOM19980222.0700.0448: 0.11236112797511749
VOM19980302.0700.0484: 0.10935333163557881
VOM19980316.0900.2774: 0.10863321337902362
VOM19980404.0700.1061: 0.10730463295933516
VOM19980225.0900.0714: 0.10548006837118953
VOM19980221.0700.2690: 0.10008295777700925
