VOM19980306.0700.1305: 0.09484482083599446
VOM19980314.0700.2522: 0.0913460690084531
VOM19980505.0700.0193: 0.0908453164346806
VOM19980226.0900.0622: 0.08472790422571375
VOM19980319.0900.2169: 0.08461365980965616
VOM19980507.0700.0127: 0.08429095017764426
VOM19980223.0900.2288: 0.07986545750963635
VOM19980521.0700.0039: 0.07972014164407797
VOM19980515.0900.0007: 0.0790127105782275
VOM19980415.0900.0022: 0.07885087404871548
VOM19980223.0700.1993: 0.07852321752658839
VOM19980623.0700.0314: 0.0780932340141373
VOM19980222.0700.0448: 0.07696956387599078
