VOM19980602.0900.0127: 0.13507216745056666
VOM19980531.0700.0040: 0.12943010591259646
VOM19980602.0700.0166: 0.11524671160265773
VOM19980605.0730.0042: 0.11341508028597143
VOM19980605.0900.0045: 0.11341508028597143
VOM19980220.0900.3537: 0.10896364205754856
VOM19980605.0700.0040: 0.0945781685400217
VOM19980403.0700.2289: 0.08141395560339547
VOM19980628.0700.0527: 0.07628423014211444
VOM19980606.0730.0234: 0.07460912270426816
VOM19980606.0700.0206: 0.07460912270426816
VOM19980319.0700.1874: 0.07336403440469282
VOM19980603.0900.0074: 0.07271787022180651
