VOM19980507.0700.0521: 0.14966399719508436
VOM19980511.0900.0004: 0.13094621335375747
VOM19980529.0900.0148: 0.12720908782496798
VOM19980511.0730.0003: 0.1244569032028934
VOM19980511.0700.0039: 0.1244569032028934
VOM19980529.0730.0148: 0.11994161022913047
VOM19980302.0900.1291: 0.1104311883696778
VOM19980529.0700.0334: 0.09919328621739198
VOM19980327.0900.2123: 0.08967233880899085
VOM19980403.0700.2482: 0.08938424317530151
VOM19980302.0700.0779: 0.08539392940893006
VOM19980302.0700.3469: 0.08437549441497737
VOM19980306.0700.1916: 0.08344322027726572
