VOM19980531.0700.0040: 0.17573279924810334
VOM19980602.0900.0127: 0.17334084219135754
VOM19980605.0730.0042: 0.1712416162408285
VOM19980605.0900.0045: 0.1712416162408285
VOM19980220.0900.3537: 0.16335089543999023
VOM19980602.0700.0166: 0.1535971195240917
VOM19980605.0700.0040: 0.14552846940260433
VOM19980628.0700.0527: 0.1383885620907745
VOM19980531.0730.0006: 0.13438191533999594
VOM19980606.0730.0234: 0.12690770320003014
VOM19980606.0700.0206: 0.12690770320003014
VOM19980315.0700.1828: 0.12474614678410727
VOM19980603.0900.0074: 0.1225364360602043
