VOM19980314.0700.0818: 0.3288621432975035
VOM19980223.0700.1993: 0.32619840085969165
VOM19980314.0700.1261: 0.3249731854943059
VOM19980317.0700.0924: 0.30445110754567384
VOM19980403.0700.0727: 0.30330884188480184
VOM19980403.0900.2349: 0.2976361848195949
VOM19980223.0900.2288: 0.2975989820723183
VOM19980224.0700.2219: 0.29438515211475996
VOM19980319.0700.1102: 0.29169072201498925
VOM19980317.0700.0723: 0.29049173054699373
VOM19980327.0900.0757: 0.29031823712548155
VOM19980223.0900.2779: 0.2860833646687976
VOM19980303.0700.2491: 0.2857789553263525
