VOM19980301.0700.0393: 0.11611915316678145
VOM19980220.0700.2814: 0.10412462269976912
VOM19980410.0900.0241: 0.09834296497293399
VOM19980620.0700.0552: 0.09644745218024003
VOM19980224.0900.3022: 0.09479234950870608
VOM19980627.0700.0572: 0.08588803333217054
VOM19980223.0700.1511: 0.08458846758165947
VOM19980220.0700.0707: 0.08034942567024811
VOM19980607.0700.0385: 0.07991796701773195
VOM19980607.0730.0163: 0.07991796701773195
VOM19980613.0700.0555: 0.07979317354329035
VOM19980515.0900.0007: 0.07873808733866915
VOM19980315.0700.2508: 0.07666886863213904
