VOM19980527.0700.0042: 0.1315554373339058
VOM19980515.0900.0007: 0.12765759689443684
VOM19980527.0730.0003: 0.12678060242272937
VOM19980524.0730.0061: 0.12309079790314637
VOM19980524.0700.0265: 0.12309079790314637
VOM19980527.0900.0008: 0.1205407770642755
VOM19980515.0730.0053: 0.11686740519256546
VOM19980630.0900.0127: 0.10626195911357654
VOM19980403.0900.2121: 0.10403787482524818
VOM19980410.0900.0241: 0.10182535180412826
VOM19980515.0700.0102: 0.10161516342296745
VOM19980403.0700.0489: 0.10114379742936838
VOM19980421.0900.0146: 0.10033492198917388
