VOM19980222.0700.0448: 0.14899388756361753
VOM19980225.0900.0216: 0.1467151490036629
VOM19980225.0900.1919: 0.1467151490036629
VOM19980316.0900.2774: 0.14665501342101642
VOM19980225.0900.0714: 0.145957363264609
VOM19980221.0700.2690: 0.14231451496386124
VOM19980302.0700.0484: 0.1411785008906001
VOM19980221.0700.2087: 0.14078711347967812
VOM19980325.0900.0905: 0.1397460530830965
VOM19980220.0700.2208: 0.13847972614898235
VOM19980326.0900.2164: 0.13703246924964763
VOM19980326.0700.2359: 0.13703246924964763
VOM19980403.0900.0619: 0.136332233040145
