VOM19980527.0700.0042: 0.13897025770612031
VOM19980527.0730.0003: 0.13395409147091136
VOM19980515.0900.0007: 0.1333698656578831
VOM19980524.0730.0061: 0.13056965089231468
VOM19980524.0700.0265: 0.13056965089231468
VOM19980527.0900.0008: 0.1275551965639395
VOM19980515.0730.0053: 0.1220711209721266
VOM19980630.0900.0127: 0.11080625453788222
VOM19980403.0900.2121: 0.1091404800990243
VOM19980421.0900.0146: 0.10765454367290532
VOM19980515.0700.0102: 0.10754665809887955
VOM19980403.0700.0489: 0.10555498902656754
VOM19980410.0900.0241: 0.10501005224672186
