VOM19980602.0900.0127: 0.2015228197883721
VOM19980531.0700.0040: 0.19181931191476673
VOM19980220.0900.3537: 0.172483909285053
VOM19980602.0700.0166: 0.1652514245597692
VOM19980605.0900.0045: 0.16381690849492261
VOM19980628.0700.0527: 0.16006793148019674
VOM19980605.0730.0042: 0.15861796440168685
VOM19980531.0730.0006: 0.15005550954679095
VOM19980315.0700.1828: 0.1471721584238416
VOM19980606.0730.0234: 0.13075335087983408
VOM19980605.0700.0040: 0.12863166797178216
VOM19980606.0700.0206: 0.12856506461756745
VOM19980604.0900.0159: 0.11906126976837322
