VOM19980603.0900.0074: 0.35304636438164233
VOM19980604.0900.0213: 0.24700798494339093
VOM19980603.0730.0280: 0.24139562437704212
VOM19980605.0730.0276: 0.23144574204398424
VOM19980604.0730.0250: 0.21896294180934853
VOM19980605.0700.0440: 0.21069382649367427
VOM19980606.0700.0354: 0.18602680083874912
VOM19980606.0730.0134: 0.1411022038008794
VOM19980223.0900.1854: 0.10752557919941959
VOM19980223.0900.0265: 0.1070474839213238
VOM19980509.0730.0100: 0.10264569926615244
VOM19980224.0900.2258: 0.09959999805809364
VOM19980223.0900.3466: 0.09078270577875938
