VOM19980507.0700.0521: 0.21289071990134315
VOM19980511.0900.0004: 0.19426031152706458
VOM19980511.0730.0003: 0.18755528257676052
VOM19980511.0700.0039: 0.18755528257676052
VOM19980529.0900.0148: 0.16689431256427534
VOM19980302.0900.1291: 0.1649423074424986
VOM19980529.0700.0334: 0.1565154361704585
VOM19980529.0730.0148: 0.15593309416260576
VOM19980302.0700.3469: 0.14977830823172195
VOM19980511.0730.0099: 0.14687384347665874
VOM19980327.0900.2123: 0.14613725437745942
VOM19980424.0900.0178: 0.14359210096387515
VOM19980301.0700.0168: 0.13961310706285987
