VOM19980602.0900.0127: 0.20014114518035894
VOM19980531.0700.0040: 0.19146338271121188
VOM19980220.0900.3537: 0.17084476025834497
VOM19980602.0700.0166: 0.16420204687800888
VOM19980605.0900.0045: 0.16406539315142232
VOM19980628.0700.0527: 0.15916624850720096
VOM19980605.0730.0042: 0.1588585630722463
VOM19980531.0730.0006: 0.14904665517202936
VOM19980315.0700.1828: 0.14690041612322
VOM19980606.0730.0234: 0.13003455192399505
VOM19980605.0700.0040: 0.12903389826983303
VOM19980606.0700.0206: 0.1278582954710588
VOM19980604.0900.0159: 0.1179922587710205
