VOM19980311.0700.1487: 0.2362975780232739
VOM19980303.0900.2128: 0.22729881103777203
VOM19980630.0900.0230: 0.20857386952427404
VOM19980304.0700.1058: 0.20710525036476887
VOM19980303.0900.0396: 0.20502996503528176
VOM19980621.0700.0565: 0.18411887439956684
VOM19980316.0700.0776: 0.18354444023004698
VOM19980523.0700.0189: 0.17366220066897792
VOM19980319.0700.2737: 0.17354455052054396
VOM19980305.0900.2093: 0.16691201601285657
VOM19980306.0700.0971: 0.1638111392562779
VOM19980225.0700.0585: 0.16239882115260204
VOM19980316.0700.0944: 0.1523343232570929
