VOM19980315.0700.1310: 0.16880454196086217
VOM19980226.0900.2900: 0.16557503234908266
VOM19980326.0900.0149: 0.14031226986399736
VOM19980220.0900.1332: 0.1345121456719052
VOM19980628.0700.0316: 0.12968768854119575
VOM19980325.0900.2040: 0.12701342479483302
VOM19980325.0900.0124: 0.12322172966069266
VOM19980606.0730.0134: 0.12097871893635558
VOM19980624.0730.0254: 0.12076936340812318
VOM19980226.0900.3196: 0.1207202668072026
VOM19980319.0700.0496: 0.11674014985248529
VOM19980508.0700.0452: 0.1147419292217944
VOM19980624.0700.0382: 0.11376494994604686
