VOM19980314.0700.1911: 0.1983751658982173
VOM19980314.0700.0239: 0.19671998256195924
VOM19980327.0900.2123: 0.1605682058498764
VOM19980316.0900.1667: 0.15762476330342307
VOM19980316.0900.1861: 0.14655276500137596
VOM19980228.0700.0448: 0.1337924983489246
VOM19980311.0700.1883: 0.133580720684762
VOM19980303.0900.1926: 0.12855679106738538
VOM19980302.0700.3423: 0.1272179228149251
VOM19980303.0900.3358: 0.1259979371182369
VOM19980302.0700.2096: 0.12093213283392518
VOM19980623.0700.0507: 0.12089495970578647
VOM19980623.0730.0101: 0.12089495970578647
