VOM19980325.0900.3341: 0.19866864271156084
VOM19980522.0700.0456: 0.12292872453718083
VOM19980607.0730.0033: 0.10603585158896328
VOM19980326.0700.1668: 0.09951242662920805
VOM19980522.0730.0286: 0.09088476056894906
VOM19980630.0900.0127: 0.0850807283736302
VOM19980312.0900.3445: 0.08085518103003489
VOM19980312.0900.1896: 0.08085518103003489
VOM19980306.0700.2852: 0.0792252818189698
VOM19980224.0700.2219: 0.07911456938808813
VOM19980325.0900.2179: 0.07734496609713741
VOM19980326.0900.3442: 0.07578394849594464
VOM19980312.0900.0990: 0.07574361977810762
