VOM19980527.0700.0042: 0.13392421733691887
VOM19980515.0900.0007: 0.12998601640565122
VOM19980527.0730.0003: 0.1286472954313914
VOM19980524.0730.0061: 0.12584742851736586
VOM19980524.0700.0265: 0.12584742851736586
VOM19980527.0900.0008: 0.12236713585990606
VOM19980515.0730.0053: 0.11903176267548751
VOM19980630.0900.0127: 0.10822159005845493
VOM19980403.0900.2121: 0.10543796079794654
VOM19980515.0700.0102: 0.10430000966417524
VOM19980410.0900.0241: 0.1028741398393696
VOM19980403.0700.0489: 0.10274582566659204
VOM19980421.0900.0146: 0.10244234558323673
