VOM19980602.0900.0127: 0.20140883383040312
VOM19980531.0700.0040: 0.19644220019898553
VOM19980220.0900.3537: 0.1747302902526943
VOM19980605.0900.0045: 0.1717479671310122
VOM19980605.0730.0042: 0.16659260814077884
VOM19980602.0700.0166: 0.16638920721277506
VOM19980628.0700.0527: 0.16478745180439697
VOM19980531.0730.0006: 0.15565415020908674
VOM19980315.0700.1828: 0.15200697483675749
VOM19980605.0700.0040: 0.13627137058320316
VOM19980606.0730.0234: 0.13578485190666972
VOM19980606.0700.0206: 0.13364232455974576
VOM19980507.0700.0355: 0.12188975258974623
