VOM19980326.0900.3298: 0.14326667672533772
VOM19980624.0730.0117: 0.13939281042349086
VOM19980603.0700.0457: 0.1103240315596688
VOM19980603.0730.0240: 0.10260492035775565
VOM19980526.0730.0229: 0.10152765084478284
VOM19980403.0700.3400: 0.10008977188639287
VOM19980327.0900.2035: 0.09648925571495019
VOM19980220.0700.0672: 0.09019026507976872
VOM19980223.0700.0800: 0.09017529727595884
VOM19980613.0700.0546: 0.08954408191245257
VOM19980527.0700.0466: 0.08815613105343814
VOM19980225.0900.2065: 0.08707836428858737
VOM19980302.0700.0373: 0.08656094130680182
