VOM19980311.0700.1487: 0.25014672348295763
VOM19980303.0900.2128: 0.24280345357825742
VOM19980630.0900.0230: 0.22177923187436338
VOM19980304.0700.1058: 0.22049044453874242
VOM19980303.0900.0396: 0.2204823972067238
VOM19980621.0700.0565: 0.19716065359768764
VOM19980316.0700.0776: 0.1951716039780894
VOM19980523.0700.0189: 0.19271405823331314
VOM19980305.0900.2093: 0.1846046926114395
VOM19980319.0700.2737: 0.1834027309485907
VOM19980225.0700.0585: 0.1801186649930275
VOM19980306.0700.0971: 0.17712294645245563
VOM19980316.0700.0944: 0.16496018195712273
