VOM19980311.0700.1487: 0.35383692643882986
VOM19980304.0700.1058: 0.34763501061259977
VOM19980303.0900.2128: 0.34348920226018614
VOM19980303.0900.0396: 0.3202178622438834
VOM19980523.0700.0189: 0.31856330562175295
VOM19980630.0900.0230: 0.31547363164265557
VOM19980316.0700.0776: 0.3002346500163206
VOM19980319.0700.2737: 0.29467894521185933
VOM19980306.0700.0971: 0.29156484761056695
VOM19980305.0900.2093: 0.2914453837359155
VOM19980225.0700.0585: 0.2854626658629983
VOM19980316.0700.0944: 0.28051202830036487
VOM19980326.0700.1793: 0.277711560664169
