VOM19980527.0700.0042: 0.13221469980698253
VOM19980527.0730.0003: 0.12901974096318697
VOM19980524.0730.0061: 0.12722521007461574
VOM19980524.0700.0265: 0.12722521007461574
VOM19980515.0900.0007: 0.12711437091470518
VOM19980527.0900.0008: 0.12320046177235176
VOM19980515.0730.0053: 0.1169629079831481
VOM19980630.0900.0127: 0.11098009535728603
VOM19980410.0900.0241: 0.10950913145925215
VOM19980403.0900.2121: 0.10808377724506397
VOM19980403.0700.0489: 0.10659640195362274
VOM19980421.0900.0146: 0.104869260037789
VOM19980515.0700.0102: 0.10195957209933268
