VOM19980603.0700.0103: 0.20208206417847424
VOM19980616.0730.0180: 0.17596675306318313
VOM19980616.0900.0100: 0.17438854402587226
VOM19980616.0730.0252: 0.1542675706333912
VOM19980616.0900.0077: 0.1542675706333912
VOM19980319.0900.2169: 0.14244511632380594
VOM19980531.0700.0120: 0.13876894941874182
VOM19980317.0700.0723: 0.1341946336721345
VOM19980224.0900.2345: 0.13231540117689425
VOM19980530.0700.0037: 0.13016168247772672
VOM19980618.0900.0057: 0.1262462198764932
VOM19980529.0700.0168: 0.12453631940312909
VOM19980225.0900.1275: 0.1189124625488513
