VOM19980224.0700.2219: 0.14772985224478097
VOM19980303.0700.2491: 0.14713213058658114
VOM19980303.0700.0783: 0.14623508792014006
VOM19980302.0900.2091: 0.14462402611473082
VOM19980305.0900.2166: 0.14082855593324586
VOM19980305.0900.1046: 0.1379543333391001
VOM19980302.0700.2334: 0.13508877775817935
VOM19980316.0900.2108: 0.13460929601385396
VOM19980325.0900.1209: 0.1315232172054601
VOM19980303.0900.2868: 0.1311752061880278
VOM19980315.0700.2670: 0.12999961589813983
VOM19980319.0700.2278: 0.1287931837395709
VOM19980223.0900.1151: 0.12651873439946373
