VOM19980603.0900.0074: 0.3417481258716939
VOM19980604.0900.0213: 0.23116462163343365
VOM19980603.0730.0280: 0.22604082609412512
VOM19980605.0730.0276: 0.21662922263538772
VOM19980604.0730.0250: 0.205645914566555
VOM19980605.0700.0440: 0.19881815466049252
VOM19980606.0700.0354: 0.1752522424933286
VOM19980606.0730.0134: 0.12810347908894235
VOM19980223.0900.1854: 0.09744928663540078
VOM19980223.0900.0265: 0.09704855625793433
VOM19980509.0730.0100: 0.09030703028351662
VOM19980224.0900.2258: 0.08896352582441139
VOM19980223.0900.3466: 0.08050971446660785
