VOM19980314.0700.1261: 0.1795011939546634
VOM19980223.0700.1993: 0.1515953253734306
VOM19980403.0900.2349: 0.1507352261817928
VOM19980314.0700.0818: 0.14231661369893672
VOM19980224.0700.2219: 0.1413033075930175
VOM19980303.0700.2491: 0.1374159139051036
VOM19980317.0700.0924: 0.13693409993640707
VOM19980317.0900.0757: 0.13544767688083767
VOM19980220.0900.2138: 0.13528428644297089
VOM19980317.0700.0723: 0.13354401463957136
VOM19980225.0900.1275: 0.13260767081314864
VOM19980223.0900.2779: 0.1315670386936383
VOM19980225.0900.1029: 0.13116241638903947
