VOM19980508.0700.0362: 0.2254902916394724
VOM19980508.0730.0003: 0.2097726819106738
VOM19980507.0700.0242: 0.20849464917926772
VOM19980508.0900.0007: 0.2058208095612022
VOM19980510.0700.0040: 0.20375923370857701
VOM19980327.0900.0221: 0.1995709417309372
VOM19980510.0730.0001: 0.1979002565999209
VOM19980506.0900.0006: 0.19387604249987966
VOM19980427.0900.0219: 0.19378915211660777
VOM19980509.0730.0027: 0.19328174996085207
VOM19980506.0700.0042: 0.19096225055164764
VOM19980509.0700.0089: 0.18965132420545533
VOM19980507.0730.0066: 0.18703347668135575
