VOM19980314.0700.1261: 0.23527695738397117
VOM19980223.0700.1993: 0.21557090717589428
VOM19980314.0700.0818: 0.21442495517784535
VOM19980317.0700.0156: 0.20647930490882627
VOM19980317.0700.0723: 0.20439528171826574
VOM19980317.0700.0924: 0.20268674402391895
VOM19980403.0900.2349: 0.2025977647298643
VOM19980225.0900.1275: 0.19423238316602467
VOM19980302.0900.0871: 0.19264564183589628
VOM19980223.0900.2779: 0.19261643136198922
VOM19980326.0900.0433: 0.18979974121529558
VOM19980613.0700.0112: 0.18961060674746547
VOM19980319.0700.2536: 0.1895492052473187
