VOM19980603.0700.0103: 0.1774551893105059
VOM19980616.0730.0180: 0.1582272731933031
VOM19980616.0900.0100: 0.1577088860659896
VOM19980616.0730.0252: 0.1320073744320326
VOM19980616.0900.0077: 0.1320073744320326
VOM19980531.0700.0120: 0.12485031894764759
VOM19980317.0700.0723: 0.114809496365449
VOM19980618.0900.0057: 0.10625509579995723
VOM19980224.0900.2345: 0.10378322970551011
VOM19980529.0730.0042: 0.10143958054270227
VOM19980529.0900.0046: 0.10143958054270227
VOM19980225.0900.1275: 0.09507788158024859
VOM19980319.0900.2169: 0.09397590163958476
