VOM19980527.0700.0042: 0.132358784707359
VOM19980515.0900.0007: 0.12831077597929577
VOM19980527.0730.0003: 0.1276358929370378
VOM19980524.0730.0061: 0.12458233731910182
VOM19980524.0700.0265: 0.12458233731910182
VOM19980527.0900.0008: 0.12146342566511913
VOM19980515.0730.0053: 0.11756227376886087
VOM19980630.0900.0127: 0.1078816499910373
VOM19980403.0900.2121: 0.10529157034070086
VOM19980410.0900.0241: 0.10360256342991256
VOM19980403.0700.0489: 0.1026758599543058
VOM19980515.0700.0102: 0.1025167889560588
VOM19980421.0900.0146: 0.10164444385350731
