VOM19980314.0700.1261: 0.17550630677008405
VOM19980223.0700.1993: 0.14742472255209765
VOM19980403.0900.2349: 0.14683677113515883
VOM19980224.0700.2219: 0.13835817891896363
VOM19980314.0700.0818: 0.13767340114019075
VOM19980303.0700.2491: 0.13434751262713643
VOM19980317.0700.0924: 0.1325404541831535
VOM19980317.0900.0757: 0.13241102075091127
VOM19980220.0900.2138: 0.13219447741038357
VOM19980317.0700.0723: 0.1286135883368941
VOM19980225.0900.1275: 0.12828868915765068
VOM19980225.0900.1029: 0.1277115076999328
VOM19980316.0900.2774: 0.12741781337872862
