VOM19980325.0900.3341: 0.22118828827610654
VOM19980522.0700.0456: 0.16429740810123336
VOM19980326.0700.1668: 0.14368738515197196
VOM19980607.0730.0033: 0.13466465408814274
VOM19980326.0900.3442: 0.13353345490910518
VOM19980630.0900.0127: 0.12910198553836708
VOM19980306.0700.2852: 0.12848458321822562
VOM19980522.0730.0286: 0.12755941904300822
VOM19980326.0700.1793: 0.1275163482812237
VOM19980312.0900.0990: 0.12701222098981335
VOM19980222.0700.1501: 0.12617046232190385
VOM19980222.0700.0448: 0.1237740452690602
VOM19980316.0700.0944: 0.1237297672066575
