VOM19980314.0700.2522: 0.08666610984836841
VOM19980223.0700.1993: 0.083615895558204
VOM19980226.0900.0622: 0.08258598933000676
VOM19980224.0700.2219: 0.08201748353874071
VOM19980220.0900.2583: 0.07835996146898916
VOM19980222.0700.0448: 0.07522445099449795
VOM19980223.0900.2288: 0.07365527932056193
VOM19980223.0900.2973: 0.07270046071153469
VOM19980226.0900.2027: 0.0723401068179049
VOM19980225.0900.1428: 0.07055969220569039
VOM19980316.0900.2108: 0.07051869859909508
VOM19980304.0900.1406: 0.06915812365304007
VOM19980220.0700.2208: 0.06914887353684554
