VOM19980325.0900.3341: 0.20324043148733306
VOM19980522.0700.0456: 0.1497393207635097
VOM19980326.0700.1668: 0.1289791059664968
VOM19980326.0900.3442: 0.11898112890666
VOM19980607.0730.0033: 0.1172378234790203
VOM19980306.0700.2852: 0.11677284057967396
VOM19980326.0700.1793: 0.11492973293040798
VOM19980312.0900.0990: 0.11474319247922517
VOM19980222.0700.1501: 0.11467658319530152
VOM19980630.0900.0127: 0.11419046592816194
VOM19980224.0700.2219: 0.11414619357392491
VOM19980522.0730.0286: 0.11355124225863329
VOM19980222.0700.0448: 0.11025547353805858
