VOM19980314.0700.1261: 0.1728993678776549
VOM19980223.0700.1993: 0.14522677801205372
VOM19980403.0900.2349: 0.14434085135879307
VOM19980224.0700.2219: 0.13681210445046046
VOM19980314.0700.0818: 0.13518829279853298
VOM19980303.0700.2491: 0.13267356448335083
VOM19980317.0900.0757: 0.13067102895796867
VOM19980317.0700.0924: 0.13007908639721522
VOM19980220.0900.2138: 0.129973191135624
VOM19980225.0900.1029: 0.12545572256117685
VOM19980316.0900.2774: 0.12512244477023177
VOM19980317.0700.0723: 0.12511891114775034
VOM19980225.0900.1275: 0.12487244800296411
