VOM19980603.0700.0457: 0.13659010419645873
VOM19980624.0730.0117: 0.1359895863059763
VOM19980326.0900.3298: 0.1340200711400733
VOM19980603.0730.0240: 0.12339175064029287
VOM19980613.0700.0546: 0.1197907428646827
VOM19980225.0900.2065: 0.10686049176830038
VOM19980526.0730.0229: 0.10279852904671558
VOM19980524.0700.0492: 0.1022418194605345
VOM19980403.0700.3400: 0.10197663406073708
VOM19980304.0700.0408: 0.10130481785863721
VOM19980220.0700.0672: 0.0995115420205708
VOM19980222.0700.2119: 0.09945577027185848
VOM19980304.0900.0353: 0.09823260383434362
