VOM19980630.0900.0230: 0.228214523355987
VOM19980311.0700.1487: 0.2240757622334966
VOM19980303.0900.2128: 0.21850759819209262
VOM19980303.0900.0396: 0.19239350918024348
VOM19980316.0700.0776: 0.18391934891901282
VOM19980304.0700.1058: 0.17312160571487908
VOM19980621.0700.0565: 0.16801015223452354
VOM19980319.0700.2737: 0.16452995094424538
VOM19980305.0900.2093: 0.15130615643093367
VOM19980225.0700.0585: 0.15068941892761006
VOM19980316.0700.0702: 0.1482301734196443
VOM19980316.0900.0367: 0.13714959327761908
VOM19980523.0700.0189: 0.136738646965137
