VOM19980315.0700.1310: 0.16829470002377953
VOM19980226.0900.2900: 0.1543406468935263
VOM19980326.0900.0149: 0.13566157595494288
VOM19980628.0700.0316: 0.11609838496363332
VOM19980220.0900.1332: 0.11530361448617829
VOM19980325.0900.2040: 0.11260736468968321
VOM19980325.0900.0124: 0.10875968681631788
VOM19980624.0730.0254: 0.1069872122899225
VOM19980606.0730.0134: 0.10664775005840811
VOM19980226.0900.3196: 0.10652657453811666
VOM19980624.0700.0382: 0.10103372634121587
VOM19980508.0900.0211: 0.09756048075151351
VOM19980508.0700.0452: 0.09663571197018457
