VOM19980301.0700.0393: 0.11374858520202136
VOM19980220.0700.2814: 0.10316215627959663
VOM19980620.0700.0552: 0.09560486999974037
VOM19980410.0900.0241: 0.09442973462718499
VOM19980224.0900.3022: 0.0934782420000404
VOM19980627.0700.0572: 0.08437810849932031
VOM19980223.0700.1511: 0.08315797431658199
VOM19980613.0700.0555: 0.0792710657191153
VOM19980220.0700.0707: 0.07857985038302283
VOM19980607.0700.0385: 0.07677311219633773
VOM19980607.0730.0163: 0.07677311219633773
VOM19980515.0900.0007: 0.07612935379433354
VOM19980315.0700.2508: 0.0747086723666016
