VOM19980526.0900.0124: 0.12609103290273074
VOM19980616.0730.0180: 0.1253036135046811
VOM19980616.0900.0100: 0.12479019253861652
VOM19980225.0900.1919: 0.12305851699772036
VOM19980225.0900.0216: 0.12175215396107877
VOM19980526.0730.0065: 0.12107411674771112
VOM19980319.0900.0364: 0.11952040284621601
VOM19980222.0700.0448: 0.118422268646981
VOM19980302.0700.0484: 0.1154483206229811
VOM19980316.0900.2774: 0.11439459358059575
VOM19980404.0700.1061: 0.11283816200883098
VOM19980225.0900.0714: 0.11140955236676552
VOM19980623.0700.0472: 0.10639673281842915
