VOM19980616.0730.0180: 0.12199162813832161
VOM19980616.0900.0100: 0.12149177775237693
VOM19980526.0900.0124: 0.12129529475817719
VOM19980225.0900.1919: 0.11744848397328471
VOM19980526.0730.0065: 0.11646919166590099
VOM19980225.0900.0216: 0.11620167585373675
VOM19980319.0900.0364: 0.11561513534075668
VOM19980222.0700.0448: 0.1146590916612738
VOM19980302.0700.0484: 0.11175356958538443
VOM19980316.0900.2774: 0.11113911146339468
VOM19980404.0700.1061: 0.10933500987197023
VOM19980225.0900.0714: 0.10795783753549011
VOM19980221.0700.2690: 0.10244991320726672
