VOM19980303.0700.0783: 0.13271718519531908
VOM19980326.0900.0118: 0.11998495520499107
VOM19980530.0700.0107: 0.11819336933182997
VOM19980305.0900.2166: 0.117323761033966
VOM19980315.0700.2670: 0.11712420122885103
VOM19980530.0730.0037: 0.11628433060764737
VOM19980305.0900.1046: 0.11487301753476292
VOM19980612.0700.0080: 0.11222196489616458
VOM19980224.0700.1530: 0.11221932338736405
VOM19980623.0900.0051: 0.109525194109686
VOM19980303.0700.2491: 0.10939918581396309
VOM19980224.0700.2219: 0.10815926794654296
VOM19980302.0900.2091: 0.10555302466160407
