VOM19980315.0700.1310: 0.19282249243902794
VOM19980226.0900.2900: 0.16886370400267303
VOM19980326.0900.0149: 0.16696417220449913
VOM19980628.0700.0316: 0.14619460289931127
VOM19980325.0900.2040: 0.14342540508838883
VOM19980624.0730.0254: 0.14094379956478123
VOM19980325.0900.0124: 0.13980583176961214
VOM19980606.0730.0134: 0.13805570019685617
VOM19980624.0700.0382: 0.13032975435491706
VOM19980508.0700.0452: 0.1268546617561985
VOM19980220.0900.1332: 0.12634833946776972
VOM19980508.0900.0211: 0.1261731869905239
VOM19980226.0900.3196: 0.12607632915700726
