VOM19980603.0700.0103: 0.13014421318103495
VOM19980616.0730.0180: 0.10996687931113204
VOM19980616.0900.0100: 0.10898060934983203
VOM19980616.0730.0252: 0.08424461761181024
VOM19980616.0900.0077: 0.08424461761181024
VOM19980224.0900.2345: 0.08261866358815968
VOM19980317.0700.0723: 0.08224476418545958
VOM19980319.0900.2169: 0.0759570522064548
VOM19980531.0700.0120: 0.06981027750473504
VOM19980225.0900.1275: 0.06821171724053977
VOM19980530.0700.0037: 0.06655627702176571
VOM19980314.0700.0818: 0.06543537937856805
VOM19980604.0700.0039: 0.061745820652956834
