VOM19980314.0700.1911: 0.21119056765036456
VOM19980314.0700.0239: 0.2092670419910512
VOM19980327.0900.2123: 0.16892164371192175
VOM19980316.0900.1667: 0.16694813298835068
VOM19980316.0900.1861: 0.1558804093234085
VOM19980303.0900.1926: 0.14071284515926016
VOM19980228.0700.0448: 0.13968120634153464
VOM19980311.0700.1883: 0.13963582706674318
VOM19980302.0700.3423: 0.13910361164861051
VOM19980303.0900.3358: 0.1378252638795999
VOM19980302.0700.2096: 0.13301293706000794
VOM19980623.0700.0507: 0.13196351459074238
VOM19980623.0730.0101: 0.13196351459074238
