VOM19980527.0700.0042: 0.12558638850685055
VOM19980515.0900.0007: 0.12301241767645922
VOM19980527.0730.0003: 0.12083162528336533
VOM19980524.0730.0061: 0.11858335416518223
VOM19980524.0700.0265: 0.11858335416518223
VOM19980527.0900.0008: 0.11489736317292017
VOM19980515.0730.0053: 0.11283241937072974
VOM19980630.0900.0127: 0.10423428638507821
VOM19980410.0900.0241: 0.100758631665724
VOM19980403.0900.2121: 0.10041198079158842
VOM19980403.0700.0489: 0.09897828521530883
VOM19980515.0700.0102: 0.0979112598147982
VOM19980421.0900.0146: 0.09551329056498344
