VOM19980325.0900.3341: 0.15144511050753712
VOM19980522.0700.0456: 0.10399799286806827
VOM19980224.0700.2219: 0.09527310744234875
VOM19980326.0700.1668: 0.09000156326848398
VOM19980306.0700.2852: 0.08812076856493613
VOM19980223.0900.1151: 0.08604699229479386
VOM19980222.0700.1501: 0.0859052705580791
VOM19980303.0700.2491: 0.08547990740117048
VOM19980326.0700.1793: 0.08463803166534663
VOM19980312.0900.0990: 0.08383428018788597
VOM19980225.0700.2209: 0.08187290876820288
VOM19980221.0700.2087: 0.07972965061200142
VOM19980222.0700.0448: 0.0781194302268359
