VOM19980527.0700.0042: 0.2670356097557724
VOM19980527.0730.0003: 0.24910094751181103
VOM19980226.0900.1367: 0.24689014993892677
VOM19980501.0700.0297: 0.2446750914644599
VOM19980515.0900.0007: 0.24084099726772476
VOM19980524.0730.0061: 0.23946037217307958
VOM19980524.0700.0265: 0.23946037217307958
VOM19980527.0900.0008: 0.23777817717036506
VOM19980312.0900.3403: 0.2337622911060924
VOM19980623.0900.0051: 0.23308403071569928
VOM19980312.0900.1827: 0.23186944788008407
VOM19980317.0900.0330: 0.23002185311411827
VOM19980317.0700.0156: 0.2284160962880643
