VOM19980314.0700.1911: 0.2325252416376334
VOM19980314.0700.0239: 0.22825066834902
VOM19980316.0900.1667: 0.22456633846290883
VOM19980327.0900.2123: 0.21196165718123855
VOM19980319.0900.1922: 0.1876356409583147
VOM19980319.0900.0162: 0.1863964652701748
VOM19980305.0700.0354: 0.18141150597390432
VOM19980302.0700.1749: 0.17906746276390512
VOM19980311.0700.1883: 0.17340209449413332
VOM19980623.0700.0507: 0.17237071428703138
VOM19980623.0730.0101: 0.17237071428703138
VOM19980619.0700.0464: 0.17104690882088378
VOM19980303.0900.0203: 0.1703893346285863
