VOM19980314.0700.1911: 0.21261203884370425
VOM19980314.0700.0239: 0.2106258792882851
VOM19980327.0900.2123: 0.17173914717759878
VOM19980316.0900.1667: 0.17041944299960496
VOM19980316.0900.1861: 0.15739746754081713
VOM19980303.0900.1926: 0.1427806762827797
VOM19980311.0700.1883: 0.1424884241153538
VOM19980228.0700.0448: 0.14208964758960815
VOM19980302.0700.3423: 0.1408011164231828
VOM19980303.0900.3358: 0.1399603365503342
VOM19980302.0700.2096: 0.13505226477615875
VOM19980623.0700.0507: 0.13410081204628863
VOM19980623.0730.0101: 0.13410081204628863
