VOM19980303.0700.0783: 0.12705568397414357
VOM19980530.0700.0107: 0.11490542210307393
VOM19980326.0900.0118: 0.11406226180802492
VOM19980530.0730.0037: 0.11387482725533317
VOM19980305.0900.2166: 0.11233483578084522
VOM19980315.0700.2670: 0.1120563087804685
VOM19980305.0900.1046: 0.11011134747328977
VOM19980224.0700.1530: 0.10699798380579942
VOM19980612.0700.0080: 0.10639218435198568
VOM19980303.0700.2491: 0.1053355825437519
VOM19980224.0700.2219: 0.10441138160716967
VOM19980623.0900.0051: 0.10375223490305685
VOM19980302.0900.2091: 0.10182324502775782
