VOM19980326.0900.3298: 0.14375010146040668
VOM19980624.0730.0117: 0.14000968482835388
VOM19980603.0700.0457: 0.11037871429811572
VOM19980603.0730.0240: 0.10280729790681901
VOM19980526.0730.0229: 0.10238586013772462
VOM19980403.0700.3400: 0.10009436356337677
VOM19980327.0900.2035: 0.09694441934626305
VOM19980613.0700.0546: 0.09089778396156081
VOM19980223.0700.0800: 0.0905787975292662
VOM19980220.0700.0672: 0.09053598620554903
VOM19980527.0700.0466: 0.08819878614118767
VOM19980225.0900.2065: 0.08759206341728722
VOM19980302.0700.0373: 0.08706941779872475
