VOM19980314.0700.1261: 0.21972755950849784
VOM19980223.0700.1993: 0.2013673136507848
VOM19980314.0700.0818: 0.19877619559706894
VOM19980317.0700.0924: 0.1872675446485423
VOM19980403.0900.2349: 0.18701018875195635
VOM19980317.0700.0723: 0.18482487155321076
VOM19980317.0700.0156: 0.18320231892827774
VOM19980223.0900.2779: 0.1759953546966445
VOM19980302.0900.0871: 0.17586868263883984
VOM19980225.0900.1275: 0.17558906956094278
VOM19980224.0700.2219: 0.17558263011413358
VOM19980223.0900.2288: 0.1737610247211576
VOM19980319.0700.2536: 0.17249839785622237
