VOM19980606.0700.0354: 0.340206908719886
VOM19980603.0900.0074: 0.3380617018914064
VOM19980605.0730.0276: 0.3317017360018885
VOM19980603.0730.0280: 0.3174906374651835
VOM19980604.0900.0213: 0.31336088317377525
VOM19980606.0730.0134: 0.310352208225888
VOM19980605.0700.0440: 0.29166666666666696
VOM19980604.0730.0250: 0.2896620610108288
VOM19980509.0730.0100: 0.2786852008565765
VOM19980628.0700.0527: 0.258092700604382
VOM19980502.0700.0438: 0.2568734176646205
VOM19980224.0900.2258: 0.237563817034874
VOM19980304.0900.0276: 0.22916666666666688
