VOM19980303.0700.0783: 0.13273400432311142
VOM19980326.0900.0118: 0.11999326410500201
VOM19980530.0700.0107: 0.11820429823007189
VOM19980305.0900.2166: 0.11734430508420184
VOM19980315.0700.2670: 0.11714009198299764
VOM19980530.0730.0037: 0.11629413020823196
VOM19980305.0900.1046: 0.11489117794849568
VOM19980612.0700.0080: 0.11223464569511706
VOM19980224.0700.1530: 0.11223062345906772
VOM19980623.0900.0051: 0.10954202403304708
VOM19980303.0700.2491: 0.10942081394955135
VOM19980224.0700.2219: 0.10818046749838114
VOM19980302.0900.2091: 0.10557388734839687
