VOM19980616.0730.0180: 0.12199473255238853
VOM19980616.0900.0100: 0.12149455110956042
VOM19980526.0900.0124: 0.12130012310972724
VOM19980225.0900.1919: 0.11746171914218387
VOM19980526.0730.0065: 0.11647634648241892
VOM19980225.0900.0216: 0.11621559177205944
VOM19980319.0900.0364: 0.11561934127984849
VOM19980222.0700.0448: 0.11467488401401962
VOM19980302.0700.0484: 0.11176677379178185
VOM19980316.0900.2774: 0.11115433781815427
VOM19980404.0700.1061: 0.10934709592404958
VOM19980225.0900.0714: 0.10797539203953356
VOM19980221.0700.2690: 0.10246687181966115
