VOM19980325.0900.3341: 0.20479482635314122
VOM19980522.0700.0456: 0.12655866405258104
VOM19980607.0730.0033: 0.11166424361408185
VOM19980326.0700.1668: 0.10462442128063729
VOM19980522.0730.0286: 0.09694317052141553
VOM19980630.0900.0127: 0.09009538988194715
VOM19980312.0900.3445: 0.0849524205556361
VOM19980312.0900.1896: 0.0849524205556361
VOM19980306.0700.2852: 0.08291243889377824
VOM19980224.0700.2219: 0.08181936371162618
VOM19980326.0900.3442: 0.0800560699992347
VOM19980312.0900.0990: 0.07987092498338155
VOM19980325.0900.2179: 0.07918550798120856
