VOM19980507.0700.0521: 0.22349840843984853
VOM19980511.0900.0004: 0.20032993207112854
VOM19980511.0730.0003: 0.19555211604356038
VOM19980511.0700.0039: 0.19555211604356038
VOM19980529.0900.0148: 0.1725942476318202
VOM19980529.0730.0148: 0.166711173494553
VOM19980529.0700.0334: 0.14149575271354567
VOM19980302.0900.1291: 0.13276791088289944
VOM19980225.0900.2118: 0.12171557728724527
VOM19980225.0900.0421: 0.12171557728724527
VOM19980301.0700.0168: 0.1200144068314604
VOM19980424.0900.0178: 0.1178255490590898
VOM19980511.0730.0099: 0.11560559216530261
