VOM19980311.0700.1487: 0.2172545541444666
VOM19980630.0900.0230: 0.21042475757119142
VOM19980303.0900.2128: 0.19990356816122917
VOM19980316.0700.0776: 0.17719215981869124
VOM19980303.0900.0396: 0.17293264149574633
VOM19980304.0700.1058: 0.17129923597889501
VOM19980319.0700.2737: 0.1632446194823187
VOM19980621.0700.0565: 0.14228463977612932
VOM19980305.0900.2093: 0.13119636108599994
VOM19980304.0700.1276: 0.13080132597931488
VOM19980225.0700.0585: 0.1295572022558109
VOM19980316.0700.0702: 0.12886486169483824
VOM19980306.0700.0971: 0.12595922308381752
