VOM19980603.0900.0074: 0.352072426636208
VOM19980604.0900.0213: 0.2452688969716832
VOM19980603.0730.0280: 0.23974721542732422
VOM19980605.0730.0276: 0.2295881123549589
VOM19980604.0730.0250: 0.21719328328788212
VOM19980605.0700.0440: 0.20885770627555864
VOM19980606.0700.0354: 0.18353511806459527
VOM19980606.0730.0134: 0.13815708476514138
VOM19980223.0900.1854: 0.1054336808630547
VOM19980223.0900.0265: 0.10497185753358397
VOM19980509.0730.0100: 0.09963402108626655
VOM19980224.0900.2258: 0.09715685009025368
VOM19980223.0900.3466: 0.08870412640771619
