VOM19980603.0700.0103: 0.1750401604779371
VOM19980616.0730.0180: 0.15786441636845347
VOM19980616.0900.0100: 0.15721758026459204
VOM19980616.0730.0252: 0.1339597750092822
VOM19980616.0900.0077: 0.1339597750092822
VOM19980531.0700.0120: 0.12316442202367217
VOM19980317.0700.0723: 0.11215240445872234
VOM19980618.0900.0057: 0.10583187072320967
VOM19980224.0900.2345: 0.10181938413690124
VOM19980529.0730.0042: 0.10129434703948889
VOM19980529.0900.0046: 0.10129434703948889
VOM19980225.0900.1275: 0.09293180427490011
VOM19980319.0900.2169: 0.09292713037890778
