VOM19980301.0700.0393: 0.11434029045601016
VOM19980220.0700.2814: 0.10285005484319325
VOM19980620.0700.0552: 0.09578248984610654
VOM19980410.0900.0241: 0.09556182475905685
VOM19980224.0900.3022: 0.09325911057639918
VOM19980627.0700.0572: 0.08479691061460977
VOM19980223.0700.1511: 0.08290140671765893
VOM19980613.0700.0555: 0.0792816922728702
VOM19980220.0700.0707: 0.0784929292606123
VOM19980607.0700.0385: 0.07751865339951218
VOM19980607.0730.0163: 0.07751865339951218
VOM19980515.0900.0007: 0.07654391581915163
VOM19980315.0700.2508: 0.0747871967440496
