VOM19980311.0700.1487: 0.23852784303689686
VOM19980303.0900.2128: 0.2220707674057441
VOM19980304.0700.1058: 0.22111664352051025
VOM19980630.0900.0230: 0.22070547334687632
VOM19980316.0700.0776: 0.20542981600055002
VOM19980319.0700.2737: 0.20378598356847763
VOM19980303.0900.0396: 0.1995103564012402
VOM19980326.0700.1793: 0.1729709634635402
VOM19980306.0700.0971: 0.17106738738035535
VOM19980523.0700.0189: 0.16790359973658078
VOM19980316.0700.0944: 0.16434454368596538
VOM19980305.0900.2093: 0.16350926787242046
VOM19980225.0700.0585: 0.15962921706137367
