VOM19980314.0700.1261: 0.17304792114847556
VOM19980223.0700.1993: 0.14476374876642273
VOM19980403.0900.2349: 0.1446068676913878
VOM19980224.0700.2219: 0.13650658877199479
VOM19980314.0700.0818: 0.13478686300340495
VOM19980303.0700.2491: 0.1325083090336475
VOM19980220.0900.2138: 0.13072516614841345
VOM19980317.0900.0757: 0.13066161015298722
VOM19980317.0700.0924: 0.1299233292317785
VOM19980225.0900.1275: 0.1261777828647124
VOM19980317.0700.0723: 0.12597486146680784
VOM19980225.0900.1029: 0.12591529065811988
VOM19980316.0900.2774: 0.12578299590583789
