VOM19980603.0900.0074: 0.353322661786378
VOM19980604.0900.0213: 0.2479717693157786
VOM19980603.0730.0280: 0.24256980322859248
VOM19980605.0730.0276: 0.23300521719067555
VOM19980604.0730.0250: 0.22012585389825065
VOM19980605.0700.0440: 0.21224637698705537
VOM19980606.0700.0354: 0.1889952816118969
VOM19980606.0730.0134: 0.14457978314920353
VOM19980223.0900.1854: 0.10985973387739441
VOM19980223.0900.0265: 0.10936008083349764
VOM19980509.0730.0100: 0.10653795256396668
VOM19980224.0900.2258: 0.1025170403191918
VOM19980223.0900.3466: 0.09307901587246536
