VOM19980602.0900.0127: 0.20152281978837208
VOM19980531.0700.0040: 0.1918193119147668
VOM19980220.0900.3537: 0.17248390928505297
VOM19980602.0700.0166: 0.16525142455976918
VOM19980605.0900.0045: 0.16381690849492264
VOM19980628.0700.0527: 0.16006793148019674
VOM19980605.0730.0042: 0.15861796440168688
VOM19980531.0730.0006: 0.15005550954679098
VOM19980315.0700.1828: 0.14717215842384165
VOM19980606.0730.0234: 0.13075335087983406
VOM19980605.0700.0040: 0.1286316679717822
VOM19980606.0700.0206: 0.12856506461756742
VOM19980604.0900.0159: 0.11906126976837322
