VOM19980316.0900.1667: 0.3154452182590798
VOM19980327.0900.2123: 0.2909118951044218
VOM19980319.0900.1922: 0.28595708992550684
VOM19980302.0700.1749: 0.28228610931021203
VOM19980319.0900.0162: 0.2822351470159464
VOM19980314.0700.1911: 0.27867916304480134
VOM19980311.0700.1883: 0.2770152941084828
VOM19980314.0700.0239: 0.2725876726877244
VOM19980302.0700.1577: 0.2677727260975679
VOM19980619.0700.0464: 0.26444888629006613
VOM19980619.0730.0212: 0.26016454316384197
VOM19980305.0900.2891: 0.25403835245125994
VOM19980222.0700.0448: 0.25351703203581927
