VOM19980616.0730.0180: 0.1144922771168605
VOM19980616.0900.0100: 0.11411717539491097
VOM19980526.0900.0124: 0.11136389244550189
VOM19980319.0900.0364: 0.10962802843008343
VOM19980222.0700.0448: 0.10793889662865583
VOM19980526.0730.0065: 0.10699254046954361
VOM19980225.0900.1919: 0.10626172684229158
VOM19980302.0700.0484: 0.1051211627245359
VOM19980225.0900.0216: 0.10511524976149324
VOM19980316.0900.2774: 0.10484318058847694
VOM19980404.0700.1061: 0.10337671547838077
VOM19980225.0900.0714: 0.10151195422182129
VOM19980221.0700.2690: 0.0966645920909642
