VOM19980603.0900.0074: 0.28685454672200383
VOM19980605.0730.0276: 0.2219564554492641
VOM19980603.0730.0280: 0.21797769463141134
VOM19980604.0900.0213: 0.2045130691218763
VOM19980606.0700.0354: 0.20211435952064197
VOM19980605.0700.0440: 0.19452983233054144
VOM19980604.0730.0250: 0.1845227788428563
VOM19980606.0730.0134: 0.16371574197113054
VOM19980509.0730.0100: 0.1314630851872549
VOM19980224.0900.2258: 0.12175711322957558
VOM19980502.0700.0438: 0.11039566259666582
VOM19980305.0700.0276: 0.10520431819658047
VOM19980319.0700.1874: 0.1050116128628192
