VOM19980226.0900.2900: 0.14579428032972838
VOM19980315.0700.1310: 0.14211041455527446
VOM19980220.0900.1332: 0.11813050604023476
VOM19980326.0900.0149: 0.10849797235717665
VOM19980628.0700.0316: 0.09876816547659567
VOM19980226.0900.3196: 0.0961476470914073
VOM19980325.0900.2040: 0.09575712617566089
VOM19980325.0900.0124: 0.09171240819318312
VOM19980606.0730.0134: 0.08837899131669046
VOM19980302.0900.2091: 0.08828792360203487
VOM19980624.0730.0254: 0.08714468905778915
VOM19980319.0700.0496: 0.08627187365077574
VOM19980624.0700.0382: 0.08337959427198174
