VOM19980314.0700.1261: 0.20614221321634318
VOM19980223.0700.1993: 0.1907834741696084
VOM19980314.0700.0818: 0.18656065657062237
VOM19980317.0700.0924: 0.17462439115174286
VOM19980403.0900.2349: 0.17354204286341549
VOM19980224.0700.2219: 0.1684857497982679
VOM19980317.0700.0723: 0.16585795252509572
VOM19980303.0700.2491: 0.16336112992140941
VOM19980223.0900.2288: 0.16149245125275255
VOM19980302.0900.0871: 0.16103697148504736
VOM19980223.0900.2779: 0.1609555782807891
VOM19980326.0700.2676: 0.15813415555864635
VOM19980403.0700.0727: 0.1580885914298954
