VOM19980306.0700.1305: 0.09802675352312124
VOM19980314.0700.2522: 0.0944898424498772
VOM19980505.0700.0193: 0.09295751834728236
VOM19980319.0900.2169: 0.08798017009865301
VOM19980226.0900.0622: 0.0873132697999225
VOM19980507.0700.0127: 0.08723924984594335
VOM19980521.0700.0039: 0.08363606143015988
VOM19980223.0900.2288: 0.08238295532160791
VOM19980515.0900.0007: 0.08215227864414662
VOM19980415.0900.0022: 0.08175885428337397
VOM19980223.0700.1993: 0.08096970171520412
VOM19980623.0700.0314: 0.08053237135871015
VOM19980222.0700.0448: 0.08031680272568636
