VOM19980603.0700.0103: 0.20208206417847419
VOM19980616.0730.0180: 0.17596675306318316
VOM19980616.0900.0100: 0.17438854402587212
VOM19980616.0730.0252: 0.15426757063339117
VOM19980616.0900.0077: 0.15426757063339117
VOM19980319.0900.2169: 0.14244511632380574
VOM19980531.0700.0120: 0.13876894941874177
VOM19980317.0700.0723: 0.13419463367213436
VOM19980224.0900.2345: 0.13231540117689455
VOM19980530.0700.0037: 0.13016168247772686
VOM19980618.0900.0057: 0.12624621987649318
VOM19980529.0700.0168: 0.12453631940312894
VOM19980225.0900.1275: 0.11891246254885159
