VOM19980222.0700.0448: 0.14894776016263234
VOM19980225.0900.0216: 0.1466625213209079
VOM19980225.0900.1919: 0.1466625213209079
VOM19980316.0900.2774: 0.1466125556987766
VOM19980225.0900.0714: 0.14591412221389138
VOM19980221.0700.2690: 0.14227366594518093
VOM19980302.0700.0484: 0.14113610632444032
VOM19980221.0700.2087: 0.14074247367155657
VOM19980325.0900.0905: 0.139701847648487
VOM19980220.0700.2208: 0.13844148991770985
VOM19980326.0900.2164: 0.13699274014076762
VOM19980326.0700.2359: 0.13699274014076762
VOM19980403.0900.0619: 0.13629151523498045
