VOM19980314.0700.1261: 0.20668347587702574
VOM19980223.0700.1993: 0.2029290539176211
VOM19980224.0700.2219: 0.19741895198349355
VOM19980314.0700.0818: 0.19578206328641476
VOM19980303.0700.2491: 0.1873706872753257
VOM19980403.0900.2349: 0.18315406111035978
VOM19980317.0900.0757: 0.18297587859012623
VOM19980317.0700.0924: 0.18067648215565357
VOM19980302.0900.2091: 0.17985680479571522
VOM19980403.0700.0727: 0.1793546410993197
VOM19980225.0700.2209: 0.17893220916358998
VOM19980319.0700.1102: 0.17625456979551452
VOM19980306.0700.1916: 0.17466548247350372
