VOM19980314.0700.1261: 0.18208917934362442
VOM19980223.0700.1993: 0.1545508915359615
VOM19980403.0900.2349: 0.1534137273712726
VOM19980314.0700.0818: 0.1455060363732692
VOM19980224.0700.2219: 0.1436351162661591
VOM19980317.0700.0924: 0.13994628821091423
VOM19980303.0700.2491: 0.13978526913253564
VOM19980317.0900.0757: 0.13784349938127785
VOM19980220.0900.2138: 0.137535543302268
VOM19980317.0700.0723: 0.13662189952133771
VOM19980225.0900.1275: 0.13526496490232182
VOM19980223.0900.2779: 0.1344326860174602
VOM19980225.0900.1029: 0.13367527700993662
