VOM19980315.0700.1310: 0.1930478834086163
VOM19980326.0900.0149: 0.17719150434663505
VOM19980226.0900.2900: 0.1683912974368108
VOM19980325.0900.2040: 0.16240294140748954
VOM19980325.0900.0124: 0.15936261167938529
VOM19980624.0730.0254: 0.15888323538066135
VOM19980628.0700.0316: 0.15281747561857584
VOM19980624.0700.0382: 0.14133324361803565
VOM19980506.0900.0257: 0.14034383476845688
VOM19980606.0730.0134: 0.1396122277178829
VOM19980319.0700.0496: 0.1361436324811709
VOM19980508.0700.0452: 0.13295203082017884
VOM19980508.0900.0211: 0.13240388069777267
