VOM19980303.0700.0783: 0.1251289959836581
VOM19980530.0700.0107: 0.11349204467670364
VOM19980530.0730.0037: 0.11327839137413313
VOM19980326.0900.0118: 0.11251668878514681
VOM19980305.0900.2166: 0.1108263260996912
VOM19980315.0700.2670: 0.11047721304495442
VOM19980305.0900.1046: 0.10864173072091583
VOM19980224.0700.1530: 0.10525069884354592
VOM19980303.0700.2491: 0.10401881089165137
VOM19980612.0700.0080: 0.10393393068226163
VOM19980224.0700.2219: 0.10322704031971812
VOM19980623.0900.0051: 0.10207117370491789
VOM19980302.0900.2091: 0.10066013773436153
