VOM19980508.0700.0362: 0.26471903218220005
VOM19980510.0730.0001: 0.2588663049540304
VOM19980507.0730.0066: 0.25847031532476683
VOM19980507.0700.0242: 0.25237489395371626
VOM19980507.0900.0040: 0.25100402515283904
VOM19980508.0900.0007: 0.24411568792293353
VOM19980508.0730.0003: 0.24368020293083678
VOM19980509.0730.0027: 0.2418879496387319
VOM19980510.0700.0040: 0.24132281598765795
VOM19980527.0700.0388: 0.2388845995945335
VOM19980509.0700.0089: 0.23786462312909906
VOM19980506.0700.0042: 0.23370323590736403
VOM19980506.0900.0006: 0.23186839458146222
