VOM19980315.0700.1310: 0.1720093136541312
VOM19980226.0900.2900: 0.1573999934548846
VOM19980326.0900.0149: 0.1504372603568131
VOM19980325.0900.2040: 0.1335919339517046
VOM19980325.0900.0124: 0.13051288328174634
VOM19980624.0730.0254: 0.1285269398693136
VOM19980628.0700.0316: 0.1247348511162898
VOM19980220.0900.1332: 0.12065586878971471
VOM19980624.0700.0382: 0.11486067309825602
VOM19980606.0730.0134: 0.11202398601349742
VOM19980226.0900.3196: 0.11180049090758865
VOM19980319.0700.0496: 0.11084674247889868
VOM19980506.0900.0257: 0.10878230879106934
