VOM19980225.0900.1919: 0.17921957109251108
VOM19980225.0900.0216: 0.17731826729386663
VOM19980526.0900.0124: 0.1703344456892139
VOM19980526.0730.0065: 0.16356070715641885
VOM19980623.0700.0472: 0.16223527816294434
VOM19980222.0700.0448: 0.15669172043225707
VOM19980319.0900.0364: 0.151784526284861
VOM19980326.0700.0480: 0.1491347410609446
VOM19980302.0700.0484: 0.1465977747205037
VOM19980404.0700.1061: 0.14651513083174106
VOM19980616.0730.0180: 0.14629829944506975
VOM19980316.0700.0219: 0.14620146509525928
VOM19980616.0900.0100: 0.1456984727724852
