VOM19980325.0900.3341: 0.15144511050753715
VOM19980522.0700.0456: 0.10399799286806832
VOM19980224.0700.2219: 0.09527310744234933
VOM19980326.0700.1668: 0.09000156326848407
VOM19980306.0700.2852: 0.08812076856493548
VOM19980223.0900.1151: 0.08604699229479376
VOM19980222.0700.1501: 0.08590527055807924
VOM19980303.0700.2491: 0.0854799074011702
VOM19980326.0700.1793: 0.08463803166534686
VOM19980312.0900.0990: 0.08383428018788625
VOM19980225.0700.2209: 0.08187290876820227
VOM19980221.0700.2087: 0.07972965061200128
VOM19980222.0700.0448: 0.07811943022683603
