VOM19980511.0730.0133: 0.23873003074657964
VOM19980410.0900.0241: 0.23804761428476182
VOM19980511.0700.0080: 0.22649412708342614
VOM19980511.0730.0040: 0.22649412708342614
VOM19980220.0900.2583: 0.2189387441031576
VOM19980314.0700.2522: 0.21723058904326306
VOM19980222.0700.1016: 0.20757351132077592
VOM19980222.0700.0448: 0.20410446018002962
VOM19980618.0730.0234: 0.20405350181565016
VOM19980225.0900.0253: 0.20211302086361077
VOM19980225.0900.1953: 0.2002672011879572
VOM19980304.0700.0512: 0.20004001200400165
VOM19980317.0900.0330: 0.19959498361736527
