VOM19980603.0700.0103: 0.32042752190073154
VOM19980616.0730.0180: 0.26556245212371676
VOM19980616.0900.0100: 0.26318067798390754
VOM19980319.0900.2169: 0.25527986035582784
VOM19980616.0730.0252: 0.24123762618319186
VOM19980616.0900.0077: 0.24123762618319186
VOM19980627.0730.0153: 0.23693523616867584
VOM19980627.0700.0205: 0.23395480008935174
VOM19980531.0700.0120: 0.23108408032649055
VOM19980530.0700.0037: 0.2285265222535614
VOM19980529.0700.0168: 0.224964851987601
VOM19980529.0730.0003: 0.2188568898182528
VOM19980529.0900.0008: 0.2188568898182528
