VOM19980314.0700.1911: 0.21259324681130468
VOM19980314.0700.0239: 0.2106081550004072
VOM19980327.0900.2123: 0.17170316410421294
VOM19980316.0900.1667: 0.17037387739005017
VOM19980316.0900.1861: 0.15738232294703608
VOM19980303.0900.1926: 0.14276144093960766
VOM19980311.0700.1883: 0.1424480786832449
VOM19980228.0700.0448: 0.14206187209136348
VOM19980302.0700.3423: 0.14078358203961555
VOM19980303.0900.3358: 0.13994107891916982
VOM19980302.0700.2096: 0.13503454211929888
VOM19980623.0700.0507: 0.13407222825182025
VOM19980623.0730.0101: 0.13407222825182025
