VOM19980527.0700.0042: 0.13895208648598664
VOM19980527.0730.0003: 0.13394151217195677
VOM19980515.0900.0007: 0.13335227264660626
VOM19980524.0730.0061: 0.13055990171981754
VOM19980524.0700.0265: 0.13055990171981754
VOM19980527.0900.0008: 0.12754372825879617
VOM19980515.0730.0053: 0.12205581688585287
VOM19980630.0900.0127: 0.11080397005050308
VOM19980403.0900.2121: 0.10914374564374957
VOM19980421.0900.0146: 0.1076433672113901
VOM19980515.0700.0102: 0.10752856404878526
VOM19980403.0700.0489: 0.10555304711550999
VOM19980410.0900.0241: 0.10501047904536395
