VOM19980314.0700.1261: 0.22617602772272316
VOM19980223.0700.1993: 0.2070840094552459
VOM19980314.0700.0818: 0.20513035237081187
VOM19980317.0700.0924: 0.19358258576977344
VOM19980317.0700.0156: 0.1935784620872883
VOM19980403.0900.2349: 0.1934719486543516
VOM19980317.0700.0723: 0.1931481888744006
VOM19980225.0900.1275: 0.1836168065960488
VOM19980223.0900.2779: 0.1829528989484204
VOM19980302.0900.0871: 0.18285349639783174
VOM19980223.0900.2288: 0.1801225566447385
VOM19980224.0700.2219: 0.17960983081690815
VOM19980319.0700.2536: 0.17960474414762428
