VOM19980603.0700.0103: 0.192304769675727
VOM19980616.0730.0180: 0.17224718320347532
VOM19980616.0900.0100: 0.17161491102171925
VOM19980616.0730.0252: 0.14932939306750773
VOM19980616.0900.0077: 0.14932939306750773
VOM19980531.0700.0120: 0.138188156810011
VOM19980317.0700.0723: 0.12276536238731257
VOM19980618.0900.0057: 0.12101636947174967
VOM19980529.0730.0042: 0.11466111845540071
VOM19980529.0900.0046: 0.11466111845540071
VOM19980224.0900.2345: 0.11087007804950573
VOM19980319.0900.2169: 0.1052669140278306
VOM19980604.0700.0039: 0.10336267019073579
