VOM19980602.0900.0127: 0.19531468026480311
VOM19980531.0700.0040: 0.18717229824780895
VOM19980220.0900.3537: 0.16610068262781363
VOM19980602.0700.0166: 0.16006283669279658
VOM19980605.0900.0045: 0.15701150843408732
VOM19980605.0730.0042: 0.1521966372538234
VOM19980628.0700.0527: 0.15044025794950633
VOM19980531.0730.0006: 0.14176650122326195
VOM19980315.0700.1828: 0.13987927139170717
VOM19980606.0730.0234: 0.12588638866833238
VOM19980605.0700.0040: 0.12398238161891253
VOM19980606.0700.0206: 0.12384186169687755
VOM19980507.0700.0355: 0.11476494949527369
