VOM19980314.0700.1911: 0.1988012260064556
VOM19980314.0700.0239: 0.19730390580968948
VOM19980316.0900.1667: 0.18990685416760208
VOM19980327.0900.2123: 0.18397097089837466
VOM19980311.0700.1883: 0.18037782481964765
VOM19980228.0700.0448: 0.16800593943904035
VOM19980302.0700.1749: 0.15674325817936183
VOM19980316.0900.1861: 0.15358780549443238
VOM19980319.0900.1922: 0.152328812648318
VOM19980319.0900.0162: 0.15034614054773845
VOM19980305.0900.2891: 0.14718578855466716
VOM19980302.0700.1577: 0.14687106528863303
VOM19980227.0900.2836: 0.14380423350263183
