VOM19980326.0900.3298: 0.1457879985994819
VOM19980624.0730.0117: 0.14311108147035126
VOM19980603.0700.0457: 0.11394622448478288
VOM19980526.0730.0229: 0.10656155740432399
VOM19980603.0730.0240: 0.10633572672261973
VOM19980403.0700.3400: 0.10330351278252697
VOM19980327.0900.2035: 0.10055282500729443
VOM19980220.0700.0672: 0.09592126119235961
VOM19980613.0700.0546: 0.09429877913168508
VOM19980223.0700.0800: 0.09410371094579954
VOM19980302.0700.0373: 0.09322608732965029
VOM19980527.0700.0466: 0.09261335057802181
VOM19980225.0900.2065: 0.0925363379206033
