VOM19980616.0730.0180: 0.11615401200693659
VOM19980616.0900.0100: 0.11570915225373576
VOM19980526.0900.0124: 0.11427272419362991
VOM19980526.0730.0065: 0.10952961086436033
VOM19980319.0900.0364: 0.10919088015390441
VOM19980225.0900.1919: 0.10815704959056655
VOM19980225.0900.0216: 0.10695231958322123
VOM19980222.0700.0448: 0.10685266502494531
VOM19980302.0700.0484: 0.10442501036744477
VOM19980316.0900.2774: 0.10414285419614054
VOM19980404.0700.1061: 0.1025191410356351
VOM19980225.0900.0714: 0.10095796359491788
VOM19980221.0700.2690: 0.09593469866225658
