VOM19980303.0700.0783: 0.13276034002597836
VOM19980326.0900.0118: 0.12002108886876393
VOM19980530.0700.0107: 0.11822389145658627
VOM19980305.0900.2166: 0.11736799069399678
VOM19980315.0700.2670: 0.1171604938495619
VOM19980530.0730.0037: 0.11630781575783342
VOM19980305.0900.1046: 0.1149113532015459
VOM19980612.0700.0080: 0.11226339460483363
VOM19980224.0700.1530: 0.11225840856768693
VOM19980623.0900.0051: 0.10956682487839826
VOM19980303.0700.2491: 0.10944049887209599
VOM19980224.0700.2219: 0.10819852586512319
VOM19980302.0900.2091: 0.10559065675841281
