VOM19980303.0700.0783: 0.12034477723384965
VOM19980530.0730.0037: 0.10969135205805522
VOM19980530.0700.0107: 0.10956390931873261
VOM19980305.0900.2166: 0.10708151711386939
VOM19980315.0700.2670: 0.10617414671875343
VOM19980305.0900.1046: 0.1057112915837845
VOM19980303.0700.2491: 0.10259252654380266
VOM19980326.0900.0118: 0.10258981865133382
VOM19980224.0700.2219: 0.10218617260603631
VOM19980302.0900.2091: 0.09960126342157812
VOM19980224.0700.1530: 0.09793864206922294
VOM19980612.0700.0080: 0.09767437317564183
VOM19980623.0900.0051: 0.09664371504028554
