VOM19980303.0700.0783: 0.1294887105116436
VOM19980326.0900.0118: 0.11701049166298219
VOM19980530.0700.0107: 0.11633392511505726
VOM19980530.0730.0037: 0.1149572388700233
VOM19980305.0900.2166: 0.11444443743659738
VOM19980315.0700.2670: 0.11422815729949234
VOM19980305.0900.1046: 0.1120800192842783
VOM19980224.0700.1530: 0.10943639365421971
VOM19980612.0700.0080: 0.10897971962188953
VOM19980303.0700.2491: 0.10694156932171074
VOM19980623.0900.0051: 0.10628624042603356
VOM19980224.0700.2219: 0.10587687587230808
VOM19980302.0900.2091: 0.10328293857545197
