VOM19980508.0700.0362: 0.20412945392992018
VOM19980508.0730.0003: 0.1861424652704599
VOM19980508.0900.0007: 0.18157529730183536
VOM19980507.0700.0242: 0.17590837085491606
VOM19980506.0700.0042: 0.17246921510886928
VOM19980510.0700.0040: 0.17046075077807818
VOM19980510.0730.0001: 0.16052850267229932
VOM19980506.0900.0006: 0.15929501619622743
VOM19980507.0730.0066: 0.1546095319392791
VOM19980507.0900.0040: 0.15078256968713336
VOM19980509.0730.0027: 0.149353993662429
VOM19980509.0700.0089: 0.14908273692751653
VOM19980527.0700.0388: 0.14846024368782176
