VOM19980603.0700.0103: 0.1831293842268163
VOM19980616.0730.0180: 0.16562051576070588
VOM19980616.0900.0100: 0.16498620360485974
VOM19980616.0730.0252: 0.14381897368743657
VOM19980616.0900.0077: 0.14381897368743657
VOM19980531.0700.0120: 0.1320763789008426
VOM19980317.0700.0723: 0.11690863965463531
VOM19980618.0900.0057: 0.11571143419157545
VOM19980529.0730.0042: 0.10938024174554009
VOM19980529.0900.0046: 0.10938024174554009
VOM19980224.0900.2345: 0.10582077527521552
VOM19980319.0900.2169: 0.0989875468975939
VOM19980604.0700.0039: 0.09819995150216844
