VOM19980314.0700.1911: 0.20220050112861293
VOM19980314.0700.0239: 0.20065459799218768
VOM19980327.0900.2123: 0.16169891285321578
VOM19980316.0900.1667: 0.15821325322238852
VOM19980316.0900.1861: 0.15020061050439668
VOM19980228.0700.0448: 0.13506736834129615
VOM19980311.0700.1883: 0.134140175755325
VOM19980303.0900.1926: 0.13252303389274184
VOM19980302.0700.3423: 0.13117461369658287
VOM19980303.0900.3358: 0.12988523400823918
VOM19980302.0700.2096: 0.12506004091415188
VOM19980623.0700.0507: 0.12334821644378928
VOM19980623.0730.0101: 0.12334821644378928
