VOM19980603.0700.0457: 0.15187454254451532
VOM19980624.0730.0117: 0.14591644886016109
VOM19980326.0900.3298: 0.14063185081177862
VOM19980603.0730.0240: 0.13701832924219742
VOM19980220.0700.0672: 0.12661854253699212
VOM19980225.0900.2065: 0.12274690265684408
VOM19980302.0700.0373: 0.12125112818156364
VOM19980403.0700.3400: 0.12013935916866068
VOM19980527.0700.0466: 0.11900780386150162
VOM19980502.0700.0438: 0.11781023307600763
VOM19980224.0700.0481: 0.1174968983708678
VOM19980526.0730.0229: 0.11660425043651088
VOM19980311.0700.3445: 0.11544980040132845
