VOM19980527.0700.0042: 0.13235878470735898
VOM19980515.0900.0007: 0.12831077597929577
VOM19980527.0730.0003: 0.12763589293703784
VOM19980524.0730.0061: 0.12458233731910187
VOM19980524.0700.0265: 0.12458233731910187
VOM19980527.0900.0008: 0.12146342566511914
VOM19980515.0730.0053: 0.11756227376886078
VOM19980630.0900.0127: 0.10788164999103729
VOM19980403.0900.2121: 0.10529157034070084
VOM19980410.0900.0241: 0.10360256342991253
VOM19980403.0700.0489: 0.1026758599543058
VOM19980515.0700.0102: 0.10251678895605872
VOM19980421.0900.0146: 0.10164444385350732
