VOM19980515.0900.0007: 0.10541827255101889
VOM19980226.0900.1367: 0.100846313750533
VOM19980527.0700.0042: 0.09452021369885327
VOM19980515.0730.0053: 0.09392403603442295
VOM19980224.0700.2219: 0.0932584384993371
VOM19980223.0700.1993: 0.08997937307344084
VOM19980223.0900.2288: 0.08659543278660262
VOM19980302.0700.1233: 0.0863604123735369
VOM19980515.0700.0102: 0.08542715451962431
VOM19980403.0700.2289: 0.08059783654071973
VOM19980305.0900.2166: 0.079845775774789
VOM19980225.0700.2209: 0.0786194168400498
VOM19980403.0700.1724: 0.07790902578060384
