VOM19980616.0730.0180: 0.11090972459248875
VOM19980616.0900.0100: 0.11045528136971522
VOM19980526.0900.0124: 0.10621278052112963
VOM19980222.0700.0448: 0.10536642267166696
VOM19980319.0900.0364: 0.1040908592134742
VOM19980316.0900.2774: 0.10246240060362093
VOM19980225.0900.1919: 0.10205561372488142
VOM19980526.0730.0065: 0.10198678123950684
VOM19980302.0700.0484: 0.10188641872982757
VOM19980225.0900.0216: 0.10097221304116909
VOM19980404.0700.1061: 0.09987635371857669
VOM19980225.0900.0714: 0.09859407594697894
VOM19980221.0700.2690: 0.0948895077610644
