VOM19980603.0700.0103: 0.1856581979643205
VOM19980616.0730.0180: 0.1620358039215199
VOM19980616.0900.0100: 0.16058253865597807
VOM19980616.0730.0252: 0.14105234660738902
VOM19980616.0900.0077: 0.14105234660738902
VOM19980319.0900.2169: 0.1271644716330658
VOM19980531.0700.0120: 0.12334812913508808
VOM19980317.0700.0723: 0.12178853884932163
VOM19980224.0900.2345: 0.12062182552986751
VOM19980530.0700.0037: 0.11592605728260721
VOM19980618.0900.0057: 0.11145657014688881
VOM19980529.0700.0168: 0.11005169851480931
VOM19980225.0900.1275: 0.1071959810945947
