VOM19980602.0900.0127: 0.20292203387403118
VOM19980531.0700.0040: 0.19131606594514905
VOM19980220.0900.3537: 0.17561442489724105
VOM19980602.0700.0166: 0.16702304918538674
VOM19980605.0900.0045: 0.16444748441829932
VOM19980628.0700.0527: 0.16418780006531347
VOM19980605.0730.0042: 0.159228528172458
VOM19980531.0730.0006: 0.15383833487190016
VOM19980315.0700.1828: 0.1495539284347472
VOM19980606.0730.0234: 0.13320830482161583
VOM19980606.0700.0206: 0.13097893248431444
VOM19980605.0700.0040: 0.12908479448163837
VOM19980604.0900.0159: 0.1236963165560082
