VOM19980508.0700.0362: 0.21677472017845784
VOM19980510.0730.0001: 0.20723564272563205
VOM19980507.0700.0242: 0.20405828665795372
VOM19980508.0730.0003: 0.20375733807638752
VOM19980508.0900.0007: 0.2026974456241944
VOM19980506.0700.0042: 0.20163467047835887
VOM19980507.0730.0066: 0.20135964224290243
VOM19980506.0900.0006: 0.20011782629058358
VOM19980509.0730.0027: 0.19976670184804152
VOM19980507.0900.0040: 0.19558555826331367
VOM19980510.0700.0040: 0.1939923092877802
VOM19980509.0700.0089: 0.19394858275863816
VOM19980527.0700.0388: 0.18388065292374067
