VOM19980507.0700.0521: 0.22350644099887723
VOM19980511.0900.0004: 0.20033811390478526
VOM19980511.0730.0003: 0.1955574016164852
VOM19980511.0700.0039: 0.1955574016164852
VOM19980529.0900.0148: 0.17259415445469353
VOM19980529.0730.0148: 0.16670493418788046
VOM19980529.0700.0334: 0.14151167797661904
VOM19980302.0900.1291: 0.1328061069255593
VOM19980225.0900.2118: 0.12174156645039698
VOM19980225.0900.0421: 0.12174156645039698
VOM19980301.0700.0168: 0.12004348621189405
VOM19980424.0900.0178: 0.11787082520864695
VOM19980511.0730.0099: 0.11565324705090413
