VOM19980507.0700.0521: 0.22350263646428398
VOM19980511.0900.0004: 0.20033284521483083
VOM19980511.0730.0003: 0.19555340891943118
VOM19980511.0700.0039: 0.19555340891943118
VOM19980529.0900.0148: 0.17259156850612128
VOM19980529.0730.0148: 0.16670506458344272
VOM19980529.0700.0334: 0.14150010957714737
VOM19980302.0900.1291: 0.1327845630957814
VOM19980225.0900.2118: 0.1217305637613952
VOM19980225.0900.0421: 0.1217305637613952
VOM19980301.0700.0168: 0.1200288163428444
VOM19980424.0900.0178: 0.11785050205615014
VOM19980511.0730.0099: 0.11563146172418969
