VOM19980303.0700.0783: 0.12115685827432512
VOM19980530.0700.0107: 0.10975324667752474
VOM19980530.0730.0037: 0.10828722080826694
VOM19980305.0900.2166: 0.10737425132947484
VOM19980315.0700.2670: 0.1066840502401435
VOM19980305.0900.1046: 0.1059917009463916
VOM19980303.0700.2491: 0.10252779229538979
VOM19980224.0700.2219: 0.10200375589878742
VOM19980326.0900.0118: 0.100007366351919
VOM19980302.0900.2091: 0.09940591689493772
VOM19980224.0700.1530: 0.09879286577542344
VOM19980612.0700.0080: 0.09806623043965022
VOM19980623.0900.0051: 0.09694611587602796
