VOM19980325.0900.3341: 0.1965901654101299
VOM19980522.0700.0456: 0.12141471909268188
VOM19980607.0730.0033: 0.1032511969117032
VOM19980326.0700.1668: 0.09967605458705778
VOM19980630.0900.0127: 0.08382683985828794
VOM19980522.0730.0286: 0.08319994970394626
VOM19980306.0700.2852: 0.07953561883055502
VOM19980224.0700.2219: 0.07948591374662253
VOM19980312.0900.3445: 0.07904971894906879
VOM19980312.0900.1896: 0.07904971894906879
VOM19980325.0900.2179: 0.07643749761707731
VOM19980312.0900.0990: 0.07605869016759792
VOM19980326.0900.3442: 0.07527104458768194
