VOM19980603.0900.0074: 0.3523656040435961
VOM19980604.0900.0213: 0.24465103924587436
VOM19980603.0730.0280: 0.23998129081150554
VOM19980605.0730.0276: 0.23019179832750727
VOM19980604.0730.0250: 0.2168757030563865
VOM19980605.0700.0440: 0.2096579018864333
VOM19980606.0700.0354: 0.18523152792951664
VOM19980606.0730.0134: 0.1402019760167863
VOM19980223.0900.1854: 0.10704307466636324
VOM19980223.0900.0265: 0.10655609240668065
VOM19980509.0730.0100: 0.10187410303079804
VOM19980224.0900.2258: 0.09917151663132973
VOM19980223.0900.3466: 0.09037960392296386
