VOM19980508.0700.0362: 0.22543564597765842
VOM19980508.0730.0003: 0.2097257321535039
VOM19980507.0700.0242: 0.20843969860897787
VOM19980508.0900.0007: 0.20577361837682373
VOM19980510.0700.0040: 0.20370408744355586
VOM19980327.0900.0221: 0.19952631403019055
VOM19980510.0730.0001: 0.1978429949882955
VOM19980506.0900.0006: 0.19383512231486993
VOM19980427.0900.0219: 0.19373528745410976
VOM19980509.0730.0027: 0.19323357370660374
VOM19980506.0700.0042: 0.19092302503398403
VOM19980509.0700.0089: 0.18960275013831465
VOM19980507.0730.0066: 0.18698001768177006
