VOM19980315.0700.1310: 0.17951919655355153
VOM19980226.0900.2900: 0.1628777056907233
VOM19980326.0900.0149: 0.1592810384893893
VOM19980325.0900.2040: 0.1413465984926702
VOM19980325.0900.0124: 0.13842287764735617
VOM19980624.0730.0254: 0.13728175217283783
VOM19980628.0700.0316: 0.13242715725818188
VOM19980220.0900.1332: 0.1247714450409356
VOM19980624.0700.0382: 0.12282589366486589
VOM19980606.0730.0134: 0.12058502593636825
VOM19980226.0900.3196: 0.11827152712003305
VOM19980319.0700.0496: 0.11770310339661728
VOM19980506.0900.0257: 0.11679490606236384
