VOM19980315.0700.1310: 0.18203656727476408
VOM19980226.0900.2900: 0.1648432054767683
VOM19980326.0900.0149: 0.16224557206295603
VOM19980325.0900.2040: 0.14351287811899577
VOM19980325.0900.0124: 0.14070903756407174
VOM19980624.0730.0254: 0.1399727445672479
VOM19980628.0700.0316: 0.13468857095553394
VOM19980220.0900.1332: 0.12618848439865452
VOM19980624.0700.0382: 0.12545079400893494
VOM19980606.0730.0134: 0.12354025595385748
VOM19980226.0900.3196: 0.1207817104196104
VOM19980319.0700.0496: 0.11962970785647915
VOM19980506.0900.0257: 0.11896738290653233
