VOM19980508.0700.0362: 0.2054038387020829
VOM19980508.0730.0003: 0.19311440220830312
VOM19980506.0700.0042: 0.19258835128534366
VOM19980507.0700.0242: 0.19132419717056584
VOM19980508.0900.0007: 0.190792735535856
VOM19980510.0730.0001: 0.18880997876063335
VOM19980506.0900.0006: 0.18806256106629557
VOM19980509.0730.0027: 0.1843812381515467
VOM19980507.0730.0066: 0.18269349207357663
VOM19980510.0700.0040: 0.18228836934952142
VOM19980509.0700.0089: 0.17948969262886003
VOM19980507.0900.0040: 0.1781713834486514
VOM19980327.0900.0221: 0.1711509020219821
