VOM19980311.0700.1487: 0.22555593343854144
VOM19980303.0900.2128: 0.2141360084101041
VOM19980630.0900.0230: 0.19768445174642713
VOM19980304.0700.1058: 0.19711375259679584
VOM19980303.0900.0396: 0.19191766068669616
VOM19980316.0700.0776: 0.17466923085178368
VOM19980621.0700.0565: 0.17301880927885308
VOM19980319.0700.2737: 0.16633824130427585
VOM19980523.0700.0189: 0.15855285799796773
VOM19980306.0700.0971: 0.15354329720251225
VOM19980305.0900.2093: 0.15214699281900038
VOM19980225.0700.0585: 0.14750055443751353
VOM19980316.0700.0944: 0.1429008152839482
