VOM19980603.0900.0074: 0.35330982616588574
VOM19980604.0900.0213: 0.24796103378916323
VOM19980603.0730.0280: 0.24257194063360063
VOM19980605.0730.0276: 0.2330115824756094
VOM19980604.0730.0250: 0.2201186952663434
VOM19980605.0700.0440: 0.21224805115473933
VOM19980606.0700.0354: 0.18900906242090665
VOM19980606.0730.0134: 0.1445953405651941
VOM19980223.0900.1854: 0.10985957550595922
VOM19980223.0900.0265: 0.10935977984431164
VOM19980509.0730.0100: 0.10655406144301696
VOM19980224.0900.2258: 0.10253002052808259
VOM19980223.0900.3466: 0.09307989782146117
