VOM19980325.0900.3341: 0.20841476591693245
VOM19980522.0700.0456: 0.12941938814548593
VOM19980607.0730.0033: 0.11567688940610237
VOM19980326.0700.1668: 0.10781049959763192
VOM19980522.0730.0286: 0.10055997394957226
VOM19980630.0900.0127: 0.09355631748395785
VOM19980312.0900.3445: 0.08821442479180198
VOM19980312.0900.1896: 0.08821442479180198
VOM19980306.0700.2852: 0.08524507872402928
VOM19980224.0700.2219: 0.08346023146878383
VOM19980326.0900.3442: 0.08295870186048233
VOM19980312.0900.0990: 0.08246251181463068
VOM19980607.0700.0121: 0.08142887203473949
