VOM19980314.0700.1261: 0.18211690879395104
VOM19980223.0700.1993: 0.15458189409500314
VOM19980403.0900.2349: 0.1534385828138427
VOM19980314.0700.0818: 0.14553994071506243
VOM19980224.0700.2219: 0.14365807587718998
VOM19980317.0700.0924: 0.13997707223278213
VOM19980303.0700.2491: 0.13980818027179126
VOM19980317.0900.0757: 0.1378627627126256
VOM19980220.0900.2138: 0.13755714586826984
VOM19980317.0700.0723: 0.13665369130179272
VOM19980225.0900.1275: 0.13529292923524164
VOM19980223.0900.2779: 0.13446102312605063
VOM19980225.0900.1029: 0.1336980376242944
