VOM19980325.0900.3341: 0.2405287227863604
VOM19980522.0730.0286: 0.16524851258141243
VOM19980607.0730.0033: 0.1579500521599714
VOM19980522.0700.0456: 0.15206738008066317
VOM19980326.0700.1668: 0.14774012973976186
VOM19980630.0900.0127: 0.14231873290682656
VOM19980603.0700.0282: 0.1416989895409345
VOM19980522.0730.0037: 0.14155268600713908
VOM19980522.0900.0039: 0.14155268600713908
VOM19980531.0700.0235: 0.13783926101463645
VOM19980302.0900.0457: 0.1342269482921968
VOM19980223.0900.1820: 0.13372059115246523
VOM19980304.0700.0871: 0.13363979326108877
