VOM19980224.0700.2219: 0.14772985224477936
VOM19980303.0700.2491: 0.14713213058658048
VOM19980303.0700.0783: 0.14623508792014003
VOM19980302.0900.2091: 0.1446240261147313
VOM19980305.0900.2166: 0.14082855593324553
VOM19980305.0900.1046: 0.13795433333909968
VOM19980302.0700.2334: 0.1350887777581794
VOM19980316.0900.2108: 0.1346092960138543
VOM19980325.0900.1209: 0.13152321720545923
VOM19980303.0900.2868: 0.1311752061880274
VOM19980315.0700.2670: 0.12999961589814016
VOM19980319.0700.2278: 0.12879318373957055
VOM19980223.0900.1151: 0.12651873439946398
