VOM19980603.0900.0074: 0.28682936513183777
VOM19980605.0730.0276: 0.221910023351917
VOM19980603.0730.0280: 0.21793568530761243
VOM19980604.0900.0213: 0.2044696757513453
VOM19980606.0700.0354: 0.202059266952431
VOM19980605.0700.0440: 0.19449152521341717
VOM19980604.0730.0250: 0.1844818915023611
VOM19980606.0730.0134: 0.16366040169897192
VOM19980509.0730.0100: 0.13140790928106977
VOM19980224.0900.2258: 0.12171548293200933
VOM19980502.0700.0438: 0.11034346846810691
VOM19980305.0700.0276: 0.1051616039580098
VOM19980319.0700.1874: 0.1049755538629825
