VOM19980603.0700.0457: 0.13659010419645878
VOM19980624.0730.0117: 0.13598958630597635
VOM19980326.0900.3298: 0.1340200711400733
VOM19980603.0730.0240: 0.12339175064029285
VOM19980613.0700.0546: 0.1197907428646827
VOM19980225.0900.2065: 0.10686049176830038
VOM19980526.0730.0229: 0.10279852904671555
VOM19980524.0700.0492: 0.10224181946053448
VOM19980403.0700.3400: 0.1019766340607371
VOM19980304.0700.0408: 0.10130481785863718
VOM19980220.0700.0672: 0.09951154202057078
VOM19980222.0700.2119: 0.09945577027185849
VOM19980304.0900.0353: 0.09823260383434368
