VOM19980410.0900.0241: 0.2173221471977733
VOM19980225.0900.0332: 0.20421871282803172
VOM19980305.0900.1736: 0.19281410879594485
VOM19980326.0900.2164: 0.19251885172722633
VOM19980326.0700.2359: 0.19251885172722633
VOM19980301.0700.0393: 0.18499689708061853
VOM19980526.0730.0229: 0.184440848641963
VOM19980317.0900.2819: 0.179387853712341
VOM19980302.0900.0402: 0.1774427901468537
VOM19980227.0900.3069: 0.1770627326593602
VOM19980223.0700.0664: 0.1760143946546572
VOM19980222.0700.2148: 0.17462871037597752
VOM19980404.0700.0406: 0.17284270433717133
