VOM19980531.0700.0040: 0.1757327992481034
VOM19980602.0900.0127: 0.17334084219135742
VOM19980605.0730.0042: 0.1712416162408288
VOM19980605.0900.0045: 0.1712416162408288
VOM19980220.0900.3537: 0.16335089543999026
VOM19980602.0700.0166: 0.1535971195240916
VOM19980605.0700.0040: 0.14552846940260428
VOM19980628.0700.0527: 0.13838856209077452
VOM19980531.0730.0006: 0.13438191533999588
VOM19980606.0730.0234: 0.12690770320003006
VOM19980606.0700.0206: 0.12690770320003006
VOM19980315.0700.1828: 0.12474614678410735
VOM19980603.0900.0074: 0.12253643606020422
