VOM19980603.0700.0103: 0.1993088113477312
VOM19980616.0730.0180: 0.17768384281379596
VOM19980616.0900.0100: 0.17695533463146376
VOM19980616.0730.0252: 0.15480591520440978
VOM19980616.0900.0077: 0.15480591520440978
VOM19980531.0700.0120: 0.1441592790647312
VOM19980317.0700.0723: 0.12822776160569893
VOM19980618.0900.0057: 0.12703957485857892
VOM19980529.0730.0042: 0.11908234555428127
VOM19980529.0900.0046: 0.11908234555428127
VOM19980224.0900.2345: 0.11622982663371016
VOM19980319.0900.2169: 0.11298662081613613
VOM19980604.0700.0039: 0.10911320251965437
