VOM19980315.0700.1310: 0.17901465235793113
VOM19980226.0900.2900: 0.16181472506364286
VOM19980326.0900.0149: 0.15899130383765206
VOM19980325.0900.2040: 0.14110926309808325
VOM19980325.0900.0124: 0.1381366929631815
VOM19980624.0730.0254: 0.1369539189432238
VOM19980628.0700.0316: 0.132081932193968
VOM19980220.0900.1332: 0.12375495071495685
VOM19980624.0700.0382: 0.12215058806555282
VOM19980606.0730.0134: 0.11971834728709105
VOM19980319.0700.0496: 0.1172236851914399
VOM19980226.0900.3196: 0.11706647109721204
VOM19980506.0900.0257: 0.11636285888038286
