VOM19980526.0900.0124: 0.1261232228597918
VOM19980616.0730.0180: 0.12532265991369088
VOM19980616.0900.0100: 0.12480883388576978
VOM19980225.0900.1919: 0.1231046089987787
VOM19980225.0900.0216: 0.12179861736352812
VOM19980526.0730.0065: 0.12110764464771107
VOM19980319.0900.0364: 0.1195457780361012
VOM19980222.0700.0448: 0.11846232452766994
VOM19980302.0700.0484: 0.11548209484970867
VOM19980316.0900.2774: 0.1144291221891402
VOM19980404.0700.1061: 0.11287206886504174
VOM19980225.0900.0714: 0.1114493573304058
VOM19980623.0700.0472: 0.10643960989977988
