VOM19980314.0700.2522: 0.08666610984836805
VOM19980223.0700.1993: 0.0836158955582036
VOM19980226.0900.0622: 0.08258598933000667
VOM19980224.0700.2219: 0.08201748353874116
VOM19980220.0900.2583: 0.07835996146898902
VOM19980222.0700.0448: 0.07522445099449805
VOM19980223.0900.2288: 0.07365527932056193
VOM19980223.0900.2973: 0.07270046071153441
VOM19980226.0900.2027: 0.07234010681790436
VOM19980225.0900.1428: 0.07055969220569087
VOM19980316.0900.2108: 0.07051869859909518
VOM19980304.0900.1406: 0.06915812365303985
VOM19980220.0700.2208: 0.06914887353684537
