VOM19980624.0730.0117: 0.14956857071824575
VOM19980603.0700.0457: 0.14583730508514262
VOM19980326.0900.3298: 0.14369297601269346
VOM19980603.0730.0240: 0.13364442033237955
VOM19980613.0700.0546: 0.13293990944025944
VOM19980225.0900.2065: 0.1227349321360419
VOM19980526.0730.0229: 0.12022437294039386
VOM19980524.0700.0492: 0.118278861023192
VOM19980304.0700.0408: 0.11819726517619351
VOM19980220.0700.0672: 0.11778883386251919
VOM19980222.0700.2119: 0.11399312296832811
VOM19980304.0900.0353: 0.11275668648403843
VOM19980403.0700.3400: 0.11234397511469961
