VOM19980410.0900.0241: 0.08873251858220986
VOM19980220.0700.2814: 0.08420420164643463
VOM19980301.0700.0393: 0.08043571614451978
VOM19980326.0900.2164: 0.08021320258595514
VOM19980326.0700.2359: 0.08020898309001076
VOM19980224.0900.3022: 0.07605625756357476
VOM19980613.0700.0555: 0.07112768852106156
VOM19980223.0700.1511: 0.07088965640772502
VOM19980315.0700.2508: 0.07032828570139285
VOM19980227.0900.3069: 0.0698255819272793
VOM19980314.0700.0818: 0.06510193457654193
VOM19980302.0900.0871: 0.06307726836780335
VOM19980620.0700.0552: 0.06095286099478123
