VOM19980326.0900.3298: 0.1421003193862315
VOM19980624.0730.0117: 0.13747839596206002
VOM19980603.0700.0457: 0.10655984245180943
VOM19980603.0730.0240: 0.0991566394428821
VOM19980526.0730.0229: 0.09876069298923155
VOM19980403.0700.3400: 0.09727084626978733
VOM19980327.0900.2035: 0.09404038733498275
VOM19980223.0700.0800: 0.08771286009941341
VOM19980613.0700.0546: 0.08688122115693267
VOM19980220.0700.0672: 0.08564171853149705
VOM19980527.0700.0466: 0.08428411616216407
VOM19980529.0900.0173: 0.08410856193733501
VOM19980311.0700.0357: 0.08381980833888725
