VOM19980311.0700.1487: 0.20464430893535676
VOM19980630.0900.0230: 0.20075043601422168
VOM19980303.0900.2128: 0.18758440169897803
VOM19980316.0700.0776: 0.16724406647728055
VOM19980303.0900.0396: 0.16063616187275512
VOM19980304.0700.1058: 0.15791448875262717
VOM19980319.0700.2737: 0.1538249174296018
VOM19980621.0700.0565: 0.1302109543295042
VOM19980304.0700.1276: 0.12240696527572542
VOM19980305.0900.2093: 0.11756861421681261
VOM19980316.0700.0702: 0.1175087520668013
VOM19980225.0700.0585: 0.11626361316895067
VOM19980306.0700.0971: 0.11322427978101288
