VOM19980424.0900.0178: 0.2662283443595084
VOM19980225.0900.2118: 0.26407261378462477
VOM19980225.0900.0421: 0.26407261378462477
VOM19980507.0700.0521: 0.2536807968823967
VOM19980511.0900.0004: 0.25031948894825323
VOM19980327.0900.2123: 0.25010210333282584
VOM19980511.0730.0099: 0.24918166719880075
VOM19980511.0700.0193: 0.2471557663714901
VOM19980302.0900.1291: 0.24518373516542205
VOM19980305.0700.0436: 0.24139748818321968
VOM19980511.0730.0003: 0.2401460532140369
VOM19980511.0700.0039: 0.2401460532140369
VOM19980302.0700.3469: 0.23816525581123343
