VOM19980507.0700.0521: 0.2221512287426253
VOM19980511.0900.0004: 0.19803644138565615
VOM19980511.0730.0003: 0.19340867564630057
VOM19980511.0700.0039: 0.19340867564630057
VOM19980529.0900.0148: 0.1720933499860235
VOM19980529.0730.0148: 0.1669713216166086
VOM19980529.0700.0334: 0.1393150554653686
VOM19980302.0900.1291: 0.12941106982493958
VOM19980301.0700.0168: 0.11635201655947722
VOM19980225.0900.2118: 0.1143153272311145
VOM19980225.0900.0421: 0.1143153272311145
VOM19980424.0900.0178: 0.11099798664798484
VOM19980511.0730.0099: 0.11046288454148363
