VOM19980303.0700.0783: 0.1218526713780599
VOM19980530.0700.0107: 0.11051214247120209
VOM19980530.0730.0037: 0.10999116136617608
VOM19980305.0900.2166: 0.108153260725527
VOM19980315.0700.2670: 0.10760636667155775
VOM19980305.0900.1046: 0.10639323077676989
VOM19980326.0900.0118: 0.103858922471733
VOM19980303.0700.2491: 0.10237413104257949
VOM19980224.0700.2219: 0.1017656459590324
VOM19980224.0700.1530: 0.10083915317503439
VOM19980302.0900.2091: 0.09920614332465988
VOM19980612.0700.0080: 0.09899818112818706
VOM19980623.0900.0051: 0.09842821022477694
