VOM19980507.0700.0521: 0.1496639971950843
VOM19980511.0900.0004: 0.13094621335375753
VOM19980529.0900.0148: 0.127209087824968
VOM19980511.0730.0003: 0.12445690320289345
VOM19980511.0700.0039: 0.12445690320289345
VOM19980529.0730.0148: 0.11994161022913058
VOM19980302.0900.1291: 0.11043118836967777
VOM19980529.0700.0334: 0.09919328621739215
VOM19980327.0900.2123: 0.08967233880899093
VOM19980403.0700.2482: 0.08938424317530085
VOM19980302.0700.0779: 0.08539392940893027
VOM19980302.0700.3469: 0.08437549441497737
VOM19980306.0700.1916: 0.08344322027726535
