VOM19980325.0900.3341: 0.19866864271156084
VOM19980522.0700.0456: 0.12292872453718082
VOM19980607.0730.0033: 0.10603585158896328
VOM19980326.0700.1668: 0.09951242662920808
VOM19980522.0730.0286: 0.09088476056894908
VOM19980630.0900.0127: 0.08508072837363018
VOM19980312.0900.3445: 0.08085518103003489
VOM19980312.0900.1896: 0.08085518103003489
VOM19980306.0700.2852: 0.07922528181896976
VOM19980224.0700.2219: 0.07911456938808817
VOM19980325.0900.2179: 0.07734496609713742
VOM19980326.0900.3442: 0.07578394849594466
VOM19980312.0900.0990: 0.07574361977810762
