VOM19980508.0700.0362: 0.21372456743582183
VOM19980510.0730.0001: 0.2032739153884227
VOM19980508.0730.0003: 0.2015130869877562
VOM19980507.0700.0242: 0.20074040175045332
VOM19980508.0900.0007: 0.20035838934586223
VOM19980506.0700.0042: 0.20013423080919773
VOM19980506.0900.0006: 0.1985337894996773
VOM19980507.0730.0066: 0.1977411556180393
VOM19980509.0730.0027: 0.19728499898257976
VOM19980507.0900.0040: 0.192070833471846
VOM19980509.0700.0089: 0.19131245203213604
VOM19980510.0700.0040: 0.19064479979704982
VOM19980327.0900.0221: 0.18134356569952936
