VOM19980603.0700.0103: 0.24298386424141852
VOM19980616.0730.0180: 0.1976576846939476
VOM19980616.0900.0100: 0.19684779903632557
VOM19980616.0730.0252: 0.18209423087548626
VOM19980616.0900.0077: 0.18209423087548626
VOM19980531.0700.0120: 0.16608450851652873
VOM19980319.0900.2169: 0.15870725537695357
VOM19980618.0900.0057: 0.15391236780612433
VOM19980317.0700.0723: 0.14913565777051574
VOM19980529.0730.0042: 0.14422104572471767
VOM19980529.0900.0046: 0.14422104572471767
VOM19980529.0700.0168: 0.13965531876270554
VOM19980224.0900.2345: 0.1376779443003472
