VOM19980326.0900.3298: 0.14399664821420893
VOM19980624.0730.0117: 0.1391082479570282
VOM19980603.0700.0457: 0.10639918018399762
VOM19980526.0730.0229: 0.10285310411405153
VOM19980603.0730.0240: 0.10006852022519717
VOM19980327.0900.2035: 0.09784868986529896
VOM19980403.0700.3400: 0.09768699976382725
VOM19980613.0700.0546: 0.09281415256797158
VOM19980223.0700.0800: 0.09008248899871406
VOM19980311.0700.0357: 0.08851250788695253
VOM19980220.0700.0672: 0.08846431425222208
VOM19980529.0900.0173: 0.08797359154569813
VOM19980527.0700.0466: 0.08553108794501507
