VOM19980303.0700.0783: 0.15728608098263785
VOM19980303.0700.2491: 0.15422379511892345
VOM19980224.0700.2219: 0.1541592284571782
VOM19980302.0900.2091: 0.15116072109284973
VOM19980305.0900.2166: 0.1505883432853042
VOM19980305.0900.1046: 0.14706442010372153
VOM19980302.0700.2334: 0.14452490674004584
VOM19980316.0900.2108: 0.1430366953639881
VOM19980303.0900.2868: 0.1406864941485211
VOM19980325.0900.1209: 0.1404162016925577
VOM19980315.0700.2670: 0.14017813663104337
VOM19980319.0700.2278: 0.1384732463196396
VOM19980225.0900.0714: 0.13659898581281607
