VOM19980602.0900.0127: 0.23849392086844354
VOM19980531.0700.0040: 0.22030903290285617
VOM19980220.0900.3537: 0.2142683005515711
VOM19980628.0700.0527: 0.21135235161036078
VOM19980602.0700.0166: 0.2026063723389807
VOM19980605.0900.0045: 0.2010354820843447
VOM19980531.0730.0006: 0.19916780186803001
VOM19980605.0730.0042: 0.19487058399151022
VOM19980315.0700.1828: 0.1923080306404692
VOM19980626.0700.0539: 0.17269075147148155
VOM19980606.0730.0234: 0.16980004336144333
VOM19980604.0900.0159: 0.16902355193844695
VOM19980606.0700.0206: 0.16704231258467667
