VOM19980315.0700.1310: 0.17915569418723087
VOM19980226.0900.2900: 0.16182671320490133
VOM19980326.0900.0149: 0.15893975703863356
VOM19980325.0900.2040: 0.14063776231272018
VOM19980325.0900.0124: 0.13770439877164123
VOM19980624.0730.0254: 0.1365084064597828
VOM19980628.0700.0316: 0.13165736567898978
VOM19980220.0900.1332: 0.12355288202488494
VOM19980624.0700.0382: 0.12184925834907778
VOM19980606.0730.0134: 0.11945716138116165
VOM19980226.0900.3196: 0.11703135966847703
VOM19980319.0700.0496: 0.11654609956989245
VOM19980506.0900.0257: 0.11551085132951595
