VOM19980315.0700.1310: 0.17842153911822511
VOM19980226.0900.2900: 0.1610554472377708
VOM19980326.0900.0149: 0.15839053143704027
VOM19980325.0900.2040: 0.14061669087042783
VOM19980325.0900.0124: 0.13760810153066336
VOM19980624.0730.0254: 0.13633117141028867
VOM19980628.0700.0316: 0.1315503455415789
VOM19980220.0900.1332: 0.12308483604939711
VOM19980624.0700.0382: 0.12143374014738809
VOM19980606.0730.0134: 0.11888154187708347
VOM19980319.0700.0496: 0.11667278671314674
VOM19980226.0900.3196: 0.11617758399278351
VOM19980506.0900.0257: 0.1157524175412928
