VOM19980326.0900.3298: 0.14277695967570742
VOM19980624.0730.0117: 0.13850592543219653
VOM19980603.0700.0457: 0.10806839926783193
VOM19980603.0730.0240: 0.1005860800879724
VOM19980526.0730.0229: 0.10016577125464533
VOM19980403.0700.3400: 0.0984817611719253
VOM19980327.0900.2035: 0.09524099132736495
VOM19980223.0700.0800: 0.0888987981315469
VOM19980613.0700.0546: 0.08815071989710992
VOM19980220.0700.0672: 0.08766382185107273
VOM19980527.0700.0466: 0.08596829538256937
VOM19980529.0900.0173: 0.08489211502863986
VOM19980225.0900.2065: 0.08456364280903221
