VOM19980508.0700.0362: 0.21020872461123108
VOM19980510.0730.0001: 0.2022185869681544
VOM19980506.0700.0042: 0.20117652072413944
VOM19980506.0900.0006: 0.2003383730593444
VOM19980508.0730.0003: 0.19989408815194978
VOM19980508.0900.0007: 0.1991059802281229
VOM19980509.0730.0027: 0.19848873163188566
VOM19980507.0730.0066: 0.19845436990364698
VOM19980507.0700.0242: 0.19816579742781898
VOM19980507.0900.0040: 0.19283164373822353
VOM19980509.0700.0089: 0.19200391714588302
VOM19980510.0700.0040: 0.18757501702683968
VOM19980605.0900.0236: 0.18557010047251807
