VOM19980315.0700.1310: 0.17269668935416785
VOM19980226.0900.2900: 0.15837986310790844
VOM19980326.0900.0149: 0.15067960169767738
VOM19980325.0900.2040: 0.13226123414335192
VOM19980325.0900.0124: 0.12933174899362404
VOM19980624.0730.0254: 0.12736814613082048
VOM19980628.0700.0316: 0.12382060642648733
VOM19980220.0900.1332: 0.12103445244883888
VOM19980624.0700.0382: 0.11446010941896902
VOM19980226.0900.3196: 0.11250190935504105
VOM19980606.0730.0134: 0.1115186522967816
VOM19980319.0700.0496: 0.1100988916671635
VOM19980506.0900.0257: 0.10677783908264689
