VOM19980507.0700.0521: 0.2131742202461917
VOM19980511.0900.0004: 0.1926734328888291
VOM19980511.0730.0003: 0.18527647596667438
VOM19980511.0700.0039: 0.18527647596667438
VOM19980424.0900.0178: 0.1657239547029813
VOM19980511.0730.0099: 0.1605658409772984
VOM19980302.0900.1291: 0.15645412560526284
VOM19980225.0900.2118: 0.15487675594047337
VOM19980225.0900.0421: 0.15487675594047337
VOM19980529.0900.0148: 0.15404536111929343
VOM19980524.0730.0003: 0.1454037403786477
VOM19980511.0900.0067: 0.14436603969457598
VOM19980327.0900.2123: 0.1439743908942633
