VOM19980311.0700.1487: 0.23858419314653967
VOM19980303.0900.2128: 0.22212802806691326
VOM19980304.0700.1058: 0.22117864625989112
VOM19980630.0900.0230: 0.22075021750543136
VOM19980316.0700.0776: 0.20547544984359103
VOM19980319.0700.2737: 0.2038319638704089
VOM19980303.0900.0396: 0.1995662459838742
VOM19980326.0700.1793: 0.1730210106775807
VOM19980306.0700.0971: 0.17112349976683822
VOM19980523.0700.0189: 0.16796911099582854
VOM19980316.0700.0944: 0.16439857754187573
VOM19980305.0900.2093: 0.16356432081465822
VOM19980225.0700.0585: 0.15968261902841113
