VOM19980314.0700.1261: 0.23532433523640284
VOM19980223.0700.1993: 0.2156239731639533
VOM19980314.0700.0818: 0.21448240901676577
VOM19980317.0700.0156: 0.20652200704174503
VOM19980317.0700.0723: 0.20444345202513464
VOM19980317.0700.0924: 0.202737858610324
VOM19980403.0900.2349: 0.20264602428786097
VOM19980225.0900.1275: 0.1942738903464395
VOM19980302.0900.0871: 0.192694597801009
VOM19980223.0900.2779: 0.19266398033300944
VOM19980326.0900.0433: 0.18984352335385327
VOM19980613.0700.0112: 0.1896536200133186
VOM19980319.0700.2536: 0.18959995651501693
