VOM19980410.0900.0241: 0.15154412491750788
VOM19980301.0700.0393: 0.13195751111008838
VOM19980225.0900.0332: 0.11393730251541595
VOM19980326.0900.2164: 0.1102710320938616
VOM19980326.0700.2359: 0.11026727433809987
VOM19980607.0700.0385: 0.10955731513319827
VOM19980607.0730.0163: 0.10955731513319827
VOM19980526.0730.0229: 0.10761509655817837
VOM19980220.0700.2814: 0.10487558022151953
VOM19980515.0900.0007: 0.10358635822762138
VOM19980620.0700.0552: 0.10209405628312576
VOM19980305.0900.1736: 0.10150433409471192
VOM19980315.0700.2508: 0.10034509116781969
