VOM19980315.0700.1310: 0.18205407967636952
VOM19980226.0900.2900: 0.16485578879180954
VOM19980326.0900.0149: 0.1622608013239896
VOM19980325.0900.2040: 0.14352462765532314
VOM19980325.0900.0124: 0.14072035783997403
VOM19980624.0730.0254: 0.13998553595790877
VOM19980628.0700.0316: 0.13470544469589762
VOM19980220.0900.1332: 0.12619699988134517
VOM19980624.0700.0382: 0.12546407254062736
VOM19980606.0730.0134: 0.123558403042764
VOM19980226.0900.3196: 0.12079370187126778
VOM19980319.0700.0496: 0.11964078330251336
VOM19980506.0900.0257: 0.11897646520621323
