VOM19980527.0700.0042: 0.15610159356152667
VOM19980527.0730.0003: 0.14960186249234977
VOM19980527.0900.0008: 0.14048890272611173
VOM19980515.0900.0007: 0.1383942374245273
VOM19980524.0730.0061: 0.13296154474812502
VOM19980524.0700.0265: 0.13296154474812502
VOM19980515.0730.0053: 0.12499918003604346
VOM19980226.0900.1367: 0.11378969415146703
VOM19980421.0900.0146: 0.11361911164800544
VOM19980515.0700.0102: 0.11172511540004657
VOM19980501.0700.0297: 0.10866800617317353
VOM19980620.0700.0143: 0.10469502853177247
VOM19980527.0900.0223: 0.10276829528445061
