VOM19980527.0700.0042: 0.15899918593945742
VOM19980515.0900.0007: 0.15620311936181433
VOM19980226.0900.1367: 0.14559420751795385
VOM19980527.0730.0003: 0.1443655558208581
VOM19980515.0730.0053: 0.14206349453355943
VOM19980524.0730.0061: 0.1406057492183645
VOM19980524.0700.0265: 0.1406057492183645
VOM19980515.0700.0102: 0.13722858168875776
VOM19980527.0900.0008: 0.13647172313743275
VOM19980302.0700.1233: 0.1313158032309491
VOM19980403.0700.2289: 0.12868171497305267
VOM19980305.0900.2166: 0.12751213416230914
VOM19980223.0900.2288: 0.125187667694119
