VOM19980306.0700.1305: 0.12424112186004888
VOM19980505.0700.0193: 0.12272566721644297
VOM19980507.0700.0127: 0.12213556513906794
VOM19980421.0900.0146: 0.11719656670574881
VOM19980623.0700.0314: 0.11440101801045122
VOM19980319.0900.2169: 0.11349665102228505
VOM19980415.0900.0022: 0.11244379999166415
VOM19980511.0700.0080: 0.1093409242186694
VOM19980511.0730.0040: 0.1093409242186694
VOM19980521.0700.0039: 0.10916237934365867
VOM19980623.0900.0242: 0.1077410040149996
VOM19980501.0730.0291: 0.10742173748054777
VOM19980302.0700.3507: 0.10728744671260793
