VOM19980306.0700.1305: 0.0897041034039307
VOM19980505.0700.0193: 0.08764627732509071
VOM19980314.0700.2522: 0.08450482217203795
VOM19980507.0700.0127: 0.07964254226209602
VOM19980319.0900.2169: 0.07908577386152822
VOM19980226.0900.0622: 0.07906278885360664
VOM19980623.0700.0314: 0.07474230792426657
VOM19980223.0900.2288: 0.07436016469130353
VOM19980415.0900.0022: 0.07422813990671166
VOM19980515.0900.0007: 0.07339420593133364
VOM19980521.0700.0039: 0.07327086227068616
VOM19980223.0700.1993: 0.07289547742514974
VOM19980306.0700.1383: 0.07188399723366846
