VOM19980325.0900.3341: 0.1914353707379477
VOM19980522.0700.0456: 0.11721805323678425
VOM19980607.0730.0033: 0.09751220586653875
VOM19980326.0700.1668: 0.09705332281956623
VOM19980630.0900.0127: 0.07952653743979637
VOM19980224.0700.2219: 0.07893556585305622
VOM19980306.0700.2852: 0.0785023130928727
VOM19980522.0730.0286: 0.07694480146875798
VOM19980312.0900.0990: 0.07469678195826661
VOM19980312.0900.3445: 0.07368836982508377
VOM19980312.0900.1896: 0.07368836982508377
VOM19980326.0900.3442: 0.07266050832358646
VOM19980326.0700.1793: 0.07253589000407804
