VOM19980303.0700.0783: 0.16346047820330506
VOM19980326.0900.0118: 0.15048140462289922
VOM19980612.0700.0080: 0.15033784882118637
VOM19980224.0700.1530: 0.14667991774191552
VOM19980305.0900.2166: 0.1451215399270213
VOM19980530.0700.0107: 0.14136843644856803
VOM19980326.0700.0452: 0.13964317039906407
VOM19980315.0700.2670: 0.1383939362708247
VOM19980623.0900.0051: 0.13807710415155497
VOM19980305.0900.1046: 0.136970427759402
VOM19980223.0700.0240: 0.13363300961668056
VOM19980303.0700.2491: 0.1330988763417569
VOM19980602.0700.0199: 0.13255217101460942
