VOM19980326.0900.3298: 0.13117767663673707
VOM19980624.0730.0117: 0.12516718726807455
VOM19980603.0700.0457: 0.09891880889253585
VOM19980603.0730.0240: 0.09040945244824547
VOM19980403.0700.3400: 0.08934564870397305
VOM19980526.0730.0229: 0.08424116370342731
VOM19980327.0900.2035: 0.08159688372261911
VOM19980223.0700.0800: 0.07679222956686654
VOM19980227.0900.2416: 0.0747380513356305
VOM19980311.0700.0357: 0.07456766110106514
VOM19980527.0700.0466: 0.07455367559059753
VOM19980220.0700.0672: 0.07279503228506277
VOM19980613.0700.0546: 0.07219787358364045
