VOM19980314.0700.1261: 0.17871375764607417
VOM19980223.0700.1993: 0.15135681852744862
VOM19980403.0900.2349: 0.15016459014521374
VOM19980314.0700.0818: 0.1418843362995756
VOM19980224.0700.2219: 0.1415340626904952
VOM19980303.0700.2491: 0.13750776770291795
VOM19980317.0700.0924: 0.1364509156760137
VOM19980317.0900.0757: 0.13554495411441245
VOM19980220.0900.2138: 0.13491106390559823
VOM19980317.0700.0723: 0.13230114306113083
VOM19980225.0900.1275: 0.1313139656895055
VOM19980223.0900.2779: 0.13094185495993702
VOM19980225.0900.1029: 0.13079744467601057
