VOM19980603.0900.0074: 0.2897190428920555
VOM19980605.0730.0276: 0.24399995660560583
VOM19980604.0900.0213: 0.24242100048636323
VOM19980603.0730.0280: 0.2394660044736249
VOM19980604.0730.0250: 0.21491616115583284
VOM19980606.0700.0354: 0.2085429100550978
VOM19980605.0700.0440: 0.20534140788574484
VOM19980606.0730.0134: 0.16933565898728195
VOM19980509.0730.0100: 0.1352648163336918
VOM19980224.0900.2258: 0.11420091902180227
VOM19980502.0700.0438: 0.11271554057898218
VOM19980305.0700.0276: 0.10072409188593495
VOM19980605.0900.0045: 0.09912792104060879
