VOM19980314.0700.1911: 0.2126120388437044
VOM19980314.0700.0239: 0.21062587928828502
VOM19980327.0900.2123: 0.1717391471775988
VOM19980316.0900.1667: 0.170419442999605
VOM19980316.0900.1861: 0.1573974675408171
VOM19980303.0900.1926: 0.14278067628277977
VOM19980311.0700.1883: 0.1424884241153537
VOM19980228.0700.0448: 0.14208964758960815
VOM19980302.0700.3423: 0.1408011164231828
VOM19980303.0900.3358: 0.1399603365503342
VOM19980302.0700.2096: 0.13505226477615875
VOM19980623.0700.0507: 0.1341008120462886
VOM19980623.0730.0101: 0.1341008120462886
