VOM19980303.0700.0783: 0.12333523812615424
VOM19980530.0730.0037: 0.1137538228100242
VOM19980326.0900.0118: 0.11367133292537107
VOM19980530.0700.0107: 0.11262359352058068
VOM19980305.0900.2166: 0.1095511609562387
VOM19980315.0700.2670: 0.10925126720437016
VOM19980305.0900.1046: 0.10714692455428257
VOM19980224.0700.1530: 0.10473925327247617
VOM19980303.0700.2491: 0.10239832752805292
VOM19980612.0700.0080: 0.10231881905679995
VOM19980224.0700.2219: 0.10162842150791006
VOM19980623.0900.0051: 0.10114125075139724
VOM19980302.0900.2091: 0.0991179400618298
