VOM19980616.0730.0180: 0.12041211259014256
VOM19980616.0900.0100: 0.11997011274015207
VOM19980526.0900.0124: 0.11960547686855877
VOM19980225.0900.1919: 0.11473174003570837
VOM19980526.0730.0065: 0.11455026670365319
VOM19980319.0900.0364: 0.11416778137789972
VOM19980225.0900.0216: 0.1134252267763938
VOM19980222.0700.0448: 0.1123443827391903
VOM19980302.0700.0484: 0.10934106014369717
VOM19980316.0900.2774: 0.10862112487466852
VOM19980404.0700.1061: 0.10729024202838502
VOM19980225.0900.0714: 0.10546549549415873
VOM19980221.0700.2690: 0.10007082482762378
