VOM19980315.0700.1310: 0.1752181838150745
VOM19980226.0900.2900: 0.15857222606958896
VOM19980326.0900.0149: 0.15495622529977557
VOM19980325.0900.2040: 0.13816914313986486
VOM19980325.0900.0124: 0.1350762674292368
VOM19980624.0730.0254: 0.1335201652226541
VOM19980628.0700.0316: 0.12911820921839395
VOM19980220.0900.1332: 0.12139537876880292
VOM19980624.0700.0382: 0.11882083069025239
VOM19980606.0730.0134: 0.11608456200115393
VOM19980319.0700.0496: 0.11469755553328752
VOM19980506.0900.0257: 0.11370842914590823
VOM19980226.0900.3196: 0.11369709579935733
