VOM19980311.0700.1487: 0.23629757802327395
VOM19980303.0900.2128: 0.22729881103777205
VOM19980630.0900.0230: 0.20857386952427404
VOM19980304.0700.1058: 0.2071052503647689
VOM19980303.0900.0396: 0.2050299650352817
VOM19980621.0700.0565: 0.18411887439956684
VOM19980316.0700.0776: 0.18354444023004693
VOM19980523.0700.0189: 0.17366220066897786
VOM19980319.0700.2737: 0.17354455052054402
VOM19980305.0900.2093: 0.1669120160128566
VOM19980306.0700.0971: 0.16381113925627785
VOM19980225.0700.0585: 0.16239882115260196
VOM19980316.0700.0944: 0.1523343232570928
