VOM19980326.0900.3298: 0.1311865170881875
VOM19980624.0730.0117: 0.12517572055620355
VOM19980603.0700.0457: 0.09890718427434285
VOM19980603.0730.0240: 0.09040238984303448
VOM19980403.0700.3400: 0.08934714494242975
VOM19980526.0730.0229: 0.08425074394954052
VOM19980327.0900.2035: 0.08160438554324612
VOM19980223.0700.0800: 0.07680000650587913
VOM19980227.0900.2416: 0.074736855998475
VOM19980311.0700.0357: 0.07458066600543019
VOM19980527.0700.0466: 0.07455533208461812
VOM19980220.0700.0672: 0.07279686780023488
VOM19980613.0700.0546: 0.07219482629358291
