VOM19980311.0700.1487: 0.2249373364073066
VOM19980304.0700.1058: 0.20779606912118034
VOM19980630.0900.0230: 0.2074651616817746
VOM19980303.0900.2128: 0.20716178043341182
VOM19980319.0700.2737: 0.19349727126766308
VOM19980316.0700.0776: 0.19347825158503942
VOM19980303.0900.0396: 0.18481485418193389
VOM19980326.0700.1793: 0.16160799578333837
VOM19980306.0700.0971: 0.1579734989959851
VOM19980316.0700.0944: 0.1517925379385802
VOM19980523.0700.0189: 0.15037666703619568
VOM19980305.0900.2093: 0.14718895685366523
VOM19980304.0700.1276: 0.14680874160855217
