VOM19980605.0900.0045: 0.2124640555115585
VOM19980605.0730.0042: 0.20609058431797148
VOM19980531.0700.0040: 0.20409690104407913
VOM19980602.0900.0127: 0.1982588342443496
VOM19980531.0730.0006: 0.17788548540773644
VOM19980605.0700.0040: 0.17216286320448715
VOM19980602.0700.0166: 0.17126150304556653
VOM19980628.0700.0527: 0.1711926473771767
VOM19980220.0900.3537: 0.16567155251494048
VOM19980526.0730.0229: 0.16205842365911896
VOM19980315.0700.1828: 0.16137580987823005
VOM19980606.0730.0234: 0.15138515514023265
VOM19980606.0700.0206: 0.14899768248834366
