VOM19980325.0900.3341: 0.20839840442729046
VOM19980522.0700.0456: 0.12940928503063864
VOM19980607.0730.0033: 0.11566205973150073
VOM19980326.0700.1668: 0.10779424340354925
VOM19980522.0730.0286: 0.10053192264521843
VOM19980630.0900.0127: 0.09353681405675206
VOM19980312.0900.3445: 0.08819916259845845
VOM19980312.0900.1896: 0.08819916259845845
VOM19980306.0700.2852: 0.08523567780838201
VOM19980224.0700.2219: 0.0834506816951449
VOM19980326.0900.3442: 0.08294395863186622
VOM19980312.0900.0990: 0.08244820567223614
VOM19980607.0700.0121: 0.08141568437897084
