VOM19980311.0700.1487: 0.20177644808589826
VOM19980630.0900.0230: 0.1958588780025349
VOM19980303.0900.2128: 0.18183003261904288
VOM19980316.0700.0776: 0.16509714250334764
VOM19980304.0700.1058: 0.15663585824709877
VOM19980303.0900.0396: 0.1550025505064156
VOM19980319.0700.2737: 0.15307584477452754
VOM19980621.0700.0565: 0.12441182016385857
VOM19980304.0700.1276: 0.1212759382981883
VOM19980316.0700.0702: 0.11238976521298724
VOM19980305.0900.2093: 0.11190802035499461
VOM19980326.0700.1793: 0.11136275451555762
VOM19980306.0700.0971: 0.11095090564485267
