VOM19980314.0700.1261: 0.17365645212561645
VOM19980223.0700.1993: 0.14643221064320558
VOM19980403.0900.2349: 0.14495608026708032
VOM19980224.0700.2219: 0.13760857600617962
VOM19980314.0700.0818: 0.1365062812218038
VOM19980303.0700.2491: 0.1333844320293682
VOM19980317.0900.0757: 0.13122898299881888
VOM19980317.0700.0924: 0.1311577751145561
VOM19980220.0900.2138: 0.13005306878126605
VOM19980225.0900.1029: 0.1257701998691715
VOM19980317.0700.0723: 0.12575772587620648
VOM19980316.0900.2774: 0.12530364128283192
VOM19980223.0900.2779: 0.12520851716568165
