VOM19980325.0900.3341: 0.21231357226197492
VOM19980522.0700.0456: 0.1329926945481137
VOM19980607.0730.0033: 0.12029844540562937
VOM19980326.0700.1668: 0.11200509660343207
VOM19980522.0730.0286: 0.10450199663168874
VOM19980630.0900.0127: 0.09789263985272546
VOM19980312.0900.3445: 0.09205911040818314
VOM19980312.0900.1896: 0.09205911040818314
VOM19980306.0700.2852: 0.08862112020038979
VOM19980326.0900.3442: 0.0868845891770569
VOM19980312.0900.0990: 0.08612760741362849
VOM19980224.0700.2219: 0.08592362420790024
VOM19980607.0700.0121: 0.08563190158916481
