VOM19980314.0700.1261: 0.17679387308127706
VOM19980223.0700.1993: 0.14891806120127205
VOM19980403.0900.2349: 0.1481599314426291
VOM19980224.0700.2219: 0.13953495143191796
VOM19980314.0700.0818: 0.13928380027928625
VOM19980303.0700.2491: 0.1355333703963061
VOM19980317.0700.0924: 0.1340492547518275
VOM19980317.0900.0757: 0.13359934248831537
VOM19980220.0900.2138: 0.13328268020023373
VOM19980317.0700.0723: 0.13013955328986762
VOM19980225.0900.1275: 0.12958262636441636
VOM19980225.0900.1029: 0.12893728895495613
VOM19980223.0900.2779: 0.128817777141621
