VOM19980314.0700.1261: 0.20663128311672427
VOM19980223.0700.1993: 0.20287354437947352
VOM19980224.0700.2219: 0.19737333991418962
VOM19980314.0700.0818: 0.1957231579803823
VOM19980303.0700.2491: 0.18732547185111045
VOM19980403.0900.2349: 0.18310474254924727
VOM19980317.0900.0757: 0.18293211001159965
VOM19980317.0700.0924: 0.18062224618452363
VOM19980302.0900.2091: 0.17981085907619246
VOM19980403.0700.0727: 0.1793005355581592
VOM19980225.0700.2209: 0.17888714381816975
VOM19980319.0700.1102: 0.17620439576023514
VOM19980306.0700.1916: 0.17461924208923585
