VOM19980306.0700.1305: 0.09505363568697588
VOM19980505.0700.0193: 0.09315197390226986
VOM19980314.0700.2522: 0.08612314317056767
VOM19980507.0700.0127: 0.08591526860113365
VOM19980319.0900.2169: 0.08426526989210409
VOM19980623.0700.0314: 0.08093902162581673
VOM19980226.0900.0622: 0.08090329054109027
VOM19980415.0900.0022: 0.08014344549327553
VOM19980521.0700.0039: 0.07838869120308085
VOM19980515.0900.0007: 0.07758721715166302
VOM19980306.0700.1383: 0.07675510849856655
VOM19980223.0900.2288: 0.07596814592607685
VOM19980410.0900.0104: 0.07460416365702124
