VOM19980303.0700.0783: 0.13273400432311136
VOM19980326.0900.0118: 0.11999326410500197
VOM19980530.0700.0107: 0.11820429823007188
VOM19980305.0900.2166: 0.1173443050842019
VOM19980315.0700.2670: 0.11714009198299759
VOM19980530.0730.0037: 0.11629413020823196
VOM19980305.0900.1046: 0.11489117794849567
VOM19980612.0700.0080: 0.11223464569511703
VOM19980224.0700.1530: 0.11223062345906772
VOM19980623.0900.0051: 0.10954202403304718
VOM19980303.0700.2491: 0.1094208139495514
VOM19980224.0700.2219: 0.10818046749838124
VOM19980302.0900.2091: 0.10557388734839697
