VOM19980222.0700.0448: 0.10812187931179075
VOM19980220.0700.2208: 0.10704440752550834
VOM19980221.0700.2690: 0.1049066036347061
VOM19980316.0900.2774: 0.1044504911013925
VOM19980221.0700.2087: 0.10276955713757621
VOM19980326.0900.2164: 0.10132567253479596
VOM19980326.0700.2359: 0.10132567253479596
VOM19980325.0900.0905: 0.10083589596324152
VOM19980225.0900.0714: 0.10021844641071959
VOM19980226.0900.2027: 0.09885276803419747
VOM19980403.0900.0619: 0.09870722537699846
VOM19980228.0700.0636: 0.09525864327989689
VOM19980302.0700.0484: 0.09472418008942125
