VOM19980325.0900.3341: 0.2123172060296067
VOM19980522.0700.0456: 0.13298622039336108
VOM19980607.0730.0033: 0.12030637144179848
VOM19980326.0700.1668: 0.11200653324713902
VOM19980522.0730.0286: 0.10451220724456387
VOM19980630.0900.0127: 0.09789619613056144
VOM19980312.0900.3445: 0.09206418655175375
VOM19980312.0900.1896: 0.09206418655175375
VOM19980306.0700.2852: 0.0886158221538066
VOM19980326.0900.3442: 0.08687847536993629
VOM19980312.0900.0990: 0.0861254725794977
VOM19980224.0700.2219: 0.08591945085257129
VOM19980607.0700.0121: 0.08563180566576697
