VOM19980605.0900.0045: 0.19424649160949303
VOM19980602.0900.0127: 0.19139735360215293
VOM19980531.0700.0040: 0.19042444347801557
VOM19980605.0730.0042: 0.18818857160954186
VOM19980602.0700.0166: 0.16401506986653994
VOM19980531.0730.0006: 0.15922215377661145
VOM19980605.0700.0040: 0.15620137817800406
VOM19980628.0700.0527: 0.1553970902716428
VOM19980220.0900.3537: 0.1547161240893046
VOM19980315.0700.1828: 0.146679752691254
VOM19980526.0730.0229: 0.1440290412916045
VOM19980606.0730.0234: 0.13672063220044683
VOM19980606.0700.0206: 0.1344749230192778
