VOM19980603.0700.0103: 0.1905436351437365
VOM19980616.0730.0180: 0.17265591439219807
VOM19980616.0900.0100: 0.17202214187031659
VOM19980616.0730.0252: 0.1530030295749406
VOM19980616.0900.0077: 0.1530030295749406
VOM19980531.0700.0120: 0.14004879669347212
VOM19980618.0900.0057: 0.12474855004935392
VOM19980317.0700.0723: 0.12140206161556194
VOM19980529.0730.0042: 0.11694377508157176
VOM19980529.0900.0046: 0.11694377508157176
VOM19980224.0900.2345: 0.10974401680033857
VOM19980319.0900.2169: 0.10502946985720783
VOM19980528.0900.0006: 0.10455619781665342
