VOM19980311.0700.1487: 0.21083258161899787
VOM19980630.0900.0230: 0.2048200970130862
VOM19980303.0900.2128: 0.19299592368758936
VOM19980316.0700.0776: 0.1715629327486884
VOM19980303.0900.0396: 0.16586945665390285
VOM19980304.0700.1058: 0.1640262186038018
VOM19980319.0700.2737: 0.15789223629269103
VOM19980621.0700.0565: 0.1365553927380941
VOM19980304.0700.1276: 0.12583044655717396
VOM19980305.0900.2093: 0.1228998446970329
VOM19980316.0700.0702: 0.12187127519327433
VOM19980225.0700.0585: 0.12147036811741661
VOM19980306.0700.0971: 0.11884329695234967
