VOM19980314.0700.1911: 0.21006052313925888
VOM19980314.0700.0239: 0.2082946858123999
VOM19980327.0900.2123: 0.1680859911868922
VOM19980316.0900.1667: 0.16592677453569687
VOM19980316.0900.1861: 0.15545102752122839
VOM19980228.0700.0448: 0.13988974526134051
VOM19980303.0900.1926: 0.13983840799575442
VOM19980311.0700.1883: 0.13979454172639044
VOM19980302.0700.3423: 0.13809216933446494
VOM19980303.0900.3358: 0.13707618674523128
VOM19980302.0700.2096: 0.13214072700554064
VOM19980623.0700.0507: 0.13077068851566973
VOM19980623.0730.0101: 0.13077068851566973
