VOM19980314.0700.1911: 0.18917717024417904
VOM19980314.0700.0239: 0.18810007946052068
VOM19980316.0900.1667: 0.1777597459691418
VOM19980327.0900.2123: 0.1732107727636625
VOM19980311.0700.1883: 0.17108985013195596
VOM19980228.0700.0448: 0.159128116735152
VOM19980302.0700.1749: 0.1452396728598157
VOM19980316.0900.1861: 0.1452361363880739
VOM19980319.0900.1922: 0.13942797229129214
VOM19980319.0900.0162: 0.1376132141644727
VOM19980305.0900.2891: 0.13604162249313032
VOM19980302.0700.1577: 0.13551353128428179
VOM19980227.0900.2836: 0.13528225023064883
