VOM19980508.0700.0362: 0.2123185849385113
VOM19980508.0730.0003: 0.19868457953134327
VOM19980508.0900.0007: 0.1942521349631241
VOM19980507.0700.0242: 0.19232501746317088
VOM19980510.0700.0040: 0.18813336579980464
VOM19980327.0900.0221: 0.1857789509011731
VOM19980506.0900.0006: 0.181753719274296
VOM19980506.0700.0042: 0.18046976168881737
VOM19980510.0730.0001: 0.17975810846253018
VOM19980509.0730.0027: 0.17669767281959758
VOM19980427.0900.0219: 0.17622870248706451
VOM19980509.0700.0089: 0.17344447728794257
VOM19980504.0700.0025: 0.17244507281239926
