VOM19980326.0900.3298: 0.13066706834781433
VOM19980624.0730.0117: 0.1257712366466663
VOM19980603.0700.0457: 0.09924952163638685
VOM19980603.0730.0240: 0.09035005359154413
VOM19980403.0700.3400: 0.09016368320368975
VOM19980526.0730.0229: 0.0833916455893343
VOM19980327.0900.2035: 0.08082587630207372
VOM19980223.0700.0800: 0.07728178124155587
VOM19980227.0900.2416: 0.07530972942973754
VOM19980527.0700.0466: 0.07472657702398877
VOM19980311.0700.0357: 0.07401698070468524
VOM19980220.0700.0672: 0.0721058103453305
VOM19980225.0900.2065: 0.07183827709275463
