VOM19980314.0700.1261: 0.1736777122458349
VOM19980223.0700.1993: 0.14645780476783235
VOM19980403.0900.2349: 0.1449745451663593
VOM19980224.0700.2219: 0.1376278179498127
VOM19980314.0700.0818: 0.1365341467086467
VOM19980303.0700.2491: 0.13340316776710012
VOM19980317.0900.0757: 0.1312437201544083
VOM19980317.0700.0924: 0.13118248136773356
VOM19980220.0900.2138: 0.13006898853269733
VOM19980225.0900.1029: 0.1257869843619922
VOM19980317.0700.0723: 0.12578115240190454
VOM19980316.0900.2774: 0.1253202054433456
VOM19980223.0900.2779: 0.12523002101010378
