VOM19980315.0700.1310: 0.2710786390627124
VOM19980226.0900.2900: 0.2543527874857917
VOM19980326.0900.0149: 0.24569214109141857
VOM19980606.0730.0134: 0.22989052461176884
VOM19980628.0700.0316: 0.2207663754263477
VOM19980226.0900.3196: 0.22056085937569098
VOM19980508.0700.0452: 0.21919864974047634
VOM19980624.0730.0254: 0.21776841933604948
VOM19980508.0730.0240: 0.21629522817435015
VOM19980325.0900.2040: 0.21125007409920984
VOM19980312.0900.2127: 0.21040932949551652
VOM19980508.0900.0211: 0.2100653726679565
VOM19980326.0900.3077: 0.2098765432098765
