VOM19980507.0700.0521: 0.22350220609464608
VOM19980511.0900.0004: 0.20033519221320098
VOM19980511.0730.0003: 0.195556100669816
VOM19980511.0700.0039: 0.195556100669816
VOM19980529.0900.0148: 0.17259682668458937
VOM19980529.0730.0148: 0.1667110381006317
VOM19980529.0700.0334: 0.14150731326598318
VOM19980302.0900.1291: 0.132789445948726
VOM19980225.0900.2118: 0.12172656293054096
VOM19980225.0900.0421: 0.12172656293054096
VOM19980301.0700.0168: 0.12002906839784785
VOM19980424.0900.0178: 0.11784585888544415
VOM19980511.0730.0099: 0.11562736749574118
