VOM19980303.0700.0783: 0.18450922983814097
VOM19980326.0900.0118: 0.17868872769805438
VOM19980612.0700.0080: 0.1728674902781149
VOM19980224.0700.1530: 0.1696739264895691
VOM19980326.0700.0452: 0.16908956301749145
VOM19980305.0900.2166: 0.16282882466308896
VOM19980623.0900.0051: 0.1604157782063336
VOM19980315.0700.2670: 0.15727081976226037
VOM19980223.0700.0240: 0.15696731028736904
VOM19980603.0730.0115: 0.15440732623178938
VOM19980303.0700.0324: 0.15416518572197394
VOM19980225.0900.0178: 0.1540099160246607
VOM19980530.0700.0107: 0.15391594475007858
