VOM19980314.0700.1911: 0.21120486910352082
VOM19980314.0700.0239: 0.2092805559384315
VOM19980327.0900.2123: 0.1689424254831793
VOM19980316.0900.1667: 0.1669744083778584
VOM19980316.0900.1861: 0.15588943240378178
VOM19980303.0900.1926: 0.1407252468652046
VOM19980228.0700.0448: 0.13969098709469102
VOM19980311.0700.1883: 0.13965251596997313
VOM19980302.0700.3423: 0.13911580650128907
VOM19980303.0900.3358: 0.13783741108899228
VOM19980302.0700.2096: 0.1330238389347246
VOM19980623.0700.0507: 0.13198237513286945
VOM19980623.0730.0101: 0.13198237513286945
