VOM19980603.0900.0074: 0.27803082270194107
VOM19980605.0730.0276: 0.210739126442119
VOM19980603.0730.0280: 0.2072999004903461
VOM19980604.0900.0213: 0.19236025213914956
VOM19980606.0700.0354: 0.18866893705331148
VOM19980605.0700.0440: 0.18290483974315935
VOM19980604.0730.0250: 0.172570724421657
VOM19980606.0730.0134: 0.14902905908570388
VOM19980509.0730.0100: 0.11774406140834116
VOM19980224.0900.2258: 0.1090646252209084
VOM19980319.0700.1874: 0.09659786377845686
VOM19980502.0700.0438: 0.09559420188263758
VOM19980305.0700.0276: 0.09338312751695958
