VOM19980311.0700.1487: 0.21723502031154443
VOM19980630.0900.0230: 0.21040989453828185
VOM19980303.0900.2128: 0.1998818728659868
VOM19980316.0700.0776: 0.17717218575663807
VOM19980303.0900.0396: 0.17291032340966125
VOM19980304.0700.1058: 0.1712694972873245
VOM19980319.0700.2737: 0.16322171110196648
VOM19980621.0700.0565: 0.1422693346121872
VOM19980305.0900.2093: 0.13117430203989833
VOM19980304.0700.1276: 0.1307870198098933
VOM19980225.0700.0585: 0.12953481434851669
VOM19980316.0700.0702: 0.12885087639555226
VOM19980306.0700.0971: 0.12593179147264727
