VOM19980603.0700.0103: 0.17746373917007577
VOM19980616.0730.0180: 0.15822635116729514
VOM19980616.0900.0100: 0.1577079670607404
VOM19980616.0730.0252: 0.13200790209187507
VOM19980616.0900.0077: 0.13200790209187507
VOM19980531.0700.0120: 0.12484573529208838
VOM19980317.0700.0723: 0.11480983155510885
VOM19980618.0900.0057: 0.10625211112134407
VOM19980224.0900.2345: 0.10378532548096497
VOM19980529.0730.0042: 0.10143991838279416
VOM19980529.0900.0046: 0.10143991838279416
VOM19980225.0900.1275: 0.09508016020777584
VOM19980319.0900.2169: 0.09398441121587077
