VOM19980303.0700.0783: 0.15733531833914627
VOM19980303.0700.2491: 0.15426508291514315
VOM19980224.0700.2219: 0.15419824153001463
VOM19980302.0900.2091: 0.15119942860960395
VOM19980305.0900.2166: 0.15063347174079977
VOM19980305.0900.1046: 0.1471070359936838
VOM19980302.0700.2334: 0.1445715962493601
VOM19980316.0900.2108: 0.1430789573404792
VOM19980303.0900.2868: 0.1407305699489672
VOM19980325.0900.1209: 0.14045749026786755
VOM19980315.0700.2670: 0.1402218910465602
VOM19980319.0700.2278: 0.13851750797483725
VOM19980225.0900.0714: 0.13664701457249945
