VOM19980603.0900.0074: 0.3532042490880773
VOM19980604.0900.0213: 0.2453397430486815
VOM19980603.0730.0280: 0.24011234471321866
VOM19980605.0730.0276: 0.23002423667666377
VOM19980604.0730.0250: 0.21732868601677485
VOM19980605.0700.0440: 0.20962413319701323
VOM19980606.0700.0354: 0.18370506309051582
VOM19980606.0730.0134: 0.13844611834076936
VOM19980223.0900.1854: 0.10610613088637
VOM19980223.0900.0265: 0.10563434695801087
VOM19980509.0730.0100: 0.09945162509187282
VOM19980224.0900.2258: 0.09774547974419201
VOM19980223.0900.3466: 0.08950309026080483
