VOM19980315.0700.1310: 0.16880454196086256
VOM19980226.0900.2900: 0.16557503234908336
VOM19980326.0900.0149: 0.1403122698639972
VOM19980220.0900.1332: 0.1345121456719053
VOM19980628.0700.0316: 0.12968768854119592
VOM19980325.0900.2040: 0.12701342479483294
VOM19980325.0900.0124: 0.1232217296606927
VOM19980606.0730.0134: 0.1209787189363557
VOM19980624.0730.0254: 0.1207693634081231
VOM19980226.0900.3196: 0.1207202668072025
VOM19980319.0700.0496: 0.1167401498524853
VOM19980508.0700.0452: 0.11474192922179426
VOM19980624.0700.0382: 0.11376494994604681
