VOM19980326.0900.3298: 0.13780827401793458
VOM19980624.0730.0117: 0.1324732909808573
VOM19980603.0700.0457: 0.10243003199381351
VOM19980603.0730.0240: 0.09509689088034617
VOM19980526.0730.0229: 0.09384839455660901
VOM19980403.0700.3400: 0.09354138989835065
VOM19980327.0900.2035: 0.08994014367207893
VOM19980223.0700.0800: 0.08367363786907024
VOM19980613.0700.0546: 0.0824143923567201
VOM19980311.0700.0357: 0.08178981693013064
VOM19980220.0700.0672: 0.0807419050540823
VOM19980527.0700.0466: 0.08011742970951359
VOM19980529.0900.0173: 0.07991987798291281
