VOM19980410.0900.0241: 0.1310269454874584
VOM19980301.0700.0393: 0.11361215042143408
VOM19980220.0700.2814: 0.09668979916931843
VOM19980326.0900.2164: 0.09613547741000603
VOM19980326.0700.2359: 0.09613089423089397
VOM19980620.0700.0552: 0.09147439337066747
VOM19980224.0900.3022: 0.08922789988310613
VOM19980607.0700.0385: 0.08827997968768146
VOM19980607.0730.0163: 0.08827997968768146
VOM19980315.0700.2508: 0.08812623759056565
VOM19980227.0900.3069: 0.08701885647894077
VOM19980515.0900.0007: 0.08656235620530274
VOM19980223.0700.1511: 0.08464406667269081
