VOM19980603.0900.0074: 0.36961348684928536
VOM19980604.0900.0213: 0.26848581954126444
VOM19980603.0730.0280: 0.2612205207746191
VOM19980605.0730.0276: 0.25184437038668
VOM19980604.0730.0250: 0.23940091329680363
VOM19980605.0700.0440: 0.2306820360203858
VOM19980606.0700.0354: 0.19858960342462223
VOM19980606.0730.0134: 0.15910078142317596
VOM19980223.0900.1854: 0.1289116044485837
VOM19980223.0900.0265: 0.12838149491475237
VOM19980509.0730.0100: 0.12066665511942522
VOM19980224.0900.2258: 0.12030918039211004
VOM19980223.0900.3466: 0.11535866625679644
