VOM19980603.0900.0074: 0.3523808178461034
VOM19980604.0900.0213: 0.2446649780220252
VOM19980603.0730.0280: 0.2399818946297365
VOM19980605.0730.0276: 0.23018820835368922
VOM19980604.0730.0250: 0.2168859989813151
VOM19980605.0700.0440: 0.20965908727859964
VOM19980606.0700.0354: 0.18522099196636113
VOM19980606.0730.0134: 0.14018994888293684
VOM19980223.0900.1854: 0.10704601576084954
VOM19980223.0900.0265: 0.10655915978801767
VOM19980509.0730.0100: 0.10186134070596758
VOM19980224.0900.2258: 0.09916150527930512
VOM19980223.0900.3466: 0.09038137401019498
