VOM19980314.0700.1911: 0.181212103304187
VOM19980314.0700.0239: 0.17830322212045382
VOM19980316.0900.1667: 0.1778831523114011
VOM19980327.0900.2123: 0.16969463673841179
VOM19980311.0700.1883: 0.14276916257764147
VOM19980302.0700.1749: 0.13701867857777056
VOM19980319.0900.1922: 0.13206991967923415
VOM19980319.0900.0162: 0.131286998920422
VOM19980228.0700.0448: 0.1276872766498358
VOM19980316.0900.1861: 0.1270735420407624
VOM19980623.0700.0507: 0.124514049698736
VOM19980623.0730.0101: 0.124514049698736
VOM19980305.0900.2891: 0.12166479617090838
