VOM19980315.0700.1310: 0.17749276457411295
VOM19980226.0900.2900: 0.17293102471785116
VOM19980326.0900.0149: 0.15076860837403036
VOM19980220.0900.1332: 0.14045534546732621
VOM19980628.0700.0316: 0.1384194093603508
VOM19980325.0900.2040: 0.13575045946478673
VOM19980325.0900.0124: 0.13226360697091408
VOM19980606.0730.0134: 0.13119493323336698
VOM19980624.0730.0254: 0.13079494114183618
VOM19980226.0900.3196: 0.1296620596780055
VOM19980319.0700.0496: 0.12548028843887074
VOM19980508.0700.0452: 0.12493195598225706
VOM19980508.0730.0240: 0.12327715502556001
