VOM19980603.0900.0074: 0.35208289460943887
VOM19980604.0900.0213: 0.24525817996189006
VOM19980603.0730.0280: 0.2397352910521428
VOM19980605.0730.0276: 0.229569547613786
VOM19980604.0730.0250: 0.21718372958372512
VOM19980605.0700.0440: 0.20884822208157852
VOM19980606.0700.0354: 0.183515424093555
VOM19980606.0730.0134: 0.13813692116729548
VOM19980223.0900.1854: 0.10543224879083736
VOM19980223.0900.0265: 0.10497043173416638
VOM19980509.0730.0100: 0.09961516256877807
VOM19980224.0900.2258: 0.09714460452536053
VOM19980223.0900.3466: 0.08870246650080424
