VOM19980602.0900.0127: 0.1963965625341898
VOM19980531.0700.0040: 0.18556002915540679
VOM19980220.0900.3537: 0.16821711751518706
VOM19980602.0700.0166: 0.16096425583360457
VOM19980605.0900.0045: 0.15717335650398226
VOM19980628.0700.0527: 0.1545873779626666
VOM19980605.0730.0042: 0.15227162771631858
VOM19980531.0730.0006: 0.14409494686593866
VOM19980315.0700.1828: 0.14153939928494552
VOM19980606.0730.0234: 0.12607656230377579
VOM19980606.0700.0206: 0.12400568763812383
VOM19980605.0700.0040: 0.12329788039110913
VOM19980604.0900.0159: 0.11561906021023172
