VOM19980605.0900.0045: 0.21241685383865044
VOM19980605.0730.0042: 0.2060407368143434
VOM19980531.0700.0040: 0.20406567586669375
VOM19980602.0900.0127: 0.19824730839569885
VOM19980531.0730.0006: 0.17785033592541302
VOM19980605.0700.0040: 0.17211823210298005
VOM19980602.0700.0166: 0.17124441521707037
VOM19980628.0700.0527: 0.17115779462682304
VOM19980220.0900.3537: 0.1656438085770197
VOM19980526.0730.0229: 0.1620104703108827
VOM19980315.0700.1828: 0.16134662912991854
VOM19980606.0730.0234: 0.15135507679103138
VOM19980606.0700.0206: 0.14896686936901748
