VOM19980311.0700.1487: 0.21727942516838453
VOM19980630.0900.0230: 0.21043868250177306
VOM19980303.0900.2128: 0.19993256152863775
VOM19980316.0700.0776: 0.17720795598655703
VOM19980303.0900.0396: 0.17296249046126358
VOM19980304.0700.1058: 0.1713301541809885
VOM19980319.0700.2737: 0.16326133566905984
VOM19980621.0700.0565: 0.14231639354359835
VOM19980305.0900.2093: 0.13122592580457726
VOM19980304.0700.1276: 0.1308108235502589
VOM19980225.0700.0585: 0.1295851731532056
VOM19980316.0700.0702: 0.12888258788388618
VOM19980306.0700.0971: 0.12598832366664697
