VOM19980311.0700.1487: 0.21365678379210803
VOM19980630.0900.0230: 0.20745132010067624
VOM19980303.0900.2128: 0.19624926888680586
VOM19980316.0700.0776: 0.1739786576961775
VOM19980303.0900.0396: 0.16914861376276233
VOM19980304.0700.1058: 0.1670333171821678
VOM19980319.0700.2737: 0.16007785881646366
VOM19980621.0700.0565: 0.13928902078065294
VOM19980304.0700.1276: 0.12789351915605662
VOM19980305.0900.2093: 0.12666718420591908
VOM19980225.0700.0585: 0.1251919569479487
VOM19980316.0700.0702: 0.12505954068514616
VOM19980306.0700.0971: 0.12183733130544987
