VOM19980315.0700.1310: 0.18057393683247522
VOM19980226.0900.2900: 0.16312233856527883
VOM19980326.0900.0149: 0.16065679327565827
VOM19980325.0900.2040: 0.1421375970316364
VOM19980325.0900.0124: 0.139257889430981
VOM19980624.0730.0254: 0.13830761496720076
VOM19980628.0700.0316: 0.1332002698013082
VOM19980220.0900.1332: 0.12464972582584276
VOM19980624.0700.0382: 0.12359595080253641
VOM19980606.0730.0134: 0.12140191145864229
VOM19980226.0900.3196: 0.11867336658390043
VOM19980319.0700.0496: 0.11805321400076053
VOM19980506.0900.0257: 0.11725406036690972
