VOM19980508.0700.0362: 0.17247126514044053
VOM19980508.0730.0003: 0.16035350301110282
VOM19980508.0900.0007: 0.15389385466136096
VOM19980507.0700.0242: 0.14433484925788906
VOM19980510.0700.0040: 0.1425590683583046
VOM19980506.0700.0042: 0.14062205375169037
VOM19980327.0900.0221: 0.1359332215132397
VOM19980506.0900.0006: 0.1349756587925212
VOM19980504.0700.0025: 0.12933395819183321
VOM19980510.0730.0001: 0.12365283670068447
VOM19980509.0730.0027: 0.1210051449864029
VOM19980427.0900.0219: 0.12018453242549305
VOM19980509.0700.0089: 0.11987984265076569
