VOM19980527.0700.0042: 0.1589503248199399
VOM19980515.0900.0007: 0.1561630521910412
VOM19980226.0900.1367: 0.14554578466425738
VOM19980527.0730.0003: 0.14431951900591478
VOM19980515.0730.0053: 0.14202755944639564
VOM19980524.0730.0061: 0.1405637916750616
VOM19980524.0700.0265: 0.1405637916750616
VOM19980515.0700.0102: 0.13719029516553505
VOM19980527.0900.0008: 0.13642790741788435
VOM19980302.0700.1233: 0.13127156749511165
VOM19980403.0700.2289: 0.1286428003528798
VOM19980305.0900.2166: 0.1274733000408371
VOM19980223.0900.2288: 0.1251511237828395
