VOM19980314.0700.1911: 0.20131483505415637
VOM19980314.0700.0239: 0.19987550748493405
VOM19980327.0900.2123: 0.15963314223917224
VOM19980316.0900.1667: 0.15636443947649475
VOM19980316.0900.1861: 0.1483168590884928
VOM19980228.0700.0448: 0.1341052743047586
VOM19980311.0700.1883: 0.13362475892113088
VOM19980303.0900.1926: 0.13077306487013007
VOM19980302.0700.3423: 0.1294171507624865
VOM19980303.0900.3358: 0.12818954243558134
VOM19980302.0700.2096: 0.1230524187156139
VOM19980623.0700.0507: 0.12204473607482046
VOM19980623.0730.0101: 0.12204473607482046
