VOM19980326.0900.0118: 0.1374621709179052
VOM19980303.0700.0783: 0.13406051339891992
VOM19980530.0730.0037: 0.1283563807570254
VOM19980530.0700.0107: 0.12521760954913502
VOM19980326.0700.0452: 0.12259288629923251
VOM19980224.0700.1530: 0.12180376227490462
VOM19980315.0700.2670: 0.12017782753602793
VOM19980305.0900.2166: 0.11948750053882122
VOM19980311.0700.0234: 0.1185682162554129
VOM19980612.0700.0080: 0.11854272770991667
VOM19980305.0900.1046: 0.11497288594339779
VOM19980623.0900.0051: 0.11494450292072389
VOM19980609.0900.0107: 0.1143524413374243
