VOM19980325.0900.3341: 0.2032404314873334
VOM19980522.0700.0456: 0.14973932076350974
VOM19980326.0700.1668: 0.1289791059664971
VOM19980326.0900.3442: 0.11898112890665993
VOM19980607.0730.0033: 0.1172378234790202
VOM19980306.0700.2852: 0.1167728405796738
VOM19980326.0700.1793: 0.11492973293040856
VOM19980312.0900.0990: 0.1147431924792252
VOM19980222.0700.1501: 0.1146765831953015
VOM19980630.0900.0127: 0.11419046592816211
VOM19980224.0700.2219: 0.11414619357392367
VOM19980522.0730.0286: 0.11355124225863329
VOM19980222.0700.0448: 0.1102554735380587
