VOM19980315.0700.1310: 0.18202904107165158
VOM19980226.0900.2900: 0.16483371821009987
VOM19980326.0900.0149: 0.1622422763734534
VOM19980325.0900.2040: 0.14350996768313676
VOM19980325.0900.0124: 0.14070663700705574
VOM19980624.0730.0254: 0.13997062301965882
VOM19980628.0700.0316: 0.13467902672761026
VOM19980220.0900.1332: 0.12617963319702794
VOM19980624.0700.0382: 0.12544710073432339
VOM19980606.0730.0134: 0.123530605481265
VOM19980226.0900.3196: 0.12077315314381441
VOM19980319.0700.0496: 0.11962145249926193
VOM19980506.0900.0257: 0.11896197184244736
