VOM19980314.0700.1261: 0.17950119395466343
VOM19980223.0700.1993: 0.1515953253734307
VOM19980403.0900.2349: 0.1507352261817926
VOM19980314.0700.0818: 0.1423166136989368
VOM19980224.0700.2219: 0.14130330759301785
VOM19980303.0700.2491: 0.1374159139051033
VOM19980317.0700.0924: 0.13693409993640712
VOM19980317.0900.0757: 0.13544767688083761
VOM19980220.0900.2138: 0.13528428644297089
VOM19980317.0700.0723: 0.1335440146395713
VOM19980225.0900.1275: 0.13260767081314864
VOM19980223.0900.2779: 0.13156703869363823
VOM19980225.0900.1029: 0.1311624163890395
