VOM19980311.0700.1487: 0.21725987722606974
VOM19980630.0900.0230: 0.21042380662456286
VOM19980303.0900.2128: 0.19991085289276042
VOM19980316.0700.0776: 0.17718796994189304
VOM19980303.0900.0396: 0.17294016004553425
VOM19980304.0700.1058: 0.17130040188155315
VOM19980319.0700.2737: 0.16323841577297235
VOM19980621.0700.0565: 0.14230107878762271
VOM19980305.0900.2093: 0.1312038552631205
VOM19980304.0700.1276: 0.130796506870225
VOM19980225.0700.0585: 0.12956277361911375
VOM19980316.0700.0702: 0.12886859104819715
VOM19980306.0700.0971: 0.12596087973255635
