VOM19980527.0700.0042: 0.13086194702604853
VOM19980515.0900.0007: 0.12699388957011915
VOM19980527.0730.0003: 0.1263458292915776
VOM19980524.0730.0061: 0.12317404669539359
VOM19980524.0700.0265: 0.12317404669539359
VOM19980527.0900.0008: 0.12024407218316566
VOM19980515.0730.0053: 0.11640312835629275
VOM19980630.0900.0127: 0.10727642678061235
VOM19980403.0900.2121: 0.10460306812934478
VOM19980410.0900.0241: 0.10357146034426976
VOM19980403.0700.0489: 0.10217968258357331
VOM19980515.0700.0102: 0.10121393487954192
VOM19980421.0900.0146: 0.10047045833576536
