VOM19980606.0700.0354: 0.3402069087198855
VOM19980603.0900.0074: 0.3380617018914064
VOM19980605.0730.0276: 0.33170173600188835
VOM19980603.0730.0280: 0.31749063746518374
VOM19980604.0900.0213: 0.313360883173775
VOM19980606.0730.0134: 0.3103522082258879
VOM19980605.0700.0440: 0.29166666666666663
VOM19980604.0730.0250: 0.2896620610108287
VOM19980509.0730.0100: 0.27868520085657655
VOM19980628.0700.0527: 0.25809270060438205
VOM19980502.0700.0438: 0.2568734176646207
VOM19980224.0900.2258: 0.23756381703487411
VOM19980304.0900.0276: 0.22916666666666669
