VOM19980527.0700.0042: 0.1255863885068505
VOM19980515.0900.0007: 0.12301241767645918
VOM19980527.0730.0003: 0.12083162528336532
VOM19980524.0730.0061: 0.1185833541651822
VOM19980524.0700.0265: 0.1185833541651822
VOM19980527.0900.0008: 0.1148973631729202
VOM19980515.0730.0053: 0.11283241937072977
VOM19980630.0900.0127: 0.10423428638507821
VOM19980410.0900.0241: 0.10075863166572399
VOM19980403.0900.2121: 0.10041198079158839
VOM19980403.0700.0489: 0.09897828521530881
VOM19980515.0700.0102: 0.09791125981479817
VOM19980421.0900.0146: 0.09551329056498344
