VOM19980603.0900.0074: 0.3530463643816423
VOM19980604.0900.0213: 0.2470079849433909
VOM19980603.0730.0280: 0.2413956243770422
VOM19980605.0730.0276: 0.2314457420439842
VOM19980604.0730.0250: 0.21896294180934853
VOM19980605.0700.0440: 0.21069382649367427
VOM19980606.0700.0354: 0.1860268008387491
VOM19980606.0730.0134: 0.14110220380087946
VOM19980223.0900.1854: 0.10752557919941963
VOM19980223.0900.0265: 0.10704748392132377
VOM19980509.0730.0100: 0.10264569926615244
VOM19980224.0900.2258: 0.0995999980580936
VOM19980223.0900.3466: 0.09078270577875938
