VOM19980603.0900.0074: 0.3062971771483836
VOM19980604.0900.0213: 0.2678212348304933
VOM19980605.0730.0276: 0.26648478264966713
VOM19980603.0730.0280: 0.26050386975944706
VOM19980604.0730.0250: 0.23997324639257664
VOM19980606.0700.0354: 0.2348117341045398
VOM19980605.0700.0440: 0.22884522145640795
VOM19980606.0730.0134: 0.1996643632003162
VOM19980509.0730.0100: 0.1637782576222056
VOM19980502.0700.0438: 0.14576296979283027
VOM19980224.0900.2258: 0.13969383622297427
VOM19980628.0700.0527: 0.13568976473724614
VOM19980605.0900.0045: 0.13013252659213773
