VOM19980311.0700.1487: 0.21329206663238198
VOM19980630.0900.0230: 0.20735248987050006
VOM19980303.0900.2128: 0.19556178143578792
VOM19980316.0700.0776: 0.17423686578464176
VOM19980303.0900.0396: 0.16849866214004983
VOM19980304.0700.1058: 0.1671158586152781
VOM19980319.0700.2737: 0.16062998504892612
VOM19980621.0700.0565: 0.13770038087629055
VOM19980304.0700.1276: 0.12834779410062108
VOM19980305.0900.2093: 0.12611074857460589
VOM19980316.0700.0702: 0.12471037895412376
VOM19980225.0700.0585: 0.12452361565131771
VOM19980306.0700.0971: 0.12165467140632767
