VOM19980315.0700.1310: 0.1805586566051911
VOM19980226.0900.2900: 0.16311157318023178
VOM19980326.0900.0149: 0.1606443796569559
VOM19980325.0900.2040: 0.14212806688703727
VOM19980325.0900.0124: 0.13924889995277354
VOM19980624.0730.0254: 0.13829745137954924
VOM19980628.0700.0316: 0.13318551976220913
VOM19980220.0900.1332: 0.1246425747389397
VOM19980624.0700.0382: 0.12358510320199029
VOM19980606.0730.0134: 0.12138633374022156
VOM19980226.0900.3196: 0.11866356592974275
VOM19980319.0700.0496: 0.11804417233480076
VOM19980506.0900.0257: 0.11724730614700708
