VOM19980224.0700.2219: 0.1336047505013283
VOM19980303.0700.2491: 0.13113092468412033
VOM19980302.0900.2091: 0.1301774747024022
VOM19980303.0700.0783: 0.11996170232614971
VOM19980305.0900.2166: 0.11668845568401492
VOM19980305.0900.1046: 0.11642473979309967
VOM19980316.0900.2108: 0.11560740555810652
VOM19980302.0700.2334: 0.11402471786640808
VOM19980325.0900.1209: 0.11052163331873864
VOM19980223.0900.1151: 0.11003225717035585
VOM19980303.0900.2868: 0.10869457181150621
VOM19980319.0700.2278: 0.10569137677861262
VOM19980223.0700.1993: 0.10512614723902694
