VOM19980616.0730.0180: 0.12095063090050544
VOM19980616.0900.0100: 0.12048740051455316
VOM19980526.0900.0124: 0.1202539213987714
VOM19980526.0730.0065: 0.11526254675964961
VOM19980225.0900.1919: 0.11516246925134939
VOM19980319.0900.0364: 0.11449551731832816
VOM19980225.0900.0216: 0.1138797079061362
VOM19980222.0700.0448: 0.11229795014531348
VOM19980302.0700.0484: 0.10965936488879724
VOM19980316.0900.2774: 0.10894504287496748
VOM19980404.0700.1061: 0.10749078289561147
VOM19980225.0900.0714: 0.1058568550334057
VOM19980221.0700.2690: 0.10028979159521745
