VOM19980508.0700.0362: 0.21411635694640738
VOM19980510.0730.0001: 0.20329954036738773
VOM19980508.0730.0003: 0.2015525172245529
VOM19980507.0700.0242: 0.20061652380534736
VOM19980508.0900.0007: 0.20035089731278943
VOM19980506.0700.0042: 0.19981992078618183
VOM19980506.0900.0006: 0.19777292019340306
VOM19980507.0730.0066: 0.19764145610175335
VOM19980509.0730.0027: 0.19629586075260394
VOM19980507.0900.0040: 0.19204176188924868
VOM19980510.0700.0040: 0.19060720997473007
VOM19980509.0700.0089: 0.19055031043446286
VOM19980527.0700.0388: 0.18039981595571797
