VOM19980527.0700.0042: 0.13155543733390576
VOM19980515.0900.0007: 0.1276575968944368
VOM19980527.0730.0003: 0.12678060242272934
VOM19980524.0730.0061: 0.12309079790314637
VOM19980524.0700.0265: 0.12309079790314637
VOM19980527.0900.0008: 0.12054077706427545
VOM19980515.0730.0053: 0.11686740519256547
VOM19980630.0900.0127: 0.10626195911357654
VOM19980403.0900.2121: 0.1040378748252482
VOM19980410.0900.0241: 0.10182535180412824
VOM19980515.0700.0102: 0.1016151634229674
VOM19980403.0700.0489: 0.1011437974293684
VOM19980421.0900.0146: 0.10033492198917386
