VOM19980301.0700.0393: 0.1137452809725818
VOM19980220.0700.2814: 0.10315258886970999
VOM19980620.0700.0552: 0.09559960536058709
VOM19980410.0900.0241: 0.09441565098262786
VOM19980224.0900.3022: 0.09347088864277897
VOM19980627.0700.0572: 0.08437380295013061
VOM19980223.0700.1511: 0.08314592580523446
VOM19980613.0700.0555: 0.07926575118998501
VOM19980220.0700.0707: 0.07857278824226506
VOM19980607.0700.0385: 0.07676924069961742
VOM19980607.0730.0163: 0.07676924069961742
VOM19980515.0900.0007: 0.07612244719935121
VOM19980315.0700.2508: 0.07469753076486052
