VOM19980306.0700.1305: 0.08448753614128797
VOM19980314.0700.2522: 0.08419295085583284
VOM19980505.0700.0193: 0.08193814939451342
VOM19980226.0900.0622: 0.0781878986013402
VOM19980319.0900.2169: 0.07396134148670125
VOM19980223.0900.2288: 0.07382309885324155
VOM19980223.0700.1993: 0.07292943275027661
VOM19980507.0700.0127: 0.072081291443331
VOM19980222.0700.0448: 0.069758240461639
VOM19980515.0900.0007: 0.06929738301600047
VOM19980521.0700.0039: 0.06873061336738666
VOM19980623.0700.0314: 0.06819084045351713
VOM19980220.0900.2583: 0.06772059199479759
