VOM19980314.0700.1261: 0.17550630677008408
VOM19980223.0700.1993: 0.1474247225520977
VOM19980403.0900.2349: 0.1468367711351588
VOM19980224.0700.2219: 0.13835817891896354
VOM19980314.0700.0818: 0.1376734011401908
VOM19980303.0700.2491: 0.1343475126271362
VOM19980317.0700.0924: 0.13254045418315344
VOM19980317.0900.0757: 0.13241102075091132
VOM19980220.0900.2138: 0.1321944774103837
VOM19980317.0700.0723: 0.12861358833689412
VOM19980225.0900.1275: 0.1282886891576508
VOM19980225.0900.1029: 0.12771150769993286
VOM19980316.0900.2774: 0.12741781337872854
