VOM19980314.0700.1261: 0.23527695738397114
VOM19980223.0700.1993: 0.21557090717589447
VOM19980314.0700.0818: 0.21442495517784527
VOM19980317.0700.0156: 0.20647930490882635
VOM19980317.0700.0723: 0.2043952817182655
VOM19980317.0700.0924: 0.20268674402391898
VOM19980403.0900.2349: 0.20259776472986415
VOM19980225.0900.1275: 0.19423238316602462
VOM19980302.0900.0871: 0.19264564183589644
VOM19980223.0900.2779: 0.19261643136198914
VOM19980326.0900.0433: 0.18979974121529566
VOM19980613.0700.0112: 0.18961060674746558
VOM19980319.0700.2536: 0.18954920524731866
