VOM19980508.0700.0362: 0.2647627255734007
VOM19980510.0730.0001: 0.2589085955811503
VOM19980507.0730.0066: 0.258501634414027
VOM19980507.0700.0242: 0.25241770261746604
VOM19980507.0900.0040: 0.25103259620034757
VOM19980508.0900.0007: 0.24414822004722767
VOM19980508.0730.0003: 0.2437158035685579
VOM19980509.0730.0027: 0.24192401666868366
VOM19980510.0700.0040: 0.24136734126777706
VOM19980527.0700.0388: 0.23892075995813564
VOM19980509.0700.0089: 0.23790041792092206
VOM19980506.0700.0042: 0.23372515752077785
VOM19980506.0900.0006: 0.23189757680353743
