VOM19980315.0700.1310: 0.17200974206417508
VOM19980226.0900.2900: 0.15739637488112726
VOM19980326.0900.0149: 0.1504438831453146
VOM19980325.0900.2040: 0.13359785877691888
VOM19980325.0900.0124: 0.13051954395819773
VOM19980624.0730.0254: 0.1285347627813418
VOM19980628.0700.0316: 0.12473403743995874
VOM19980220.0900.1332: 0.12065156221262326
VOM19980624.0700.0382: 0.11486589951585403
VOM19980606.0730.0134: 0.11202395792700713
VOM19980226.0900.3196: 0.11179931821244443
VOM19980319.0700.0496: 0.11084679698951225
VOM19980506.0900.0257: 0.10878669775248911
