VOM19980605.0730.0042: 0.30771759781750463
VOM19980605.0900.0045: 0.30771759781750463
VOM19980531.0700.0040: 0.27048137303735537
VOM19980605.0700.0040: 0.2694928621011882
VOM19980526.0730.0229: 0.25532276092925155
VOM19980531.0730.0006: 0.25045902480661714
VOM19980317.0700.0383: 0.24604113061761188
VOM19980520.0730.0150: 0.2440806122772372
VOM19980304.0900.0276: 0.2417468892076141
VOM19980628.0700.0527: 0.2403290066601241
VOM19980403.0700.2289: 0.22970342065218263
VOM19980220.0900.3537: 0.2285984832473324
VOM19980225.0700.0701: 0.22792115291927595
