VOM19980603.0700.0103: 0.19285186519903882
VOM19980616.0730.0180: 0.17326542262076483
VOM19980616.0900.0100: 0.1726018311372378
VOM19980616.0730.0252: 0.1505429393911482
VOM19980616.0900.0077: 0.1505429393911482
VOM19980531.0700.0120: 0.13935828504976802
VOM19980317.0700.0723: 0.12337247156539001
VOM19980618.0900.0057: 0.1223069135325063
VOM19980529.0730.0042: 0.11524290619513287
VOM19980529.0900.0046: 0.11524290619513287
VOM19980224.0900.2345: 0.11157831463329497
VOM19980319.0900.2169: 0.10603445224771596
VOM19980604.0700.0039: 0.10414768910516799
