VOM19980225.0900.1919: 0.17917250588600794
VOM19980225.0900.0216: 0.17727044868117212
VOM19980526.0900.0124: 0.17030079290980144
VOM19980526.0730.0065: 0.1635248566715684
VOM19980623.0700.0472: 0.16219032842384062
VOM19980222.0700.0448: 0.15664723322947668
VOM19980319.0900.0364: 0.15175286854049785
VOM19980326.0700.0480: 0.1491000633341545
VOM19980302.0700.0484: 0.146555465018747
VOM19980404.0700.1061: 0.14647670653160422
VOM19980616.0730.0180: 0.14626772848083883
VOM19980316.0700.0219: 0.14615796299615472
VOM19980616.0900.0100: 0.14566840882548107
