VOM19980603.0900.0074: 0.3533352547514169
VOM19980604.0900.0213: 0.24579920016696405
VOM19980603.0730.0280: 0.24013650621735944
VOM19980605.0730.0276: 0.23007017826253326
VOM19980604.0730.0250: 0.21756049992048598
VOM19980605.0700.0440: 0.21009839739268843
VOM19980606.0700.0354: 0.181429080608071
VOM19980606.0730.0134: 0.1370822744302303
VOM19980223.0900.1854: 0.10664504239890722
VOM19980223.0900.0265: 0.10617791303237983
VOM19980224.0900.2258: 0.09781405230163193
VOM19980509.0730.0100: 0.09753733176456902
VOM19980223.0900.3466: 0.09084272850930226
