VOM19980515.0900.0007: 0.14440994395908552
VOM19980527.0700.0042: 0.14380577703493874
VOM19980226.0900.1367: 0.13343911897408772
VOM19980515.0730.0053: 0.13119515704754658
VOM19980527.0730.0003: 0.1291022802392988
VOM19980515.0700.0102: 0.12511754290148377
VOM19980524.0730.0061: 0.12507583905242398
VOM19980524.0700.0265: 0.12507583905242398
VOM19980527.0900.0008: 0.12136939392076462
VOM19980302.0700.1233: 0.11921606995855044
VOM19980403.0700.2289: 0.11634433367332782
VOM19980305.0900.2166: 0.11547342682238972
VOM19980223.0900.2288: 0.11489448746560198
