VOM19980603.0700.0457: 0.1405196354792392
VOM19980624.0730.0117: 0.13145600452792155
VOM19980326.0900.3298: 0.13006292274523792
VOM19980603.0730.0240: 0.12493926283036833
VOM19980403.0700.3400: 0.1079230452820583
VOM19980220.0700.0672: 0.1064564727386008
VOM19980225.0900.2065: 0.10552823413379415
VOM19980613.0700.0546: 0.10214733135861949
VOM19980311.0700.3445: 0.10198454602520322
VOM19980527.0700.0466: 0.10177049129487523
VOM19980227.0900.2416: 0.10017227198928132
VOM19980526.0730.0229: 0.09922257091458418
VOM19980504.0700.0300: 0.09904840912551324
