VOM19980325.0900.3341: 0.20396564132321637
VOM19980522.0700.0456: 0.1269766626887196
VOM19980607.0730.0033: 0.1123535021215586
VOM19980326.0700.1668: 0.10240335027080452
VOM19980522.0730.0286: 0.09892688520462112
VOM19980630.0900.0127: 0.08995656552064658
VOM19980312.0900.3445: 0.08664205472020618
VOM19980312.0900.1896: 0.08664205472020618
VOM19980325.0900.2179: 0.08203053472965711
VOM19980316.0900.2076: 0.08112099760682173
VOM19980306.0700.2852: 0.08030053505104856
VOM19980224.0700.2219: 0.07960145176858688
VOM19980326.0900.3442: 0.078599149617039
