VOM19980508.0700.0362: 0.20209149929047185
VOM19980508.0730.0003: 0.188973834039004
VOM19980506.0700.0042: 0.18659741487416062
VOM19980507.0700.0242: 0.1864099608945816
VOM19980508.0900.0007: 0.18619556240572316
VOM19980510.0730.0001: 0.18204433355996127
VOM19980506.0900.0006: 0.18099299684164086
VOM19980510.0700.0040: 0.17807846641940464
VOM19980509.0730.0027: 0.17633191314591673
VOM19980507.0730.0066: 0.17463542034012156
VOM19980509.0700.0089: 0.17201904610451357
VOM19980507.0900.0040: 0.17031276860483446
VOM19980327.0900.0221: 0.1647665953098677
