VOM19980311.0700.1487: 0.21367811898417924
VOM19980630.0900.0230: 0.2074619170259762
VOM19980303.0900.2128: 0.19627453865920066
VOM19980316.0700.0776: 0.17399155125810437
VOM19980303.0900.0396: 0.16917482616380058
VOM19980304.0700.1058: 0.1670610105751254
VOM19980319.0700.2737: 0.1600921597039371
VOM19980621.0700.0565: 0.13931757436031883
VOM19980304.0700.1276: 0.1279006495661691
VOM19980305.0900.2093: 0.12669264526011995
VOM19980225.0700.0585: 0.12521578651089882
VOM19980316.0700.0702: 0.1250735266965908
VOM19980306.0700.0971: 0.12186328465489314
