VOM19980303.0700.0783: 0.1211738069614084
VOM19980530.0700.0107: 0.10976632816965776
VOM19980530.0730.0037: 0.10829531166992219
VOM19980305.0900.2166: 0.10739009746567604
VOM19980315.0700.2670: 0.10669593227885585
VOM19980305.0900.1046: 0.10600496233564723
VOM19980303.0700.2491: 0.10254274507169404
VOM19980224.0700.2219: 0.10201770386031311
VOM19980326.0900.0118: 0.10002004385476279
VOM19980302.0900.2091: 0.09941855562437386
VOM19980224.0700.1530: 0.09880929088908025
VOM19980612.0700.0080: 0.0980838856389711
VOM19980623.0900.0051: 0.09696064049282319
