VOM19980325.0900.3341: 0.21229613663099323
VOM19980522.0700.0456: 0.13297280270657377
VOM19980607.0730.0033: 0.12028681174429248
VOM19980326.0700.1668: 0.1119866544188137
VOM19980522.0730.0286: 0.10448045199329004
VOM19980630.0900.0127: 0.09787296540284023
VOM19980312.0900.3445: 0.09204524978652831
VOM19980312.0900.1896: 0.09204524978652831
VOM19980306.0700.2852: 0.08860390295505433
VOM19980326.0900.3442: 0.08686056384690248
VOM19980312.0900.0990: 0.08610839381117569
VOM19980224.0700.2219: 0.08590822480452884
VOM19980607.0700.0121: 0.08561504959896687
