VOM19980222.0700.0448: 0.13774626155593211
VOM19980316.0900.2774: 0.13541938329600617
VOM19980225.0900.0714: 0.13409114521365945
VOM19980221.0700.2690: 0.132254518234032
VOM19980225.0900.0216: 0.1307983249696409
VOM19980225.0900.1919: 0.1307983249696409
VOM19980220.0700.2208: 0.13033030364743398
VOM19980221.0700.2087: 0.13032772424279376
VOM19980325.0900.0905: 0.1290913346732716
VOM19980302.0700.0484: 0.1288773807907378
VOM19980326.0900.2164: 0.12754263274468947
VOM19980326.0700.2359: 0.12754263274468947
VOM19980403.0900.0619: 0.1264198180175769
