VOM19980315.0700.1310: 0.1775321384755756
VOM19980226.0900.2900: 0.17296624574732403
VOM19980326.0900.0149: 0.15080450236361587
VOM19980220.0900.1332: 0.14048322939163452
VOM19980628.0700.0316: 0.13845181462031464
VOM19980325.0900.2040: 0.1357792858713973
VOM19980325.0900.0124: 0.13229257058404267
VOM19980606.0730.0134: 0.1312323199062997
VOM19980624.0730.0254: 0.13082697713401972
VOM19980226.0900.3196: 0.12969734786058623
VOM19980319.0700.0496: 0.12550742512451082
VOM19980508.0700.0452: 0.12496693049102077
VOM19980508.0730.0240: 0.12331166627534323
