VOM19980507.0700.0521: 0.2028769734019174
VOM19980511.0900.0004: 0.18151683911246733
VOM19980511.0730.0003: 0.17495596119005985
VOM19980511.0700.0039: 0.17495596119005985
VOM19980529.0900.0148: 0.16164177319681727
VOM19980529.0730.0148: 0.1524178191799445
VOM19980302.0900.1291: 0.1520537115496966
VOM19980529.0700.0334: 0.14488596398549158
VOM19980302.0700.3469: 0.1362779762481618
VOM19980327.0900.2123: 0.1315473672924234
VOM19980511.0730.0099: 0.13149551479938368
VOM19980301.0700.0168: 0.12579936890996665
VOM19980424.0900.0178: 0.12389310109949939
