VOM19980314.0700.1911: 0.20630018861876373
VOM19980314.0700.0239: 0.20482438823595747
VOM19980327.0900.2123: 0.16156577067766004
VOM19980316.0900.1667: 0.15792671653193283
VOM19980316.0900.1861: 0.15243041076138794
VOM19980303.0900.1926: 0.1356521138640309
VOM19980228.0700.0448: 0.13519468999299988
VOM19980302.0700.3423: 0.13442000964696588
VOM19980311.0700.1883: 0.13405056650176447
VOM19980303.0900.3358: 0.13286838431825435
VOM19980302.0700.2096: 0.12809396403531267
VOM19980623.0700.0507: 0.125661970960981
VOM19980623.0730.0101: 0.125661970960981
