VOM19980225.0900.0216: 0.27221317750535906
VOM19980225.0900.1919: 0.27221317750535906
VOM19980222.0700.0448: 0.24986109133696188
VOM19980623.0700.0472: 0.24646257657683554
VOM19980225.0900.0714: 0.2433841854165423
VOM19980316.0900.2774: 0.24100149936461593
VOM19980619.0700.0421: 0.24077170617153856
VOM19980302.0700.0484: 0.23904322742901807
VOM19980221.0700.2087: 0.23742807048692913
VOM19980403.0900.3074: 0.2371587248863414
VOM19980325.0900.0905: 0.23628235808762255
VOM19980225.0700.0221: 0.23618874648666488
VOM19980526.0900.0124: 0.2350520460246484
