VOM19980521.0700.0039: 0.1139039466604469
VOM19980314.0700.2522: 0.11389945712073839
VOM19980222.0700.0448: 0.109844063665048
VOM19980511.0700.0080: 0.10919503787589138
VOM19980511.0730.0040: 0.10919503787589138
VOM19980306.0700.1305: 0.10912734743740737
VOM19980410.0900.0241: 0.10903892497419984
VOM19980317.0700.0156: 0.1082672283378298
VOM19980220.0900.2583: 0.10784229983742127
VOM19980226.0900.0622: 0.1067480784906185
VOM19980507.0700.0127: 0.10654864004962572
VOM19980319.0900.2169: 0.1039013756269931
VOM19980531.0700.0235: 0.10389906295620069
