VOM19980314.0700.1261: 0.1800518166510356
VOM19980224.0700.2219: 0.1794086545203592
VOM19980223.0700.1993: 0.1790509819866473
VOM19980314.0700.0818: 0.1695198085757421
VOM19980303.0700.2491: 0.16765699637913725
VOM19980302.0900.2091: 0.16128931853496953
VOM19980317.0900.0757: 0.16128045909176067
VOM19980225.0700.2209: 0.15837321580124056
VOM19980403.0900.2349: 0.15619249376683028
VOM19980317.0700.0924: 0.1548893814618349
VOM19980306.0700.1916: 0.1540008960628141
VOM19980403.0700.0727: 0.15373567942341992
VOM19980319.0700.1102: 0.15112270026311253
