VOM19980314.0700.0818: 0.328862143297503
VOM19980223.0700.1993: 0.3261984008596866
VOM19980314.0700.1261: 0.3249731854943022
VOM19980317.0700.0924: 0.30445110754567306
VOM19980403.0700.0727: 0.30330884188479806
VOM19980403.0900.2349: 0.297636184819596
VOM19980223.0900.2288: 0.2975989820723185
VOM19980224.0700.2219: 0.2943851521147583
VOM19980319.0700.1102: 0.2916907220149878
VOM19980317.0700.0723: 0.2904917305469939
VOM19980327.0900.0757: 0.2903182371254823
VOM19980223.0900.2779: 0.2860833646687982
VOM19980303.0700.2491: 0.2857789553263515
