VOM19980531.0700.0040: 0.1889440405793373
VOM19980605.0730.0042: 0.1883235153878165
VOM19980605.0900.0045: 0.1883235153878165
VOM19980602.0900.0127: 0.18012658591868724
VOM19980220.0900.3537: 0.1746940167850346
VOM19980605.0700.0040: 0.16083657195375203
VOM19980602.0700.0166: 0.1606501648814766
VOM19980628.0700.0527: 0.15338323237871027
VOM19980531.0730.0006: 0.15137253551702315
VOM19980606.0730.0234: 0.1408752346484748
VOM19980606.0700.0206: 0.1408752346484748
VOM19980315.0700.1828: 0.13834518791214423
VOM19980526.0730.0229: 0.13645604235029202
