VOM19980314.0700.1261: 0.1776671903609244
VOM19980223.0700.1993: 0.14967543182447857
VOM19980403.0900.2349: 0.14886181500405607
VOM19980314.0700.0818: 0.14021621816920604
VOM19980224.0700.2219: 0.1398456597882025
VOM19980303.0700.2491: 0.1358993149961625
VOM19980317.0700.0924: 0.13491828785141274
VOM19980317.0900.0757: 0.13389035806329194
VOM19980220.0900.2138: 0.1336782351694419
VOM19980317.0700.0723: 0.13125821162916895
VOM19980225.0900.1275: 0.13054385693682635
VOM19980223.0900.2779: 0.12954336513936032
VOM19980225.0900.1029: 0.1294031710292685
