VOM19980602.0900.0127: 0.2001411451803589
VOM19980531.0700.0040: 0.19146338271121194
VOM19980220.0900.3537: 0.17084476025834497
VOM19980602.0700.0166: 0.16420204687800888
VOM19980605.0900.0045: 0.16406539315142227
VOM19980628.0700.0527: 0.15916624850720093
VOM19980605.0730.0042: 0.15885856307224627
VOM19980531.0730.0006: 0.14904665517202936
VOM19980315.0700.1828: 0.14690041612321994
VOM19980606.0730.0234: 0.130034551923995
VOM19980605.0700.0040: 0.129033898269833
VOM19980606.0700.0206: 0.12785829547105879
VOM19980604.0900.0159: 0.11799225877102053
