VOM19980326.0900.3298: 0.1306651886994367
VOM19980624.0730.0117: 0.12577164750872266
VOM19980603.0700.0457: 0.09926428349562048
VOM19980603.0730.0240: 0.09036066339083158
VOM19980403.0700.3400: 0.09016584985251024
VOM19980526.0730.0229: 0.08338925699926643
VOM19980327.0900.2035: 0.08082283279578341
VOM19980223.0700.0800: 0.07728003995534441
VOM19980227.0900.2416: 0.07530805636300415
VOM19980527.0700.0466: 0.07472591374557873
VOM19980311.0700.0357: 0.07400837743669159
VOM19980220.0700.0672: 0.07210691676568316
VOM19980225.0900.2065: 0.0718453902517661
