VOM19980527.0700.0042: 0.26703560975577206
VOM19980527.0730.0003: 0.249100947511811
VOM19980226.0900.1367: 0.2468901499389266
VOM19980501.0700.0297: 0.24467509146445957
VOM19980515.0900.0007: 0.24084099726772504
VOM19980524.0730.0061: 0.2394603721730798
VOM19980524.0700.0265: 0.2394603721730798
VOM19980527.0900.0008: 0.23777817717036506
VOM19980312.0900.3403: 0.23376229110609215
VOM19980623.0900.0051: 0.23308403071569914
VOM19980312.0900.1827: 0.23186944788008407
VOM19980317.0900.0330: 0.23002185311411805
VOM19980317.0700.0156: 0.22841609628806447
