VOM19980508.0700.0362: 0.21409083730836376
VOM19980510.0730.0001: 0.20327951149971338
VOM19980508.0730.0003: 0.20152942518858105
VOM19980507.0700.0242: 0.2005951176409013
VOM19980508.0900.0007: 0.2003276867899852
VOM19980506.0700.0042: 0.19979997406662803
VOM19980506.0900.0006: 0.19775490076739197
VOM19980507.0730.0066: 0.19761762636586427
VOM19980509.0730.0027: 0.19627757384559819
VOM19980507.0900.0040: 0.19201860731148063
VOM19980510.0700.0040: 0.19058651265361254
VOM19980509.0700.0089: 0.19053124530228643
VOM19980527.0700.0388: 0.180376103122518
