VOM19980603.0700.0103: 0.20208206417847413
VOM19980616.0730.0180: 0.1759667530631831
VOM19980616.0900.0100: 0.17438854402587228
VOM19980616.0730.0252: 0.1542675706333912
VOM19980616.0900.0077: 0.1542675706333912
VOM19980319.0900.2169: 0.1424451163238057
VOM19980531.0700.0120: 0.13876894941874193
VOM19980317.0700.0723: 0.1341946336721345
VOM19980224.0900.2345: 0.13231540117689408
VOM19980530.0700.0037: 0.1301616824777268
VOM19980618.0900.0057: 0.12624621987649332
VOM19980529.0700.0168: 0.12453631940312912
VOM19980225.0900.1275: 0.11891246254885135
