VOM19980314.0700.1911: 0.19880122600645556
VOM19980314.0700.0239: 0.19730390580968937
VOM19980316.0900.1667: 0.1899068541676019
VOM19980327.0900.2123: 0.18397097089837477
VOM19980311.0700.1883: 0.1803778248196474
VOM19980228.0700.0448: 0.1680059394390401
VOM19980302.0700.1749: 0.15674325817936144
VOM19980316.0900.1861: 0.1535878054944323
VOM19980319.0900.1922: 0.15232881264831816
VOM19980319.0900.0162: 0.15034614054773862
VOM19980305.0900.2891: 0.14718578855466719
VOM19980302.0700.1577: 0.14687106528863345
VOM19980227.0900.2836: 0.1438042335026315
