VOM19980314.0700.1261: 0.17365645212561628
VOM19980223.0700.1993: 0.1464322106432057
VOM19980403.0900.2349: 0.1449560802670802
VOM19980224.0700.2219: 0.13760857600617968
VOM19980314.0700.0818: 0.13650628122180375
VOM19980303.0700.2491: 0.1333844320293682
VOM19980317.0900.0757: 0.13122898299881888
VOM19980317.0700.0924: 0.13115777511455604
VOM19980220.0900.2138: 0.1300530687812659
VOM19980225.0900.1029: 0.1257701998691715
VOM19980317.0700.0723: 0.12575772587620648
VOM19980316.0900.2774: 0.12530364128283183
VOM19980223.0900.2779: 0.12520851716568168
