VOM19980314.0700.1911: 0.19883771907051992
VOM19980314.0700.0239: 0.1973386441879965
VOM19980316.0900.1667: 0.18996227209358804
VOM19980327.0900.2123: 0.18401868500724072
VOM19980311.0700.1883: 0.18042230026886374
VOM19980228.0700.0448: 0.1680416918197691
VOM19980302.0700.1749: 0.15679809564999114
VOM19980316.0900.1861: 0.1536155386283595
VOM19980319.0900.1922: 0.15238561537058432
VOM19980319.0900.0162: 0.15040220394058507
VOM19980305.0900.2891: 0.14723119593987527
VOM19980302.0700.1577: 0.14692328602819008
VOM19980404.0700.0676: 0.14384647958848537
