VOM19980424.0900.0178: 0.2662283443595086
VOM19980225.0900.2118: 0.2640726137846248
VOM19980225.0900.0421: 0.2640726137846248
VOM19980507.0700.0521: 0.25368079688239686
VOM19980511.0900.0004: 0.25031948894825307
VOM19980327.0900.2123: 0.2501021033328255
VOM19980511.0730.0099: 0.24918166719880072
VOM19980511.0700.0193: 0.2471557663714903
VOM19980302.0900.1291: 0.24518373516542177
VOM19980305.0700.0436: 0.2413974881832197
VOM19980511.0730.0003: 0.240146053214037
VOM19980511.0700.0039: 0.240146053214037
VOM19980302.0700.3469: 0.2381652558112335
