VOM19980524.0730.0061: 0.169199612838508
VOM19980524.0700.0265: 0.169199612838508
VOM19980527.0730.0003: 0.16760361303124519
VOM19980527.0700.0042: 0.1653061289345837
VOM19980527.0900.0008: 0.16227793166825558
VOM19980515.0900.0007: 0.15323435294192997
VOM19980410.0900.0241: 0.15031301005837255
VOM19980620.0700.0143: 0.14933109878948075
VOM19980421.0900.0146: 0.1487072401780116
VOM19980403.0900.2121: 0.1460490843521077
VOM19980630.0900.0127: 0.14411170899203
VOM19980403.0700.0489: 0.143408276201233
VOM19980515.0730.0053: 0.1431548180895655
