VOM19980507.0700.0521: 0.22204604074566103
VOM19980511.0900.0004: 0.19803696856473613
VOM19980511.0730.0003: 0.19337219956930368
VOM19980511.0700.0039: 0.19337219956930368
VOM19980529.0900.0148: 0.17147758782654204
VOM19980529.0730.0148: 0.16619339269766675
VOM19980529.0700.0334: 0.1387667109374218
VOM19980302.0900.1291: 0.1292385644825692
VOM19980301.0700.0168: 0.11651624702861815
VOM19980225.0900.2118: 0.1155609749691425
VOM19980225.0900.0421: 0.1155609749691425
VOM19980424.0900.0178: 0.11215740931942852
VOM19980511.0730.0099: 0.1110522732013352
