VOM19980603.0700.0103: 0.19230476967572704
VOM19980616.0730.0180: 0.1722471832034753
VOM19980616.0900.0100: 0.17161491102171927
VOM19980616.0730.0252: 0.14932939306750778
VOM19980616.0900.0077: 0.14932939306750778
VOM19980531.0700.0120: 0.13818815681001098
VOM19980317.0700.0723: 0.12276536238731255
VOM19980618.0900.0057: 0.12101636947174967
VOM19980529.0730.0042: 0.1146611184554007
VOM19980529.0900.0046: 0.1146611184554007
VOM19980224.0900.2345: 0.11087007804950574
VOM19980319.0900.2169: 0.10526691402783059
VOM19980604.0700.0039: 0.10336267019073578
