VOM19980325.0900.3341: 0.2123172060296067
VOM19980522.0700.0456: 0.13298622039336108
VOM19980607.0730.0033: 0.12030637144179851
VOM19980326.0700.1668: 0.11200653324713906
VOM19980522.0730.0286: 0.10451220724456388
VOM19980630.0900.0127: 0.09789619613056141
VOM19980312.0900.3445: 0.09206418655175373
VOM19980312.0900.1896: 0.09206418655175373
VOM19980306.0700.2852: 0.08861582215380656
VOM19980326.0900.3442: 0.0868784753699363
VOM19980312.0900.0990: 0.08612547257949775
VOM19980224.0700.2219: 0.08591945085257134
VOM19980607.0700.0121: 0.08563180566576697
