VOM19980301.0700.0393: 0.11610327257670212
VOM19980220.0700.2814: 0.10410995460669772
VOM19980410.0900.0241: 0.09829999010476259
VOM19980620.0700.0552: 0.09643439224848839
VOM19980224.0900.3022: 0.09477900286758592
VOM19980627.0700.0572: 0.0858754302010653
VOM19980223.0700.1511: 0.0845676521728462
VOM19980220.0700.0707: 0.08033557923722122
VOM19980607.0700.0385: 0.07989718686088298
VOM19980607.0730.0163: 0.07989718686088298
VOM19980613.0700.0555: 0.0797814304657647
VOM19980515.0900.0007: 0.0787163903732318
VOM19980315.0700.2508: 0.07664305101361847
