VOM19980314.0700.2522: 0.10648410908831368
VOM19980521.0700.0039: 0.10326833135078779
VOM19980222.0700.0448: 0.10222045377851773
VOM19980226.0900.0622: 0.10004955811942173
VOM19980220.0900.2583: 0.09995173708546655
VOM19980306.0700.1305: 0.09868603397313074
VOM19980428.0900.0080: 0.09644995701259705
VOM19980317.0700.0156: 0.09636874716566142
VOM19980507.0700.0127: 0.09636649127109047
VOM19980223.0700.1993: 0.0960300061451368
VOM19980531.0700.0235: 0.09377136233499453
VOM19980410.0900.0241: 0.09346377134547233
VOM19980319.0900.2169: 0.0932556926580044
