VOM19980224.0700.2219: 0.14772985224477803
VOM19980303.0700.2491: 0.14713213058658278
VOM19980303.0700.0783: 0.1462350879201401
VOM19980302.0900.2091: 0.14462402611473082
VOM19980305.0900.2166: 0.14082855593324567
VOM19980305.0900.1046: 0.1379543333391001
VOM19980302.0700.2334: 0.13508877775817965
VOM19980316.0900.2108: 0.1346092960138541
VOM19980325.0900.1209: 0.13152321720545945
VOM19980303.0900.2868: 0.13117520618802742
VOM19980315.0700.2670: 0.12999961589814035
VOM19980319.0700.2278: 0.1287931837395705
VOM19980223.0900.1151: 0.12651873439946468
