VOM19980315.0700.1310: 0.18055865660519102
VOM19980226.0900.2900: 0.1631115731802317
VOM19980326.0900.0149: 0.1606443796569559
VOM19980325.0900.2040: 0.14212806688703725
VOM19980325.0900.0124: 0.1392488999527735
VOM19980624.0730.0254: 0.1382974513795492
VOM19980628.0700.0316: 0.1331855197622091
VOM19980220.0900.1332: 0.12464257473893972
VOM19980624.0700.0382: 0.12358510320199032
VOM19980606.0730.0134: 0.12138633374022155
VOM19980226.0900.3196: 0.11866356592974284
VOM19980319.0700.0496: 0.11804417233480075
VOM19980506.0900.0257: 0.11724730614700708
