VOM19980311.0700.1487: 0.2024658887725196
VOM19980630.0900.0230: 0.19355440552236966
VOM19980303.0900.2128: 0.17948964911481552
VOM19980316.0700.0776: 0.1651764962582334
VOM19980304.0700.1058: 0.1571619217273776
VOM19980319.0700.2737: 0.15329757925311494
VOM19980303.0900.0396: 0.153081166353183
VOM19980304.0700.1276: 0.12137486296647527
VOM19980621.0700.0565: 0.12131057742983885
VOM19980326.0700.1793: 0.11145947855080858
VOM19980316.0700.0702: 0.11127240152496633
VOM19980306.0700.0971: 0.1110156453305863
VOM19980305.0900.2093: 0.11040323969899024
