VOM19980325.0900.3341: 0.204782139339166
VOM19980522.0700.0456: 0.12655110602864858
VOM19980607.0730.0033: 0.11165318315214134
VOM19980326.0700.1668: 0.10461089976038261
VOM19980522.0730.0286: 0.09691828368724148
VOM19980630.0900.0127: 0.09007884640448344
VOM19980312.0900.3445: 0.08494013953094798
VOM19980312.0900.1896: 0.08494013953094798
VOM19980306.0700.2852: 0.08290483425340117
VOM19980224.0700.2219: 0.08181098739567978
VOM19980326.0900.3442: 0.08004369833048235
VOM19980312.0900.0990: 0.07985864554166297
VOM19980325.0900.2179: 0.07918270897541052
