VOM19980315.0700.1310: 0.17270572347412053
VOM19980226.0900.2900: 0.15838647020737215
VOM19980326.0900.0149: 0.15068404243607597
VOM19980325.0900.2040: 0.13226350783824922
VOM19980325.0900.0124: 0.12933334035292784
VOM19980624.0730.0254: 0.12737009511046257
VOM19980628.0700.0316: 0.12382814609208999
VOM19980220.0900.1332: 0.12103844375185534
VOM19980624.0700.0382: 0.11446363912501681
VOM19980226.0900.3196: 0.11250627928533648
VOM19980606.0730.0134: 0.11152634247616819
VOM19980319.0700.0496: 0.11010142744969809
VOM19980506.0900.0257: 0.10677682018430286
