VOM19980603.0900.0074: 0.2868545467220041
VOM19980605.0730.0276: 0.22195645544926418
VOM19980603.0730.0280: 0.21797769463141115
VOM19980604.0900.0213: 0.2045130691218764
VOM19980606.0700.0354: 0.2021143595206418
VOM19980605.0700.0440: 0.19452983233054139
VOM19980604.0730.0250: 0.18452277884285645
VOM19980606.0730.0134: 0.16371574197113062
VOM19980509.0730.0100: 0.13146308518725486
VOM19980224.0900.2258: 0.12175711322957555
VOM19980502.0700.0438: 0.1103956625966658
VOM19980305.0700.0276: 0.10520431819658065
VOM19980319.0700.1874: 0.10501161286281929
