VOM19980315.0700.1310: 0.1795245503634483
VOM19980226.0900.2900: 0.16288540542203908
VOM19980326.0900.0149: 0.15928164014838078
VOM19980325.0900.2040: 0.14134737745482626
VOM19980325.0900.0124: 0.13842304612158163
VOM19980624.0730.0254: 0.13728138455722122
VOM19980628.0700.0316: 0.13243462307755466
VOM19980220.0900.1332: 0.12477894262704341
VOM19980624.0700.0382: 0.12282729780478113
VOM19980606.0730.0134: 0.12059221517802744
VOM19980226.0900.3196: 0.1182779417917287
VOM19980319.0700.0496: 0.117709349985887
VOM19980506.0900.0257: 0.11679803641313001
