VOM19980301.0700.0393: 0.11258403203592156
VOM19980220.0700.2814: 0.10192082740950344
VOM19980620.0700.0552: 0.0948776732893837
VOM19980410.0900.0241: 0.09320446990796626
VOM19980224.0900.3022: 0.09215505749740531
VOM19980627.0700.0572: 0.08344111237680969
VOM19980223.0700.1511: 0.08169588810565112
VOM19980613.0700.0555: 0.07872130152184251
VOM19980220.0700.0707: 0.07694188981488935
VOM19980607.0700.0385: 0.07533724159569187
VOM19980607.0730.0163: 0.07533724159569187
VOM19980515.0900.0007: 0.07475222346151666
VOM19980315.0700.2508: 0.07339204287057623
