VOM19980306.0700.1305: 0.08448849162082214
VOM19980314.0700.2522: 0.08420109514553409
VOM19980505.0700.0193: 0.08193627111920704
VOM19980226.0900.0622: 0.0781968206157961
VOM19980319.0900.2169: 0.07396416782128107
VOM19980223.0900.2288: 0.07382974555317695
VOM19980223.0700.1993: 0.07293956995569624
VOM19980507.0700.0127: 0.07208593924527756
VOM19980222.0700.0448: 0.0697706462265198
VOM19980515.0900.0007: 0.06930047343140004
VOM19980521.0700.0039: 0.06873983470182062
VOM19980623.0700.0314: 0.06819288302040222
VOM19980220.0900.2583: 0.06773250981021253
