VOM19980224.0700.2219: 0.133604750501328
VOM19980303.0700.2491: 0.13113092468412138
VOM19980302.0900.2091: 0.1301774747024021
VOM19980303.0700.0783: 0.1199617023261495
VOM19980305.0900.2166: 0.1166884556840148
VOM19980305.0900.1046: 0.11642473979310033
VOM19980316.0900.2108: 0.1156074055581062
VOM19980302.0700.2334: 0.1140247178664087
VOM19980325.0900.1209: 0.11052163331873827
VOM19980223.0900.1151: 0.11003225717035539
VOM19980303.0900.2868: 0.10869457181150628
VOM19980319.0700.2278: 0.10569137677861225
VOM19980223.0700.1993: 0.105126147239028
