VOM19980311.0700.1487: 0.2132920666323819
VOM19980630.0900.0230: 0.2073524898705
VOM19980303.0900.2128: 0.19556178143578784
VOM19980316.0700.0776: 0.1742368657846418
VOM19980303.0900.0396: 0.1684986621400499
VOM19980304.0700.1058: 0.1671158586152781
VOM19980319.0700.2737: 0.16062998504892617
VOM19980621.0700.0565: 0.1377003808762905
VOM19980304.0700.1276: 0.12834779410062105
VOM19980305.0900.2093: 0.12611074857460583
VOM19980316.0700.0702: 0.12471037895412379
VOM19980225.0700.0585: 0.12452361565131768
VOM19980306.0700.0971: 0.12165467140632774
