VOM19980311.0700.1487: 0.2172545541444665
VOM19980630.0900.0230: 0.21042475757119145
VOM19980303.0900.2128: 0.19990356816122917
VOM19980316.0700.0776: 0.1771921598186912
VOM19980303.0900.0396: 0.1729326414957464
VOM19980304.0700.1058: 0.17129923597889501
VOM19980319.0700.2737: 0.1632446194823187
VOM19980621.0700.0565: 0.14228463977612932
VOM19980305.0900.2093: 0.13119636108599989
VOM19980304.0700.1276: 0.13080132597931485
VOM19980225.0700.0585: 0.12955720225581094
VOM19980316.0700.0702: 0.12886486169483827
VOM19980306.0700.0971: 0.12595922308381743
