VOM19980315.0700.1310: 0.18205407967636944
VOM19980226.0900.2900: 0.16485578879180957
VOM19980326.0900.0149: 0.1622608013239895
VOM19980325.0900.2040: 0.1435246276553232
VOM19980325.0900.0124: 0.140720357839974
VOM19980624.0730.0254: 0.13998553595790875
VOM19980628.0700.0316: 0.1347054446958977
VOM19980220.0900.1332: 0.12619699988134525
VOM19980624.0700.0382: 0.12546407254062736
VOM19980606.0730.0134: 0.12355840304276394
VOM19980226.0900.3196: 0.12079370187126777
VOM19980319.0700.0496: 0.11964078330251339
VOM19980506.0900.0257: 0.11897646520621322
