VOM19980222.0700.0448: 0.11510005301001207
VOM19980316.0900.2774: 0.10228620147146292
VOM19980404.0700.1061: 0.10187656438839862
VOM19980326.0900.2164: 0.10152897576609127
VOM19980326.0700.2359: 0.10152363498567521
VOM19980225.0900.0714: 0.10047236786779964
VOM19980302.0700.0484: 0.0992150631251763
VOM19980225.0900.1919: 0.09891843742032681
VOM19980221.0700.2690: 0.09824313926402721
VOM19980403.0900.0619: 0.09813749006225995
VOM19980225.0900.0216: 0.09785118842352569
VOM19980325.0900.0905: 0.096147151000052
VOM19980403.0700.1169: 0.09611960129991384
