VOM19980602.0900.0127: 0.20134991709943748
VOM19980531.0700.0040: 0.19266460263760551
VOM19980220.0900.3537: 0.1729634261044815
VOM19980602.0700.0166: 0.1653948527087197
VOM19980605.0900.0045: 0.1653083298161773
VOM19980628.0700.0527: 0.16091813883427197
VOM19980605.0730.0042: 0.16015289751439257
VOM19980531.0730.0006: 0.15100581279982428
VOM19980315.0700.1828: 0.14796754102207108
VOM19980606.0730.0234: 0.13167338840455256
VOM19980605.0700.0040: 0.13011785262018424
VOM19980606.0700.0206: 0.1295105828901499
VOM19980604.0900.0159: 0.1194429030925363
