VOM19980508.0700.0362: 0.2148870123650978
VOM19980510.0730.0001: 0.2037497633242222
VOM19980508.0730.0003: 0.20223833819749407
VOM19980507.0700.0242: 0.20193626821915803
VOM19980508.0900.0007: 0.201023758743002
VOM19980506.0700.0042: 0.1995262634201701
VOM19980506.0900.0006: 0.1982145026039098
VOM19980509.0730.0027: 0.19716042414224494
VOM19980507.0730.0066: 0.1971115295018057
VOM19980510.0700.0040: 0.19226067965149973
VOM19980507.0900.0040: 0.19141627132851385
VOM19980509.0700.0089: 0.19140317448968464
VOM19980327.0900.0221: 0.18245697184840212
