VOM19980325.0900.3341: 0.22113224429829761
VOM19980522.0700.0456: 0.1642539117621978
VOM19980326.0700.1668: 0.14363878213165157
VOM19980607.0730.0033: 0.1346153722784468
VOM19980326.0900.3442: 0.13348553623400922
VOM19980630.0900.0127: 0.1290527943723518
VOM19980306.0700.2852: 0.12844317220315288
VOM19980522.0730.0286: 0.1275090757314679
VOM19980326.0700.1793: 0.12747047849611912
VOM19980312.0900.0990: 0.12696789905704786
VOM19980222.0700.1501: 0.12612735213973023
VOM19980222.0700.0448: 0.12372101409684835
VOM19980316.0700.0944: 0.12367878739570907
