VOM19980314.0700.1911: 0.2325252416376335
VOM19980314.0700.0239: 0.22825066834902
VOM19980316.0900.1667: 0.22456633846290885
VOM19980327.0900.2123: 0.21196165718123874
VOM19980319.0900.1922: 0.1876356409583147
VOM19980319.0900.0162: 0.1863964652701748
VOM19980305.0700.0354: 0.1814115059739043
VOM19980302.0700.1749: 0.17906746276390514
VOM19980311.0700.1883: 0.17340209449413335
VOM19980623.0700.0507: 0.17237071428703132
VOM19980623.0730.0101: 0.17237071428703132
VOM19980619.0700.0464: 0.17104690882088383
VOM19980303.0900.0203: 0.17038933462858624
