VOM19980314.0700.1261: 0.17950119395466343
VOM19980223.0700.1993: 0.15159532537343062
VOM19980403.0900.2349: 0.15073522618179264
VOM19980314.0700.0818: 0.1423166136989366
VOM19980224.0700.2219: 0.1413033075930177
VOM19980303.0700.2491: 0.13741591390510338
VOM19980317.0700.0924: 0.13693409993640718
VOM19980317.0900.0757: 0.1354476768808378
VOM19980220.0900.2138: 0.1352842864429708
VOM19980317.0700.0723: 0.13354401463957138
VOM19980225.0900.1275: 0.13260767081314864
VOM19980223.0900.2779: 0.13156703869363826
VOM19980225.0900.1029: 0.13116241638903947
