VOM19980311.0700.1487: 0.22493733640730731
VOM19980304.0700.1058: 0.20779606912118065
VOM19980630.0900.0230: 0.20746516168177434
VOM19980303.0900.2128: 0.20716178043341185
VOM19980319.0700.2737: 0.1934972712676638
VOM19980316.0700.0776: 0.1934782515850395
VOM19980303.0900.0396: 0.18481485418193394
VOM19980326.0700.1793: 0.16160799578333804
VOM19980306.0700.0971: 0.15797349899598517
VOM19980316.0700.0944: 0.15179253793858066
VOM19980523.0700.0189: 0.15037666703619593
VOM19980305.0900.2093: 0.14718895685366526
VOM19980304.0700.1276: 0.14680874160855195
