VOM19980311.0700.1487: 0.21723502031154435
VOM19980630.0900.0230: 0.21040989453828185
VOM19980303.0900.2128: 0.19988187286598677
VOM19980316.0700.0776: 0.17717218575663818
VOM19980303.0900.0396: 0.17291032340966137
VOM19980304.0700.1058: 0.17126949728732457
VOM19980319.0700.2737: 0.16322171110196645
VOM19980621.0700.0565: 0.1422693346121872
VOM19980305.0900.2093: 0.13117430203989824
VOM19980304.0700.1276: 0.13078701980989324
VOM19980225.0700.0585: 0.1295348143485167
VOM19980316.0700.0702: 0.1288508763955523
VOM19980306.0700.0971: 0.12593179147264727
