VOM19980301.0700.0393: 0.10862265789373432
VOM19980220.0700.2814: 0.10069117730601841
VOM19980620.0700.0552: 0.0924902760900231
VOM19980224.0900.3022: 0.09059582518411623
VOM19980410.0900.0241: 0.08610278767919774
VOM19980223.0700.1511: 0.0800853854865588
VOM19980627.0700.0572: 0.07981210666645529
VOM19980613.0700.0555: 0.07849582583151068
VOM19980220.0700.0707: 0.07502262558410332
VOM19980515.0900.0007: 0.07148790897620254
VOM19980315.0700.2508: 0.07121102222796281
VOM19980607.0700.0385: 0.07054261673366474
VOM19980607.0730.0163: 0.07054261673366474
