VOM19980630.0900.0230: 0.22821452335598702
VOM19980311.0700.1487: 0.22407576223349662
VOM19980303.0900.2128: 0.2185075981920927
VOM19980303.0900.0396: 0.19239350918024348
VOM19980316.0700.0776: 0.1839193489190128
VOM19980304.0700.1058: 0.17312160571487917
VOM19980621.0700.0565: 0.1680101522345235
VOM19980319.0700.2737: 0.1645299509442453
VOM19980305.0900.2093: 0.1513061564309337
VOM19980225.0700.0585: 0.15068941892761
VOM19980316.0700.0702: 0.14823017341964417
VOM19980316.0900.0367: 0.13714959327761908
VOM19980523.0700.0189: 0.13673864696513702
