VOM19980603.0700.0103: 0.1856581979643202
VOM19980616.0730.0180: 0.16203580392151995
VOM19980616.0900.0100: 0.16058253865597816
VOM19980616.0730.0252: 0.1410523466073891
VOM19980616.0900.0077: 0.1410523466073891
VOM19980319.0900.2169: 0.1271644716330658
VOM19980531.0700.0120: 0.12334812913508805
VOM19980317.0700.0723: 0.12178853884932136
VOM19980224.0900.2345: 0.12062182552986782
VOM19980530.0700.0037: 0.115926057282607
VOM19980618.0900.0057: 0.11145657014688891
VOM19980529.0700.0168: 0.1100516985148094
VOM19980225.0900.1275: 0.1071959810945947
