VOM19980222.0700.0448: 0.10812187931179101
VOM19980220.0700.2208: 0.10704440752550845
VOM19980221.0700.2690: 0.10490660363470634
VOM19980316.0900.2774: 0.10445049110139212
VOM19980221.0700.2087: 0.10276955713757577
VOM19980326.0900.2164: 0.10132567253479528
VOM19980326.0700.2359: 0.10132567253479528
VOM19980325.0900.0905: 0.10083589596324119
VOM19980225.0900.0714: 0.10021844641071945
VOM19980226.0900.2027: 0.0988527680341975
VOM19980403.0900.0619: 0.0987072253769988
VOM19980228.0700.0636: 0.09525864327989651
VOM19980302.0700.0484: 0.09472418008942107
