VOM19980314.0700.1911: 0.21261203884370436
VOM19980314.0700.0239: 0.21062587928828508
VOM19980327.0900.2123: 0.17173914717759875
VOM19980316.0900.1667: 0.17041944299960501
VOM19980316.0900.1861: 0.1573974675408171
VOM19980303.0900.1926: 0.1427806762827797
VOM19980311.0700.1883: 0.14248842411535376
VOM19980228.0700.0448: 0.14208964758960818
VOM19980302.0700.3423: 0.14080111642318277
VOM19980303.0900.3358: 0.13996033655033424
VOM19980302.0700.2096: 0.13505226477615875
VOM19980623.0700.0507: 0.13410081204628854
VOM19980623.0730.0101: 0.13410081204628854
