VOM19980301.0700.0393: 0.11610884376490159
VOM19980220.0700.2814: 0.10412067832184417
VOM19980410.0900.0241: 0.09831645083621385
VOM19980620.0700.0552: 0.09644082521333251
VOM19980224.0900.3022: 0.09478772280064347
VOM19980627.0700.0572: 0.08588151221808539
VOM19980223.0700.1511: 0.08458113851959695
VOM19980220.0700.0707: 0.0803446575493914
VOM19980607.0700.0385: 0.0799034729726843
VOM19980607.0730.0163: 0.0799034729726843
VOM19980613.0700.0555: 0.07978749198863237
VOM19980515.0900.0007: 0.0787253621893133
VOM19980315.0700.2508: 0.07665575473896546
