VOM19980508.0700.0362: 0.2054038387020829
VOM19980508.0730.0003: 0.19311440220830312
VOM19980506.0700.0042: 0.19258835128534357
VOM19980507.0700.0242: 0.19132419717056584
VOM19980508.0900.0007: 0.19079273553585605
VOM19980510.0730.0001: 0.18880997876063338
VOM19980506.0900.0006: 0.1880625610662956
VOM19980509.0730.0027: 0.1843812381515467
VOM19980507.0730.0066: 0.18269349207357669
VOM19980510.0700.0040: 0.1822883693495214
VOM19980509.0700.0089: 0.17948969262886
VOM19980507.0900.0040: 0.17817138344865135
VOM19980327.0900.0221: 0.1711509020219821
