VOM19980616.0730.0180: 0.10999219615017392
VOM19980616.0900.0100: 0.10963183767695711
VOM19980222.0700.0448: 0.10665357599938972
VOM19980319.0900.0364: 0.10548567270552263
VOM19980526.0900.0124: 0.10481788474293022
VOM19980316.0900.2774: 0.103064906517517
VOM19980302.0700.0484: 0.10277066566310206
VOM19980225.0900.1919: 0.10120289675737461
VOM19980404.0700.1061: 0.10104850826969428
VOM19980526.0730.0065: 0.10070348233183456
VOM19980225.0900.0216: 0.1001110003136538
VOM19980225.0900.0714: 0.09918189516006819
VOM19980221.0700.2690: 0.09542000181120898
