VOM19980311.0700.1487: 0.20464430893535673
VOM19980630.0900.0230: 0.20075043601422166
VOM19980303.0900.2128: 0.187584401698978
VOM19980316.0700.0776: 0.16724406647728046
VOM19980303.0900.0396: 0.16063616187275512
VOM19980304.0700.1058: 0.1579144887526271
VOM19980319.0700.2737: 0.15382491742960192
VOM19980621.0700.0565: 0.13021095432950414
VOM19980304.0700.1276: 0.1224069652757255
VOM19980305.0900.2093: 0.11756861421681258
VOM19980316.0700.0702: 0.11750875206680121
VOM19980225.0700.0585: 0.11626361316895066
VOM19980306.0700.0971: 0.1132242797810129
