VOM19980314.0700.1261: 0.17270082718866056
VOM19980223.0700.1993: 0.14505051967819121
VOM19980403.0900.2349: 0.1442824382045353
VOM19980224.0700.2219: 0.13688458541502216
VOM19980314.0700.0818: 0.1349831012214433
VOM19980303.0700.2491: 0.13271715416383198
VOM19980317.0900.0757: 0.13077146959404956
VOM19980220.0900.2138: 0.13016296570920846
VOM19980317.0700.0924: 0.12992496383558524
VOM19980225.0900.1029: 0.12552567529840408
VOM19980316.0900.2774: 0.12526325053419643
VOM19980317.0700.0723: 0.12516481950575184
VOM19980225.0900.1275: 0.12504730873455533
