VOM19980325.0900.3341: 0.24058556498157158
VOM19980522.0730.0286: 0.1652976054396331
VOM19980607.0730.0033: 0.15799746675332543
VOM19980522.0700.0456: 0.15211505432625108
VOM19980326.0700.1668: 0.1477882249127862
VOM19980630.0900.0127: 0.14236780867496268
VOM19980603.0700.0282: 0.14175145868270211
VOM19980522.0730.0037: 0.1416055425999923
VOM19980522.0900.0039: 0.1416055425999923
VOM19980531.0700.0235: 0.13787950960189846
VOM19980302.0900.0457: 0.13427268471478734
VOM19980223.0900.1820: 0.1337651527685876
VOM19980304.0700.0871: 0.13368961503117646
