VOM19980602.0900.0127: 0.18470587420749393
VOM19980531.0700.0040: 0.17882216853757985
VOM19980605.0900.0045: 0.1786069569273501
VOM19980605.0730.0042: 0.1729386312809957
VOM19980602.0700.0166: 0.1572265926382392
VOM19980220.0900.3537: 0.14469967494633704
VOM19980605.0700.0040: 0.14288192646608205
VOM19980531.0730.0006: 0.14228872081112237
VOM19980628.0700.0527: 0.14102078631134277
VOM19980315.0700.1828: 0.13379504183647872
VOM19980526.0730.0229: 0.1282759818192506
VOM19980606.0730.0234: 0.12390237188035878
VOM19980606.0700.0206: 0.12182874350736801
