VOM19980311.0700.1487: 0.18731697078127588
VOM19980304.0700.1058: 0.17309345421751052
VOM19980319.0700.2737: 0.166225648127478
VOM19980630.0900.0230: 0.1634433778619449
VOM19980316.0700.0776: 0.15975693562692247
VOM19980303.0900.2128: 0.15895126538121496
VOM19980303.0900.0396: 0.1373629910048921
VOM19980326.0700.1793: 0.13295282738800523
VOM19980306.0700.0971: 0.12112563382944609
VOM19980304.0700.1276: 0.11968795445178627
VOM19980316.0700.0944: 0.11942572348325278
VOM19980404.0700.2918: 0.11210970322201173
VOM19980317.0700.1605: 0.10528307692412855
