VOM19980508.0700.0362: 0.2123185849385115
VOM19980508.0730.0003: 0.19868457953134339
VOM19980508.0900.0007: 0.1942521349631239
VOM19980507.0700.0242: 0.19232501746317082
VOM19980510.0700.0040: 0.18813336579980472
VOM19980327.0900.0221: 0.18577895090117313
VOM19980506.0900.0006: 0.18175371927429615
VOM19980506.0700.0042: 0.1804697616888172
VOM19980510.0730.0001: 0.1797581084625303
VOM19980509.0730.0027: 0.17669767281959767
VOM19980427.0900.0219: 0.17622870248706468
VOM19980509.0700.0089: 0.17344447728794238
VOM19980504.0700.0025: 0.17244507281239943
