VOM19980508.0700.0362: 0.20048787657104464
VOM19980508.0730.0003: 0.18913392083308314
VOM19980508.0900.0007: 0.1871966706622268
VOM19980506.0700.0042: 0.18621103285987173
VOM19980507.0700.0242: 0.1851734456392092
VOM19980510.0730.0001: 0.18345485351023447
VOM19980506.0900.0006: 0.1834370691806094
VOM19980509.0730.0027: 0.17881586643134628
VOM19980510.0700.0040: 0.17641806993213036
VOM19980507.0730.0066: 0.17621147663447564
VOM19980509.0700.0089: 0.17351405834930853
VOM19980507.0900.0040: 0.17112009585595483
VOM19980327.0900.0221: 0.16804728247535988
