VOM19980603.0900.0074: 0.3417481258716938
VOM19980604.0900.0213: 0.23116462163343363
VOM19980603.0730.0280: 0.22604082609412518
VOM19980605.0730.0276: 0.2166292226353877
VOM19980604.0730.0250: 0.20564591456655493
VOM19980605.0700.0440: 0.1988181546604925
VOM19980606.0700.0354: 0.17525224249332846
VOM19980606.0730.0134: 0.12810347908894235
VOM19980223.0900.1854: 0.09744928663540077
VOM19980223.0900.0265: 0.09704855625793431
VOM19980509.0730.0100: 0.09030703028351664
VOM19980224.0900.2258: 0.08896352582441136
VOM19980223.0900.3466: 0.08050971446660787
