VOM19980603.0700.0103: 0.1993007601213464
VOM19980616.0730.0180: 0.17767715713413107
VOM19980616.0900.0100: 0.17694913999949352
VOM19980616.0730.0252: 0.15479905066235372
VOM19980616.0900.0077: 0.15479905066235372
VOM19980531.0700.0120: 0.1441559194589966
VOM19980317.0700.0723: 0.12822107938557722
VOM19980618.0900.0057: 0.1270336080465919
VOM19980529.0730.0042: 0.11907986007254512
VOM19980529.0900.0046: 0.11907986007254512
VOM19980224.0900.2345: 0.11621870959832928
VOM19980319.0900.2169: 0.11296694027686792
VOM19980604.0700.0039: 0.1091049043502981
