VOM19980314.0700.2522: 0.08751774150683676
VOM19980226.0900.0622: 0.0819706874122
VOM19980223.0700.1993: 0.08195980581369802
VOM19980222.0700.0448: 0.08193877826470897
VOM19980220.0900.2583: 0.07968332470101368
VOM19980223.0900.2288: 0.07481303245684677
VOM19980224.0700.2219: 0.0708556122800356
VOM19980222.0700.1016: 0.06910566054009777
VOM19980223.0900.2973: 0.06907585509697382
VOM19980225.0900.1428: 0.06813807944671328
VOM19980404.0700.0676: 0.06714576954285947
VOM19980314.0700.0818: 0.06699029014338073
VOM19980226.0900.2027: 0.06684497246325768
