VOM19980325.0900.3341: 0.20425214814303103
VOM19980522.0700.0456: 0.12617555864983784
VOM19980607.0730.0033: 0.11070151637931921
VOM19980326.0700.1668: 0.10334223427069283
VOM19980522.0730.0286: 0.09540836328170019
VOM19980630.0900.0127: 0.08889599072532609
VOM19980312.0900.3445: 0.0843473275128057
VOM19980312.0900.1896: 0.0843473275128057
VOM19980306.0700.2852: 0.08178172294955524
VOM19980224.0700.2219: 0.08102033354101387
VOM19980325.0900.2179: 0.0794413305236503
VOM19980326.0900.3442: 0.07886128698838188
VOM19980312.0900.0990: 0.0785997303402946
