VOM19980315.0700.1310: 0.19304788340861617
VOM19980326.0900.0149: 0.17719150434663508
VOM19980226.0900.2900: 0.1683912974368107
VOM19980325.0900.2040: 0.16240294140748945
VOM19980325.0900.0124: 0.15936261167938526
VOM19980624.0730.0254: 0.1588832353806613
VOM19980628.0700.0316: 0.15281747561857587
VOM19980624.0700.0382: 0.14133324361803556
VOM19980506.0900.0257: 0.14034383476845688
VOM19980606.0730.0134: 0.13961222771788293
VOM19980319.0700.0496: 0.13614363248117092
VOM19980508.0700.0452: 0.13295203082017878
VOM19980508.0900.0211: 0.13240388069777267
