VOM19980507.0700.0521: 0.2221512287426253
VOM19980511.0900.0004: 0.19803644138565618
VOM19980511.0730.0003: 0.19340867564630057
VOM19980511.0700.0039: 0.19340867564630057
VOM19980529.0900.0148: 0.1720933499860235
VOM19980529.0730.0148: 0.16697132161660863
VOM19980529.0700.0334: 0.13931505546536863
VOM19980302.0900.1291: 0.1294110698249396
VOM19980301.0700.0168: 0.11635201655947724
VOM19980225.0900.2118: 0.11431532723111452
VOM19980225.0900.0421: 0.11431532723111452
VOM19980424.0900.0178: 0.1109979866479848
VOM19980511.0730.0099: 0.1104628845414836
