VOM19980220.0700.2814: 0.11651579420589267
VOM19980410.0900.0241: 0.10745559970384111
VOM19980301.0700.0393: 0.10687951154973525
VOM19980223.0700.1511: 0.10489996082137848
VOM19980224.0900.3022: 0.10351946896373482
VOM19980326.0900.2164: 0.09634960609523933
VOM19980326.0700.2359: 0.09634960609523933
VOM19980620.0700.0552: 0.0926093087988265
VOM19980227.0900.3069: 0.0917956391745757
VOM19980315.0700.2508: 0.09096419347805446
VOM19980220.0700.0707: 0.0857572550795636
VOM19980317.0900.2819: 0.08464345287032567
VOM19980515.0900.0007: 0.08217279909766655
