VOM19980316.0900.1667: 0.31544521825908095
VOM19980327.0900.2123: 0.2909118951044221
VOM19980319.0900.1922: 0.2859570899255072
VOM19980302.0700.1749: 0.2822861093102117
VOM19980319.0900.0162: 0.28223514701594615
VOM19980314.0700.1911: 0.27867916304480134
VOM19980311.0700.1883: 0.27701529410848447
VOM19980314.0700.0239: 0.27258767268772466
VOM19980302.0700.1577: 0.2677727260975689
VOM19980619.0700.0464: 0.2644488862900665
VOM19980619.0730.0212: 0.260164543163842
VOM19980305.0900.2891: 0.25403835245125983
VOM19980222.0700.0448: 0.2535170320358185
