VOM19980314.0700.1261: 0.17766719036092457
VOM19980223.0700.1993: 0.1496754318244786
VOM19980403.0900.2349: 0.14886181500405604
VOM19980314.0700.0818: 0.14021621816920604
VOM19980224.0700.2219: 0.13984565978820265
VOM19980303.0700.2491: 0.13589931499616245
VOM19980317.0700.0924: 0.13491828785141283
VOM19980317.0900.0757: 0.1338903580632921
VOM19980220.0900.2138: 0.13367823516944183
VOM19980317.0700.0723: 0.13125821162916892
VOM19980225.0900.1275: 0.13054385693682632
VOM19980223.0900.2779: 0.12954336513936038
VOM19980225.0900.1029: 0.1294031710292685
