VOM19980311.0700.1487: 0.2501467234829576
VOM19980303.0900.2128: 0.2428034535782574
VOM19980630.0900.0230: 0.22177923187436344
VOM19980304.0700.1058: 0.22049044453874236
VOM19980303.0900.0396: 0.22048239720672388
VOM19980621.0700.0565: 0.19716065359768764
VOM19980316.0700.0776: 0.1951716039780894
VOM19980523.0700.0189: 0.19271405823331308
VOM19980305.0900.2093: 0.18460469261143944
VOM19980319.0700.2737: 0.1834027309485906
VOM19980225.0700.0585: 0.1801186649930276
VOM19980306.0700.0971: 0.17712294645245555
VOM19980316.0700.0944: 0.16496018195712267
