VOM19980222.0700.0448: 0.14899388756361723
VOM19980225.0900.0216: 0.14671514900366275
VOM19980225.0900.1919: 0.14671514900366275
VOM19980316.0900.2774: 0.1466550134210162
VOM19980225.0900.0714: 0.14595736326460912
VOM19980221.0700.2690: 0.1423145149638608
VOM19980302.0700.0484: 0.1411785008906005
VOM19980221.0700.2087: 0.1407871134796781
VOM19980325.0900.0905: 0.1397460530830964
VOM19980220.0700.2208: 0.13847972614898157
VOM19980326.0900.2164: 0.13703246924964732
VOM19980326.0700.2359: 0.13703246924964732
VOM19980403.0900.0619: 0.13633223304014505
