VOM19980325.0900.3341: 0.16373295004118008
VOM19980522.0700.0456: 0.09494558102925921
VOM19980326.0700.1668: 0.09281982108562359
VOM19980222.0700.0448: 0.08255638095351076
VOM19980224.0700.2219: 0.07985447662001526
VOM19980312.0900.0990: 0.07740955736785225
VOM19980326.0700.1793: 0.07637653058297608
VOM19980222.0700.1501: 0.076028499211804
VOM19980316.0700.0944: 0.07510050782321327
VOM19980223.0700.3043: 0.0747557368722545
VOM19980630.0900.0127: 0.07473887292964844
VOM19980306.0700.2852: 0.07467156966224
VOM19980522.0730.0286: 0.07441809956546874
