VOM19980314.0700.0818: 0.32886214329750546
VOM19980223.0700.1993: 0.3261984008596882
VOM19980314.0700.1261: 0.3249731854943039
VOM19980317.0700.0924: 0.304451107545673
VOM19980403.0700.0727: 0.30330884188480095
VOM19980403.0900.2349: 0.2976361848195976
VOM19980223.0900.2288: 0.2975989820723174
VOM19980224.0700.2219: 0.2943851521147589
VOM19980319.0700.1102: 0.29169072201499086
VOM19980317.0700.0723: 0.2904917305469941
VOM19980327.0900.0757: 0.290318237125481
VOM19980223.0900.2779: 0.2860833646687968
VOM19980303.0700.2491: 0.28577895532634895
