VOM19980511.0700.0080: 0.12937598379275858
VOM19980511.0730.0040: 0.12937598379275858
VOM19980410.0900.0241: 0.12783733317835314
VOM19980521.0700.0039: 0.1264774041849646
VOM19980314.0700.2522: 0.12392513540398827
VOM19980317.0700.0156: 0.1224624351804496
VOM19980306.0700.1305: 0.12124669630298131
VOM19980222.0700.0448: 0.11993344283657216
VOM19980220.0900.2583: 0.11845566120536054
VOM19980507.0700.0127: 0.11805867963076246
VOM19980319.0900.2169: 0.11641254111500052
VOM19980531.0700.0235: 0.1158782179398575
VOM19980226.0900.0622: 0.11557462380731304
