VOM19980527.0700.0042: 0.26703560975577223
VOM19980527.0730.0003: 0.249100947511811
VOM19980226.0900.1367: 0.2468901499389256
VOM19980501.0700.0297: 0.24467509146445965
VOM19980515.0900.0007: 0.2408409972677251
VOM19980524.0730.0061: 0.2394603721730798
VOM19980524.0700.0265: 0.2394603721730798
VOM19980527.0900.0008: 0.23777817717036503
VOM19980312.0900.3403: 0.23376229110609234
VOM19980623.0900.0051: 0.23308403071569944
VOM19980312.0900.1827: 0.2318694478800841
VOM19980317.0900.0330: 0.23002185311411807
VOM19980317.0700.0156: 0.22841609628806442
