VOM19980314.0700.1261: 0.182116908793951
VOM19980223.0700.1993: 0.15458189409500336
VOM19980403.0900.2349: 0.15343858281384284
VOM19980314.0700.0818: 0.14553994071506235
VOM19980224.0700.2219: 0.14365807587718998
VOM19980317.0700.0924: 0.13997707223278202
VOM19980303.0700.2491: 0.1398081802717913
VOM19980317.0900.0757: 0.1378627627126257
VOM19980220.0900.2138: 0.13755714586826984
VOM19980317.0700.0723: 0.13665369130179267
VOM19980225.0900.1275: 0.13529292923524164
VOM19980223.0900.2779: 0.13446102312605063
VOM19980225.0900.1029: 0.1336980376242945
