VOM19980526.0900.0124: 0.12284901238259405
VOM19980616.0730.0180: 0.12274847669585127
VOM19980616.0900.0100: 0.12227836071702969
VOM19980225.0900.1919: 0.1185692591628024
VOM19980526.0730.0065: 0.11774992340723935
VOM19980225.0900.0216: 0.11724855057281335
VOM19980319.0900.0364: 0.11671212168453743
VOM19980222.0700.0448: 0.11491058470491473
VOM19980302.0700.0484: 0.11199149247386009
VOM19980316.0900.2774: 0.11105991758716599
VOM19980404.0700.1061: 0.10971699327772928
VOM19980225.0900.0714: 0.10802547140016826
VOM19980326.0700.0480: 0.10243959453438943
