VOM19980508.0700.0362: 0.21677472017845784
VOM19980510.0730.0001: 0.20723564272563208
VOM19980507.0700.0242: 0.2040582866579537
VOM19980508.0730.0003: 0.2037573380763875
VOM19980508.0900.0007: 0.2026974456241944
VOM19980506.0700.0042: 0.20163467047835876
VOM19980507.0730.0066: 0.20135964224290248
VOM19980506.0900.0006: 0.20011782629058356
VOM19980509.0730.0027: 0.19976670184804152
VOM19980507.0900.0040: 0.19558555826331364
VOM19980510.0700.0040: 0.19399230928778025
VOM19980509.0700.0089: 0.1939485827586381
VOM19980527.0700.0388: 0.18388065292374067
