VOM19980303.0700.0783: 0.1294887105116437
VOM19980326.0900.0118: 0.11701049166298222
VOM19980530.0700.0107: 0.11633392511505736
VOM19980530.0730.0037: 0.11495723887002332
VOM19980305.0900.2166: 0.1144444374365974
VOM19980315.0700.2670: 0.11422815729949236
VOM19980305.0900.1046: 0.11208001928427828
VOM19980224.0700.1530: 0.10943639365421969
VOM19980612.0700.0080: 0.10897971962188953
VOM19980303.0700.2491: 0.1069415693217108
VOM19980623.0900.0051: 0.10628624042603352
VOM19980224.0700.2219: 0.10587687587230794
VOM19980302.0900.2091: 0.10328293857545176
