VOM19980325.0900.3341: 0.22118828827610681
VOM19980522.0700.0456: 0.16429740810123322
VOM19980326.0700.1668: 0.14368738515197205
VOM19980607.0730.0033: 0.13466465408814277
VOM19980326.0900.3442: 0.13353345490910526
VOM19980630.0900.0127: 0.1291019855383671
VOM19980306.0700.2852: 0.12848458321822534
VOM19980522.0730.0286: 0.1275594190430083
VOM19980326.0700.1793: 0.12751634828122424
VOM19980312.0900.0990: 0.12701222098981327
VOM19980222.0700.1501: 0.12617046232190354
VOM19980222.0700.0448: 0.12377404526905988
VOM19980316.0700.0944: 0.12372976720665747
