VOM19980315.0700.1310: 0.1820365672747641
VOM19980226.0900.2900: 0.1648432054767683
VOM19980326.0900.0149: 0.16224557206295612
VOM19980325.0900.2040: 0.14351287811899582
VOM19980325.0900.0124: 0.14070903756407174
VOM19980624.0730.0254: 0.13997274456724784
VOM19980628.0700.0316: 0.13468857095553394
VOM19980220.0900.1332: 0.1261884843986545
VOM19980624.0700.0382: 0.12545079400893497
VOM19980606.0730.0134: 0.12354025595385747
VOM19980226.0900.3196: 0.12078171041961049
VOM19980319.0700.0496: 0.11962970785647924
VOM19980506.0900.0257: 0.11896738290653226
