VOM19980314.0700.1261: 0.17947564699963175
VOM19980223.0700.1993: 0.1515662468547926
VOM19980403.0900.2349: 0.15071251763916382
VOM19980314.0700.0818: 0.14228480363836776
VOM19980224.0700.2219: 0.14128170944288343
VOM19980303.0700.2491: 0.13739448554575678
VOM19980317.0700.0924: 0.1369053807745997
VOM19980317.0900.0757: 0.1354300116660616
VOM19980220.0900.2138: 0.13526450823401873
VOM19980317.0700.0723: 0.1335148431037847
VOM19980225.0900.1275: 0.13258221033151715
VOM19980223.0900.2779: 0.13154091358340203
VOM19980225.0900.1029: 0.13114163217236174
