VOM19980314.0700.1261: 0.1977771586158711
VOM19980223.0700.1993: 0.19458525699411358
VOM19980224.0700.2219: 0.19115263821607295
VOM19980314.0700.0818: 0.1866766504507819
VOM19980303.0700.2491: 0.18066252138042338
VOM19980317.0900.0757: 0.17565523271932101
VOM19980403.0900.2349: 0.17420044059117337
VOM19980302.0900.2091: 0.17339196090187567
VOM19980317.0700.0924: 0.17190871759506873
VOM19980225.0700.2209: 0.171839976554887
VOM19980403.0700.0727: 0.17051562504779816
VOM19980319.0700.1102: 0.1676862517665006
VOM19980306.0700.1916: 0.16746913365349209
