VOM19980603.0900.0074: 0.36961348684928547
VOM19980604.0900.0213: 0.26848581954126455
VOM19980603.0730.0280: 0.26122052077461905
VOM19980605.0730.0276: 0.25184437038667995
VOM19980604.0730.0250: 0.23940091329680374
VOM19980605.0700.0440: 0.23068203602038578
VOM19980606.0700.0354: 0.19858960342462215
VOM19980606.0730.0134: 0.15910078142317602
VOM19980223.0900.1854: 0.12891160444858368
VOM19980223.0900.0265: 0.12838149491475234
VOM19980509.0730.0100: 0.12066665511942525
VOM19980224.0900.2258: 0.1203091803921101
VOM19980223.0900.3466: 0.11535866625679643
