VOM19980314.0700.1911: 0.18917717024417904
VOM19980314.0700.0239: 0.1881000794605208
VOM19980316.0900.1667: 0.17775974596914146
VOM19980327.0900.2123: 0.1732107727636624
VOM19980311.0700.1883: 0.1710898501319556
VOM19980228.0700.0448: 0.15912811673515204
VOM19980302.0700.1749: 0.14523967285981573
VOM19980316.0900.1861: 0.14523613638807395
VOM19980319.0900.1922: 0.13942797229129217
VOM19980319.0900.0162: 0.1376132141644726
VOM19980305.0900.2891: 0.1360416224931304
VOM19980302.0700.1577: 0.1355135312842817
VOM19980227.0900.2836: 0.13528225023064866
