VOM19980602.0900.0127: 0.200146342666601
VOM19980531.0700.0040: 0.19146772892166658
VOM19980220.0900.3537: 0.17084239600970796
VOM19980602.0700.0166: 0.16420940916380297
VOM19980605.0900.0045: 0.16408265807581013
VOM19980628.0700.0527: 0.15916628824027876
VOM19980605.0730.0042: 0.15887528007165194
VOM19980531.0730.0006: 0.14905302064879974
VOM19980315.0700.1828: 0.14690162797115913
VOM19980606.0730.0234: 0.13003968682728975
VOM19980605.0700.0040: 0.1290484576796403
VOM19980606.0700.0206: 0.1278633444366834
VOM19980604.0900.0159: 0.11800033861760843
