VOM19980303.0700.0783: 0.18450922983814094
VOM19980326.0900.0118: 0.17868872769805433
VOM19980612.0700.0080: 0.17286749027811488
VOM19980224.0700.1530: 0.16967392648956903
VOM19980326.0700.0452: 0.16908956301749142
VOM19980305.0900.2166: 0.16282882466308904
VOM19980623.0900.0051: 0.16041577820633354
VOM19980315.0700.2670: 0.15727081976226037
VOM19980223.0700.0240: 0.15696731028736913
VOM19980603.0730.0115: 0.15440732623178938
VOM19980303.0700.0324: 0.15416518572197385
VOM19980225.0900.0178: 0.15400991602466071
VOM19980530.0700.0107: 0.15391594475007864
