VOM19980508.0700.0362: 0.2102087246112312
VOM19980510.0730.0001: 0.2022185869681544
VOM19980506.0700.0042: 0.20117652072413947
VOM19980506.0900.0006: 0.20033837305934438
VOM19980508.0730.0003: 0.19989408815194987
VOM19980508.0900.0007: 0.19910598022812298
VOM19980509.0730.0027: 0.19848873163188568
VOM19980507.0730.0066: 0.1984543699036469
VOM19980507.0700.0242: 0.198165797427819
VOM19980507.0900.0040: 0.19283164373822342
VOM19980509.0700.0089: 0.19200391714588302
VOM19980510.0700.0040: 0.18757501702683965
VOM19980605.0900.0236: 0.18557010047251812
