VOM19980301.0700.0393: 0.1137485852020213
VOM19980220.0700.2814: 0.10316215627959661
VOM19980620.0700.0552: 0.09560486999974038
VOM19980410.0900.0241: 0.09442973462718497
VOM19980224.0900.3022: 0.09347824200004043
VOM19980627.0700.0572: 0.08437810849932031
VOM19980223.0700.1511: 0.083157974316582
VOM19980613.0700.0555: 0.07927106571911527
VOM19980220.0700.0707: 0.07857985038302281
VOM19980607.0700.0385: 0.07677311219633773
VOM19980607.0730.0163: 0.07677311219633773
VOM19980515.0900.0007: 0.07612935379433357
VOM19980315.0700.2508: 0.07470867236660163
