VOM19980314.0700.1261: 0.176793873081277
VOM19980223.0700.1993: 0.14891806120127218
VOM19980403.0900.2349: 0.14815993144262915
VOM19980224.0700.2219: 0.13953495143191777
VOM19980314.0700.0818: 0.1392838002792862
VOM19980303.0700.2491: 0.1355333703963061
VOM19980317.0700.0924: 0.13404925475182752
VOM19980317.0900.0757: 0.1335993424883153
VOM19980220.0900.2138: 0.13328268020023373
VOM19980317.0700.0723: 0.13013955328986773
VOM19980225.0900.1275: 0.12958262636441645
VOM19980225.0900.1029: 0.12893728895495613
VOM19980223.0900.2779: 0.1288177771416209
