VOM19980510.0730.0001: 0.23872378702353222
VOM19980507.0730.0066: 0.23775234026098957
VOM19980508.0700.0362: 0.23551672049207165
VOM19980509.0730.0027: 0.23539711348219158
VOM19980506.0900.0006: 0.2352773149829498
VOM19980506.0700.0042: 0.23237294079588028
VOM19980507.0900.0040: 0.23186739112411833
VOM19980508.0900.0007: 0.22920574123299117
VOM19980605.0900.0236: 0.22832431865859154
VOM19980508.0730.0003: 0.22803339350708943
VOM19980509.0700.0089: 0.2280024412805288
VOM19980507.0700.0242: 0.22696029414993368
VOM19980527.0700.0388: 0.21825718139169395
