VOM19980314.0700.1261: 0.1786974730302463
VOM19980223.0700.1993: 0.15133193891961047
VOM19980403.0900.2349: 0.15014664223272908
VOM19980314.0700.0818: 0.14185730537541588
VOM19980224.0700.2219: 0.14150955101564716
VOM19980303.0700.2491: 0.13748507859788883
VOM19980317.0700.0924: 0.13642885644421013
VOM19980317.0900.0757: 0.13552354401904151
VOM19980220.0900.2138: 0.1348947539292218
VOM19980317.0700.0723: 0.13228471003168732
VOM19980225.0900.1275: 0.13130191126292104
VOM19980223.0900.2779: 0.13092271554580498
VOM19980225.0900.1029: 0.13078066715392964
