VOM19980602.0900.0127: 0.13507216745056677
VOM19980531.0700.0040: 0.12943010591259646
VOM19980602.0700.0166: 0.11524671160265779
VOM19980605.0730.0042: 0.11341508028597151
VOM19980605.0900.0045: 0.11341508028597151
VOM19980220.0900.3537: 0.10896364205754863
VOM19980605.0700.0040: 0.09457816854002173
VOM19980403.0700.2289: 0.08141395560339566
VOM19980628.0700.0527: 0.07628423014211451
VOM19980606.0730.0234: 0.07460912270426814
VOM19980606.0700.0206: 0.07460912270426814
VOM19980319.0700.1874: 0.07336403440469287
VOM19980603.0900.0074: 0.07271787022180655
