VOM19980302.0700.0373: 0.2718695339280606
VOM19980325.0900.3341: 0.2684724167775245
VOM19980502.0700.0438: 0.26478536167686195
VOM19980220.0700.0672: 0.26325807268576706
VOM19980224.0700.0481: 0.2629644972185137
VOM19980430.0900.0149: 0.2556156617185987
VOM19980603.0700.0457: 0.25437350953458404
VOM19980618.0700.0379: 0.25314047508282117
VOM19980506.0700.0104: 0.25048971643406
VOM19980225.0900.2065: 0.24852506087385443
VOM19980302.0900.0166: 0.2442025561662568
VOM19980506.0900.0045: 0.2412030016263345
VOM19980624.0730.0117: 0.23877515503216296
