VOM19980602.0900.0127: 0.2004315645455206
VOM19980531.0700.0040: 0.1932913871445869
VOM19980220.0900.3537: 0.17308786476598867
VOM19980605.0900.0045: 0.16680539561042365
VOM19980602.0700.0166: 0.16514492917565607
VOM19980605.0730.0042: 0.16180158740720463
VOM19980628.0700.0527: 0.1611584937580305
VOM19980531.0730.0006: 0.15126059607392855
VOM19980315.0700.1828: 0.14832605645516614
VOM19980606.0730.0234: 0.13248123709833268
VOM19980605.0700.0040: 0.1319553284780835
VOM19980606.0700.0206: 0.13039189531202808
VOM19980507.0700.0355: 0.11985799108412457
