VOM19980314.0700.1911: 0.2111905676503645
VOM19980314.0700.0239: 0.2092670419910512
VOM19980327.0900.2123: 0.16892164371192175
VOM19980316.0900.1667: 0.16694813298835065
VOM19980316.0900.1861: 0.15588040932340852
VOM19980303.0900.1926: 0.14071284515926016
VOM19980228.0700.0448: 0.13968120634153464
VOM19980311.0700.1883: 0.1396358270667431
VOM19980302.0700.3423: 0.1391036116486106
VOM19980303.0900.3358: 0.13782526387959979
VOM19980302.0700.2096: 0.13301293706000797
VOM19980623.0700.0507: 0.13196351459074235
VOM19980623.0730.0101: 0.13196351459074235
