VOM19980314.0700.1911: 0.1983815995255835
VOM19980314.0700.0239: 0.19672586792665087
VOM19980327.0900.2123: 0.16058235703318216
VOM19980316.0900.1667: 0.1576437389096334
VOM19980316.0900.1861: 0.14655520862973279
VOM19980228.0700.0448: 0.13379760104423494
VOM19980311.0700.1883: 0.13359276974385195
VOM19980303.0900.1926: 0.12856079452619557
VOM19980302.0700.3423: 0.12722202537948707
VOM19980303.0900.3358: 0.12600186089034748
VOM19980302.0700.2096: 0.12093452257881507
VOM19980623.0700.0507: 0.12090622571706916
VOM19980623.0730.0101: 0.12090622571706916
