VOM19980314.0700.2522: 0.11391881315938467
VOM19980226.0900.0622: 0.10853110499975108
VOM19980220.0900.2583: 0.10709084197532949
VOM19980223.0700.1993: 0.10486179942447627
VOM19980511.0730.0133: 0.10306977300822276
VOM19980222.0700.0448: 0.1020287325399153
VOM19980222.0700.1016: 0.09777388220867995
VOM19980224.0700.2219: 0.09769186769439642
VOM19980223.0900.2973: 0.0974167757052908
VOM19980223.0900.2288: 0.09728521244425278
VOM19980226.0900.2027: 0.09657543340557084
VOM19980225.0900.1428: 0.0949410713004278
VOM19980507.0700.0127: 0.0948491911790165
