VOM19980603.0900.0074: 0.35305500337914886
VOM19980604.0900.0213: 0.24699454022090828
VOM19980603.0730.0280: 0.24138150065705546
VOM19980605.0730.0276: 0.23142488920107543
VOM19980604.0730.0250: 0.21895072990325126
VOM19980605.0700.0440: 0.21068196066935999
VOM19980606.0700.0354: 0.1860045428883946
VOM19980606.0730.0134: 0.14107912069550874
VOM19980223.0900.1854: 0.10752185923349075
VOM19980223.0900.0265: 0.10704378049562797
VOM19980509.0730.0100: 0.10262412629905272
VOM19980224.0900.2258: 0.09958532580307693
VOM19980223.0900.3466: 0.09077881082682528
