VOM19980303.0700.0783: 0.12185267137805984
VOM19980530.0700.0107: 0.11051214247120215
VOM19980530.0730.0037: 0.10999116136617611
VOM19980305.0900.2166: 0.10815326072552692
VOM19980315.0700.2670: 0.10760636667155775
VOM19980305.0900.1046: 0.10639323077676988
VOM19980326.0900.0118: 0.10385892247173298
VOM19980303.0700.2491: 0.10237413104257938
VOM19980224.0700.2219: 0.10176564595903245
VOM19980224.0700.1530: 0.10083915317503439
VOM19980302.0900.2091: 0.09920614332466002
VOM19980612.0700.0080: 0.09899818112818709
VOM19980623.0900.0051: 0.09842821022477696
