VOM19980603.0900.0074: 0.35317372907835237
VOM19980604.0900.0213: 0.24504262596549561
VOM19980603.0730.0280: 0.2395958541880211
VOM19980605.0730.0276: 0.2293873908713535
VOM19980604.0730.0250: 0.21695932048181008
VOM19980605.0700.0440: 0.20910801504821913
VOM19980606.0700.0354: 0.182437186228734
VOM19980606.0730.0134: 0.1369901841871397
VOM19980223.0900.1854: 0.10521074645029631
VOM19980223.0900.0265: 0.10474989962389279
VOM19980509.0730.0100: 0.0977244502073922
VOM19980224.0900.2258: 0.09660271251683866
VOM19980223.0900.3466: 0.08866284992974949
