VOM19980314.0700.1261: 0.17271726281832708
VOM19980223.0700.1993: 0.14604990810605362
VOM19980403.0900.2349: 0.14436726975309933
VOM19980224.0700.2219: 0.13792560298367473
VOM19980314.0700.0818: 0.13591282829315773
VOM19980303.0700.2491: 0.1335361979869555
VOM19980317.0900.0757: 0.13143893143459637
VOM19980317.0700.0924: 0.13056471075277518
VOM19980220.0900.2138: 0.12989954448032326
VOM19980225.0900.1029: 0.12550691257340357
VOM19980316.0900.2774: 0.12507431919277548
VOM19980223.0900.2779: 0.1247084777890545
VOM19980317.0700.0723: 0.12465625029390635
