VOM19980314.0700.1911: 0.15724389154250504
VOM19980314.0700.0239: 0.15661780521508312
VOM19980316.0900.1667: 0.14925772492024003
VOM19980311.0700.1883: 0.1486009280558533
VOM19980327.0900.2123: 0.146456207596477
VOM19980228.0700.0448: 0.13589550243017873
VOM19980302.0700.1749: 0.1190649110471946
VOM19980302.0900.2091: 0.11764098796705347
VOM19980316.0900.1861: 0.11641521485606036
VOM19980224.0700.2219: 0.11566644698200318
VOM19980227.0900.2836: 0.11390526876034068
VOM19980404.0700.0676: 0.11272374669540344
VOM19980302.0700.1577: 0.10881363959538932
