VOM19980303.0700.0783: 0.1573353183391464
VOM19980303.0700.2491: 0.15426508291514435
VOM19980224.0700.2219: 0.1541982415300159
VOM19980302.0900.2091: 0.15119942860960306
VOM19980305.0900.2166: 0.15063347174079952
VOM19980305.0900.1046: 0.14710703599368324
VOM19980302.0700.2334: 0.14457159624936056
VOM19980316.0900.2108: 0.14307895734047846
VOM19980303.0900.2868: 0.14073056994896652
VOM19980325.0900.1209: 0.14045749026786697
VOM19980315.0700.2670: 0.14022189104656035
VOM19980319.0700.2278: 0.1385175079748365
VOM19980225.0900.0714: 0.13664701457249956
