VOM19980301.0700.0393: 0.11611357475550416
VOM19980220.0700.2814: 0.10411389359542379
VOM19980410.0900.0241: 0.09832649520404844
VOM19980620.0700.0552: 0.09644101633512882
VOM19980224.0900.3022: 0.09478362345859663
VOM19980627.0700.0572: 0.0858819474962164
VOM19980223.0700.1511: 0.08457497524584036
VOM19980220.0700.0707: 0.08034034200515926
VOM19980607.0700.0385: 0.07991167408920424
VOM19980607.0730.0163: 0.07991167408920424
VOM19980613.0700.0555: 0.07978710979908132
VOM19980515.0900.0007: 0.07872910834217822
VOM19980315.0700.2508: 0.07665615879272171
