VOM19980603.0900.0074: 0.3438380086452163
VOM19980604.0900.0213: 0.2328451056936499
VOM19980603.0730.0280: 0.22978603577921597
VOM19980605.0730.0276: 0.21963903156989523
VOM19980604.0730.0250: 0.2057846122845787
VOM19980605.0700.0440: 0.19971334458499365
VOM19980606.0700.0354: 0.17478477882574608
VOM19980606.0730.0134: 0.12850582893682935
VOM19980223.0900.1854: 0.09811831294195654
VOM19980223.0900.0265: 0.09767206105336036
VOM19980509.0730.0100: 0.09060091935682167
VOM19980224.0900.2258: 0.0894998037824636
VOM19980223.0900.3466: 0.08147940090079674
