VOM19980314.0700.1261: 0.18005181665103576
VOM19980224.0700.2219: 0.17940865452035884
VOM19980223.0700.1993: 0.17905098198664907
VOM19980314.0700.0818: 0.16951980857574186
VOM19980303.0700.2491: 0.16765699637913878
VOM19980302.0900.2091: 0.16128931853496936
VOM19980317.0900.0757: 0.16128045909175953
VOM19980225.0700.2209: 0.15837321580124206
VOM19980403.0900.2349: 0.1561924937668302
VOM19980317.0700.0924: 0.15488938146183429
VOM19980306.0700.1916: 0.15400089606281414
VOM19980403.0700.0727: 0.15373567942341934
VOM19980319.0700.1102: 0.15112270026311275
