VOM19980315.0700.1310: 0.18202904107165158
VOM19980226.0900.2900: 0.16483371821009984
VOM19980326.0900.0149: 0.16224227637345331
VOM19980325.0900.2040: 0.14350996768313679
VOM19980325.0900.0124: 0.14070663700705577
VOM19980624.0730.0254: 0.1399706230196589
VOM19980628.0700.0316: 0.13467902672761023
VOM19980220.0900.1332: 0.1261796331970281
VOM19980624.0700.0382: 0.12544710073432327
VOM19980606.0730.0134: 0.12353060548126499
VOM19980226.0900.3196: 0.12077315314381447
VOM19980319.0700.0496: 0.11962145249926193
VOM19980506.0900.0257: 0.11896197184244738
