VOM19980602.0900.0127: 0.2010931849302373
VOM19980531.0700.0040: 0.19393762236908776
VOM19980220.0900.3537: 0.1728894220780212
VOM19980605.0900.0045: 0.16776131471174976
VOM19980602.0700.0166: 0.16544331754729205
VOM19980605.0730.0042: 0.16252938174251233
VOM19980628.0700.0527: 0.1621759582407198
VOM19980531.0730.0006: 0.1525474328020072
VOM19980315.0700.1828: 0.14955145160009928
VOM19980606.0730.0234: 0.13284771179065397
VOM19980605.0700.0040: 0.13235333368565133
VOM19980606.0700.0206: 0.1306656173893629
VOM19980604.0900.0159: 0.11986853229941778
