VOM19980531.0700.0040: 0.1757327992481034
VOM19980602.0900.0127: 0.1733408421913575
VOM19980605.0730.0042: 0.17124161624082856
VOM19980605.0900.0045: 0.17124161624082856
VOM19980220.0900.3537: 0.1633508954399903
VOM19980602.0700.0166: 0.15359711952409158
VOM19980605.0700.0040: 0.1455284694026043
VOM19980628.0700.0527: 0.13838856209077452
VOM19980531.0730.0006: 0.13438191533999588
VOM19980606.0730.0234: 0.12690770320003011
VOM19980606.0700.0206: 0.12690770320003011
VOM19980315.0700.1828: 0.12474614678410725
VOM19980603.0900.0074: 0.12253643606020437
