VOM19980314.0700.1911: 0.2277371688622679
VOM19980314.0700.0239: 0.22625644989221078
VOM19980327.0900.2123: 0.17502934301854592
VOM19980316.0900.1861: 0.17298100002016883
VOM19980316.0900.1667: 0.1710731411923494
VOM19980303.0900.1926: 0.1600750318317709
VOM19980302.0700.3423: 0.15934864429030546
VOM19980303.0900.3358: 0.1568888242112952
VOM19980302.0700.2096: 0.15334657806883176
VOM19980303.0900.0203: 0.14972669120897747
VOM19980305.0700.0354: 0.14903299564370995
VOM19980623.0700.0507: 0.148757390803324
VOM19980623.0730.0101: 0.148757390803324
