VOM19980325.0900.3341: 0.2039656413232164
VOM19980522.0700.0456: 0.12697666268871957
VOM19980607.0730.0033: 0.11235350212155858
VOM19980326.0700.1668: 0.10240335027080451
VOM19980522.0730.0286: 0.09892688520462115
VOM19980630.0900.0127: 0.08995656552064661
VOM19980312.0900.3445: 0.0866420547202062
VOM19980312.0900.1896: 0.0866420547202062
VOM19980325.0900.2179: 0.08203053472965713
VOM19980316.0900.2076: 0.08112099760682173
VOM19980306.0700.2852: 0.08030053505104856
VOM19980224.0700.2219: 0.07960145176858668
VOM19980326.0900.3442: 0.07859914961703904
