VOM19980314.0700.1911: 0.20937512347740356
VOM19980314.0700.0239: 0.2076690591122225
VOM19980327.0900.2123: 0.16516930962298007
VOM19980316.0900.1667: 0.16212063478365982
VOM19980316.0900.1861: 0.15454105722704864
VOM19980303.0900.1926: 0.13839735324484717
VOM19980228.0700.0448: 0.13725845015285407
VOM19980302.0700.3423: 0.13710146427526462
VOM19980311.0700.1883: 0.13644389734579648
VOM19980303.0900.3358: 0.13550874484742567
VOM19980302.0700.2096: 0.13081637134160012
VOM19980623.0700.0507: 0.12884310731471013
VOM19980623.0730.0101: 0.12884310731471013
