VOM19980315.0700.1310: 0.1775321384755755
VOM19980226.0900.2900: 0.17296624574732486
VOM19980326.0900.0149: 0.15080450236361606
VOM19980220.0900.1332: 0.14048322939163357
VOM19980628.0700.0316: 0.13845181462031464
VOM19980325.0900.2040: 0.13577928587139731
VOM19980325.0900.0124: 0.1322925705840426
VOM19980606.0730.0134: 0.13123231990629983
VOM19980624.0730.0254: 0.13082697713401986
VOM19980226.0900.3196: 0.12969734786058623
VOM19980319.0700.0496: 0.1255074251245109
VOM19980508.0700.0452: 0.12496693049102077
VOM19980508.0730.0240: 0.12331166627534335
