VOM19980616.0730.0180: 0.12041988917683236
VOM19980616.0900.0100: 0.11997786078112435
VOM19980526.0900.0124: 0.11962230821113341
VOM19980225.0900.1919: 0.11475309477552055
VOM19980526.0730.0065: 0.11456638665761673
VOM19980319.0900.0364: 0.11418014290904974
VOM19980225.0900.0216: 0.11344633833806968
VOM19980222.0700.0448: 0.1123611279751175
VOM19980302.0700.0484: 0.10935333163557878
VOM19980316.0900.2774: 0.10863321337902361
VOM19980404.0700.1061: 0.10730463295933515
VOM19980225.0900.0714: 0.10548006837118955
VOM19980221.0700.2690: 0.10008295777700923
