VOM19980507.0700.0521: 0.21291244583862393
VOM19980511.0900.0004: 0.19428565634278086
VOM19980511.0730.0003: 0.18757837580722736
VOM19980511.0700.0039: 0.18757837580722736
VOM19980529.0900.0148: 0.16690819545288682
VOM19980302.0900.1291: 0.16498044015803479
VOM19980529.0700.0334: 0.15654108366096128
VOM19980529.0730.0148: 0.155939357079212
VOM19980302.0700.3469: 0.1498198316372761
VOM19980511.0730.0099: 0.14692071568470466
VOM19980327.0900.2123: 0.14618586147956844
VOM19980424.0900.0178: 0.14364411475092537
VOM19980301.0700.0168: 0.13964780706296193
