VOM19980315.0700.1310: 0.2710786390627126
VOM19980226.0900.2900: 0.25435278748579215
VOM19980326.0900.0149: 0.24569214109141868
VOM19980606.0730.0134: 0.2298905246117687
VOM19980628.0700.0316: 0.22076637542634758
VOM19980226.0900.3196: 0.2205608593756915
VOM19980508.0700.0452: 0.2191986497404764
VOM19980624.0730.0254: 0.2177684193360495
VOM19980508.0730.0240: 0.2162952281743502
VOM19980325.0900.2040: 0.21125007409921
VOM19980312.0900.2127: 0.21040932949551627
VOM19980508.0900.0211: 0.21006537266795655
VOM19980326.0900.3077: 0.20987654320987684
