VOM19980526.0900.0124: 0.12612322285979183
VOM19980616.0730.0180: 0.12532265991369085
VOM19980616.0900.0100: 0.12480883388576978
VOM19980225.0900.1919: 0.12310460899877866
VOM19980225.0900.0216: 0.1217986173635281
VOM19980526.0730.0065: 0.12110764464771108
VOM19980319.0900.0364: 0.11954577803610117
VOM19980222.0700.0448: 0.11846232452766996
VOM19980302.0700.0484: 0.11548209484970862
VOM19980316.0900.2774: 0.11442912218914027
VOM19980404.0700.1061: 0.11287206886504177
VOM19980225.0900.0714: 0.11144935733040572
VOM19980623.0700.0472: 0.10643960989977988
