VOM19980314.0700.1911: 0.2094728547388116
VOM19980314.0700.0239: 0.2076096813236341
VOM19980327.0900.2123: 0.16674318087182546
VOM19980316.0900.1667: 0.164359188558447
VOM19980316.0900.1861: 0.1543311920792063
VOM19980303.0900.1926: 0.13865145594427433
VOM19980228.0700.0448: 0.13795040929305652
VOM19980311.0700.1883: 0.13769995611722255
VOM19980302.0700.3423: 0.1372903290346148
VOM19980303.0900.3358: 0.13575754395415998
VOM19980302.0700.2096: 0.13097085832768215
VOM19980623.0700.0507: 0.13010811991018986
VOM19980623.0730.0101: 0.13010811991018986
