VOM19980410.0900.0241: 0.2173221471977732
VOM19980225.0900.0332: 0.2042187128280317
VOM19980305.0900.1736: 0.19281410879594496
VOM19980326.0900.2164: 0.19251885172722547
VOM19980326.0700.2359: 0.19251885172722547
VOM19980301.0700.0393: 0.18499689708061853
VOM19980526.0730.0229: 0.18444084864196317
VOM19980317.0900.2819: 0.17938785371234106
VOM19980302.0900.0402: 0.17744279014685393
VOM19980227.0900.3069: 0.17706273265936015
VOM19980223.0700.0664: 0.1760143946546573
VOM19980222.0700.2148: 0.1746287103759773
VOM19980404.0700.0406: 0.17284270433717144
