VOM19980526.0900.0124: 0.12180688958367203
VOM19980616.0730.0180: 0.12108072405428867
VOM19980616.0900.0100: 0.12063626991493727
VOM19980526.0730.0065: 0.11665863515168143
VOM19980225.0900.1919: 0.11416213847321637
VOM19980319.0900.0364: 0.11398053554446527
VOM19980225.0900.0216: 0.112862111579346
VOM19980222.0700.0448: 0.10874809355731906
VOM19980302.0700.0484: 0.10715059863040904
VOM19980316.0900.2774: 0.10617560741718983
VOM19980404.0700.1061: 0.10532097208881899
VOM19980225.0900.0714: 0.10357134649162049
VOM19980326.0700.0480: 0.10004307665147964
