VOM19980508.0700.0362: 0.3316880732385362
VOM19980507.0700.0242: 0.3249182166443289
VOM19980510.0730.0001: 0.32461722703211776
VOM19980510.0700.0040: 0.31960997736993213
VOM19980427.0900.0219: 0.31302375463811355
VOM19980507.0730.0066: 0.30658330991377597
VOM19980515.0900.0229: 0.3007159914718236
VOM19980509.0730.0027: 0.3000096004608247
VOM19980508.0730.0003: 0.2984131894236412
VOM19980507.0900.0040: 0.29652865017500385
VOM19980509.0700.0089: 0.29652865017500385
VOM19980527.0700.0388: 0.29652865017500385
VOM19980508.0900.0007: 0.29652865017500385
