VOM19980325.0900.3341: 0.20591104231455803
VOM19980522.0700.0456: 0.12767160962675786
VOM19980607.0730.0033: 0.11262336000120624
VOM19980326.0700.1668: 0.1051581777239276
VOM19980522.0730.0286: 0.0971637398588435
VOM19980630.0900.0127: 0.09070599655060824
VOM19980312.0900.3445: 0.08586945453155571
VOM19980312.0900.1896: 0.08586945453155571
VOM19980306.0700.2852: 0.08331344452958105
VOM19980224.0700.2219: 0.0821605700263998
VOM19980326.0900.3442: 0.08058852940282202
VOM19980312.0900.0990: 0.08023702119642426
VOM19980325.0900.2179: 0.08016300481661309
