VOM19980315.0700.1310: 0.18057393683247525
VOM19980226.0900.2900: 0.16312233856527886
VOM19980326.0900.0149: 0.1606567932756582
VOM19980325.0900.2040: 0.14213759703163645
VOM19980325.0900.0124: 0.13925788943098094
VOM19980624.0730.0254: 0.1383076149672008
VOM19980628.0700.0316: 0.1332002698013082
VOM19980220.0900.1332: 0.1246497258258429
VOM19980624.0700.0382: 0.12359595080253641
VOM19980606.0730.0134: 0.12140191145864232
VOM19980226.0900.3196: 0.1186733665839004
VOM19980319.0700.0496: 0.11805321400076053
VOM19980506.0900.0257: 0.11725406036690975
