VOM19980303.0700.0783: 0.12117380696140835
VOM19980530.0700.0107: 0.10976632816965773
VOM19980530.0730.0037: 0.10829531166992215
VOM19980305.0900.2166: 0.107390097465676
VOM19980315.0700.2670: 0.10669593227885583
VOM19980305.0900.1046: 0.10600496233564716
VOM19980303.0700.2491: 0.10254274507169402
VOM19980224.0700.2219: 0.10201770386031332
VOM19980326.0900.0118: 0.1000200438547628
VOM19980302.0900.2091: 0.09941855562437399
VOM19980224.0700.1530: 0.09880929088908029
VOM19980612.0700.0080: 0.09808388563897108
VOM19980623.0900.0051: 0.09696064049282326
