VOM19980315.0700.1310: 0.17490520062256099
VOM19980226.0900.2900: 0.1593342819053821
VOM19980326.0900.0149: 0.1538818859175608
VOM19980325.0900.2040: 0.13603468335296137
VOM19980325.0900.0124: 0.13305302559555665
VOM19980624.0730.0254: 0.1313365866699425
VOM19980628.0700.0316: 0.12744285358946203
VOM19980220.0900.1332: 0.12190654080530963
VOM19980624.0700.0382: 0.11767370597989428
VOM19980606.0730.0134: 0.11479808761030627
VOM19980226.0900.3196: 0.11403362205101247
VOM19980319.0700.0496: 0.11359450494978025
VOM19980506.0900.0257: 0.1111780422231438
