VOM19980603.0700.0103: 0.19930881134773126
VOM19980616.0730.0180: 0.17768384281379596
VOM19980616.0900.0100: 0.1769553346314637
VOM19980616.0730.0252: 0.15480591520440976
VOM19980616.0900.0077: 0.15480591520440976
VOM19980531.0700.0120: 0.1441592790647312
VOM19980317.0700.0723: 0.12822776160569896
VOM19980618.0900.0057: 0.12703957485857886
VOM19980529.0730.0042: 0.11908234555428131
VOM19980529.0900.0046: 0.11908234555428131
VOM19980224.0900.2345: 0.11622982663371023
VOM19980319.0900.2169: 0.11298662081613615
VOM19980604.0700.0039: 0.10911320251965433
