VOM19980616.0730.0180: 0.1109042182298316
VOM19980616.0900.0100: 0.11044950817203382
VOM19980526.0900.0124: 0.10620645528519855
VOM19980222.0700.0448: 0.10537570785584319
VOM19980319.0900.0364: 0.10408663213832686
VOM19980316.0900.2774: 0.10247104576499744
VOM19980225.0900.1919: 0.10205751744588891
VOM19980526.0730.0065: 0.10198291285556256
VOM19980302.0700.0484: 0.101892074860834
VOM19980225.0900.0216: 0.10097481010306233
VOM19980404.0700.1061: 0.09988154340229835
VOM19980225.0900.0714: 0.098604303842325
VOM19980221.0700.2690: 0.09490075400444181
