VOM19980303.0700.0783: 0.1725374702960303
VOM19980326.0900.0118: 0.16364783442406355
VOM19980612.0700.0080: 0.16023025841497215
VOM19980224.0700.1530: 0.15711905617122643
VOM19980326.0700.0452: 0.15339373904282155
VOM19980305.0900.2166: 0.15272782737212137
VOM19980623.0900.0051: 0.1478959508603133
VOM19980530.0700.0107: 0.14676982931258908
VOM19980315.0700.2670: 0.14655015374446506
VOM19980223.0700.0240: 0.14395692939733212
VOM19980305.0900.1046: 0.14377380526785627
VOM19980602.0700.0199: 0.1417991391497128
VOM19980603.0730.0115: 0.14023861675127977
