VOM19980410.0900.0241: 0.14052022742317175
VOM19980301.0700.0393: 0.12213416087758923
VOM19980326.0900.2164: 0.10208455584059092
VOM19980326.0700.2359: 0.10208019304001748
VOM19980220.0700.2814: 0.10023820151205626
VOM19980607.0700.0385: 0.09814567046554827
VOM19980607.0730.0163: 0.09814567046554827
VOM19980225.0900.0332: 0.09734659882315397
VOM19980620.0700.0552: 0.09677102925259178
VOM19980515.0900.0007: 0.09429414677764718
VOM19980315.0700.2508: 0.09350559495952306
VOM19980224.0900.3022: 0.09338274459115757
VOM19980526.0730.0229: 0.09304652092683459
