VOM19980603.0900.0074: 0.2780308227019413
VOM19980605.0730.0276: 0.21073912644211878
VOM19980603.0730.0280: 0.2072999004903459
VOM19980604.0900.0213: 0.19236025213914948
VOM19980606.0700.0354: 0.18866893705331125
VOM19980605.0700.0440: 0.18290483974315944
VOM19980604.0730.0250: 0.17257072442165702
VOM19980606.0730.0134: 0.149029059085704
VOM19980509.0730.0100: 0.11774406140834105
VOM19980224.0900.2258: 0.10906462522090833
VOM19980319.0700.1874: 0.09659786377845703
VOM19980502.0700.0438: 0.09559420188263774
VOM19980305.0700.0276: 0.09338312751695943
