VOM19980225.0900.1919: 0.17917250588600786
VOM19980225.0900.0216: 0.17727044868117203
VOM19980526.0900.0124: 0.17030079290980144
VOM19980526.0730.0065: 0.16352485667156846
VOM19980623.0700.0472: 0.16219032842384057
VOM19980222.0700.0448: 0.1566472332294768
VOM19980319.0900.0364: 0.1517528685404979
VOM19980326.0700.0480: 0.14910006333415443
VOM19980302.0700.0484: 0.146555465018747
VOM19980404.0700.1061: 0.14647670653160422
VOM19980616.0730.0180: 0.14626772848083885
VOM19980316.0700.0219: 0.1461579629961547
VOM19980616.0900.0100: 0.1456684088254811
