VOM19980314.0700.1261: 0.1736777122458349
VOM19980223.0700.1993: 0.14645780476783232
VOM19980403.0900.2349: 0.14497454516635927
VOM19980224.0700.2219: 0.13762781794981283
VOM19980314.0700.0818: 0.13653414670864666
VOM19980303.0700.2491: 0.13340316776710018
VOM19980317.0900.0757: 0.13124372015440822
VOM19980317.0700.0924: 0.13118248136773336
VOM19980220.0900.2138: 0.13006898853269744
VOM19980225.0900.1029: 0.12578698436199218
VOM19980317.0700.0723: 0.1257811524019046
VOM19980316.0900.2774: 0.12532020544334566
VOM19980223.0900.2779: 0.12523002101010375
