VOM19980314.0700.1911: 0.21006108129313597
VOM19980314.0700.0239: 0.20829526009761784
VOM19980327.0900.2123: 0.16807632744418807
VOM19980316.0900.1667: 0.165913744975872
VOM19980316.0900.1861: 0.15544906660232216
VOM19980228.0700.0448: 0.1398758943135545
VOM19980303.0900.1926: 0.13983691274955035
VOM19980311.0700.1883: 0.13977523514600865
VOM19980302.0700.3423: 0.13809177490298452
VOM19980303.0900.3358: 0.13707432703187775
VOM19980302.0700.2096: 0.13213936825588846
VOM19980623.0700.0507: 0.13076566849387228
VOM19980623.0730.0101: 0.13076566849387228
