VOM19980314.0700.1911: 0.19837516589821735
VOM19980314.0700.0239: 0.1967199825619592
VOM19980327.0900.2123: 0.1605682058498765
VOM19980316.0900.1667: 0.15762476330342293
VOM19980316.0900.1861: 0.146552765001376
VOM19980228.0700.0448: 0.13379249834892462
VOM19980311.0700.1883: 0.13358072068476193
VOM19980303.0900.1926: 0.1285567910673854
VOM19980302.0700.3423: 0.1272179228149251
VOM19980303.0900.3358: 0.12599793711823687
VOM19980302.0700.2096: 0.1209321328339252
VOM19980623.0700.0507: 0.12089495970578652
VOM19980623.0730.0101: 0.12089495970578652
