VOM19980508.0700.0362: 0.21680300676704167
VOM19980510.0730.0001: 0.20726006144895898
VOM19980507.0700.0242: 0.20408329692852253
VOM19980508.0730.0003: 0.20378278120703502
VOM19980508.0900.0007: 0.20272316499974763
VOM19980506.0700.0042: 0.20165704973551032
VOM19980507.0730.0066: 0.20138797874875494
VOM19980506.0900.0006: 0.20013864522857594
VOM19980509.0730.0027: 0.19978895950613368
VOM19980507.0900.0040: 0.19561308220631762
VOM19980510.0700.0040: 0.19401638793387435
VOM19980509.0700.0089: 0.1939714979655138
VOM19980527.0700.0388: 0.1839081996222859
