VOM19980508.0700.0362: 0.21966039094100379
VOM19980510.0730.0001: 0.21058832136888445
VOM19980507.0700.0242: 0.20760052112213792
VOM19980508.0730.0003: 0.2060229012915161
VOM19980508.0900.0007: 0.20502581167704167
VOM19980507.0730.0066: 0.20386170182629618
VOM19980506.0700.0042: 0.2028034496902397
VOM19980509.0730.0027: 0.2024709843051918
VOM19980506.0900.0006: 0.2018326504113666
VOM19980507.0900.0040: 0.19797140699432
VOM19980510.0700.0040: 0.19777650977117206
VOM19980509.0700.0089: 0.19675342333794077
VOM19980527.0700.0388: 0.18689610920550415
