VOM19980314.0700.1911: 0.20131483505415645
VOM19980314.0700.0239: 0.19987550748493402
VOM19980327.0900.2123: 0.15963314223917227
VOM19980316.0900.1667: 0.15636443947649467
VOM19980316.0900.1861: 0.14831685908849276
VOM19980228.0700.0448: 0.1341052743047586
VOM19980311.0700.1883: 0.133624758921131
VOM19980303.0900.1926: 0.13077306487013002
VOM19980302.0700.3423: 0.12941715076248647
VOM19980303.0900.3358: 0.12818954243558134
VOM19980302.0700.2096: 0.1230524187156139
VOM19980623.0700.0507: 0.12204473607482041
VOM19980623.0730.0101: 0.12204473607482041
