VOM19980507.0700.0521: 0.2261890962830056
VOM19980511.0900.0004: 0.1989670763150075
VOM19980511.0730.0003: 0.19481456561889599
VOM19980511.0700.0039: 0.19481456561889599
VOM19980529.0900.0148: 0.17309381467169954
VOM19980529.0730.0148: 0.16967827289894677
VOM19980529.0700.0334: 0.13918489287019142
VOM19980302.0900.1291: 0.12581061689526443
VOM19980301.0700.0168: 0.1156757012012868
VOM19980225.0900.2118: 0.11087172957096882
VOM19980225.0900.0421: 0.11087172957096882
VOM19980511.0730.0099: 0.10885524085060494
VOM19980424.0900.0178: 0.1079447711909668
