VOM19980531.0700.0040: 0.18894404057933703
VOM19980605.0730.0042: 0.18832351538781672
VOM19980605.0900.0045: 0.18832351538781672
VOM19980602.0900.0127: 0.18012658591868716
VOM19980220.0900.3537: 0.1746940167850347
VOM19980605.0700.0040: 0.1608365719537521
VOM19980602.0700.0166: 0.16065016488147668
VOM19980628.0700.0527: 0.1533832323787102
VOM19980531.0730.0006: 0.15137253551702318
VOM19980606.0730.0234: 0.14087523464847487
VOM19980606.0700.0206: 0.14087523464847487
VOM19980315.0700.1828: 0.13834518791214429
VOM19980526.0730.0229: 0.13645604235029193
