VOM19980603.0700.0103: 0.1831293842268164
VOM19980616.0730.0180: 0.16562051576070583
VOM19980616.0900.0100: 0.16498620360485972
VOM19980616.0730.0252: 0.1438189736874366
VOM19980616.0900.0077: 0.1438189736874366
VOM19980531.0700.0120: 0.13207637890084256
VOM19980317.0700.0723: 0.11690863965463534
VOM19980618.0900.0057: 0.1157114341915755
VOM19980529.0730.0042: 0.10938024174554006
VOM19980529.0900.0046: 0.10938024174554006
VOM19980224.0900.2345: 0.1058207752752155
VOM19980319.0900.2169: 0.09898754689759387
VOM19980604.0700.0039: 0.0981999515021684
