VOM19980314.0700.1261: 0.20663128311672468
VOM19980223.0700.1993: 0.20287354437947447
VOM19980224.0700.2219: 0.19737333991418998
VOM19980314.0700.0818: 0.19572315798038087
VOM19980303.0700.2491: 0.18732547185111192
VOM19980403.0900.2349: 0.18310474254924733
VOM19980317.0900.0757: 0.18293211001159995
VOM19980317.0700.0924: 0.18062224618452372
VOM19980302.0900.2091: 0.17981085907619365
VOM19980403.0700.0727: 0.17930053555815922
VOM19980225.0700.2209: 0.17888714381816986
VOM19980319.0700.1102: 0.17620439576023575
VOM19980306.0700.1916: 0.1746192420892349
