VOM19980508.0700.0362: 0.2647190321822001
VOM19980510.0730.0001: 0.2588663049540305
VOM19980507.0730.0066: 0.2584703153247669
VOM19980507.0700.0242: 0.2523748939537164
VOM19980507.0900.0040: 0.251004025152839
VOM19980508.0900.0007: 0.24411568792293356
VOM19980508.0730.0003: 0.2436802029308367
VOM19980509.0730.0027: 0.24188794963873192
VOM19980510.0700.0040: 0.24132281598765798
VOM19980527.0700.0388: 0.23888459959453343
VOM19980509.0700.0089: 0.23786462312909903
VOM19980506.0700.0042: 0.23370323590736405
VOM19980506.0900.0006: 0.2318683945814623
