VOM19980315.0700.1310: 0.17951919655355156
VOM19980226.0900.2900: 0.16287770569072343
VOM19980326.0900.0149: 0.1592810384893893
VOM19980325.0900.2040: 0.14134659849267023
VOM19980325.0900.0124: 0.1384228776473561
VOM19980624.0730.0254: 0.1372817521728379
VOM19980628.0700.0316: 0.13242715725818185
VOM19980220.0900.1332: 0.12477144504093553
VOM19980624.0700.0382: 0.12282589366486588
VOM19980606.0730.0134: 0.12058502593636827
VOM19980226.0900.3196: 0.11827152712003308
VOM19980319.0700.0496: 0.11770310339661728
VOM19980506.0900.0257: 0.11679490606236383
