VOM19980508.0700.0362: 0.22543564597765842
VOM19980508.0730.0003: 0.20972573215350385
VOM19980507.0700.0242: 0.20843969860897804
VOM19980508.0900.0007: 0.20577361837682345
VOM19980510.0700.0040: 0.20370408744355556
VOM19980327.0900.0221: 0.19952631403019047
VOM19980510.0730.0001: 0.19784299498829538
VOM19980506.0900.0006: 0.19383512231486985
VOM19980427.0900.0219: 0.19373528745410962
VOM19980509.0730.0027: 0.1932335737066037
VOM19980506.0700.0042: 0.19092302503398428
VOM19980509.0700.0089: 0.1896027501383144
VOM19980507.0730.0066: 0.18698001768177008
