VOM19980314.0700.1911: 0.23249892692189716
VOM19980314.0700.0239: 0.22822585489645303
VOM19980316.0900.1667: 0.22451852694093583
VOM19980327.0900.2123: 0.2119205831897005
VOM19980319.0900.1922: 0.18758265412780684
VOM19980319.0900.0162: 0.1863448739899496
VOM19980305.0700.0354: 0.1813793301210478
VOM19980302.0700.1749: 0.17901617767117806
VOM19980311.0700.1883: 0.1733561240563979
VOM19980623.0700.0507: 0.17234024251249927
VOM19980623.0730.0101: 0.17234024251249927
VOM19980619.0700.0464: 0.17099706484770447
VOM19980303.0900.0203: 0.17035980144586557
