VOM19980603.0900.0074: 0.34914086622077034
VOM19980604.0900.0213: 0.2399791706175324
VOM19980603.0730.0280: 0.23543435632534468
VOM19980605.0730.0276: 0.22525370262818645
VOM19980604.0730.0250: 0.2122624999101208
VOM19980605.0700.0440: 0.20534391131955082
VOM19980606.0700.0354: 0.17820603882033334
VOM19980606.0730.0134: 0.13289398271509573
VOM19980223.0900.1854: 0.10253681324546243
VOM19980223.0900.0265: 0.10208089971671284
VOM19980509.0730.0100: 0.0939092138201319
VOM19980224.0900.2258: 0.09372151288609884
VOM19980223.0900.3466: 0.08630997376439835
