VOM19980325.0900.3341: 0.20678124209012502
VOM19980522.0730.0286: 0.13535900866012346
VOM19980522.0700.0456: 0.12751672822389018
VOM19980607.0730.0033: 0.12244922135602115
VOM19980326.0700.1668: 0.1212265149949387
VOM19980630.0900.0127: 0.11352884148165486
VOM19980531.0700.0235: 0.1102290171803447
VOM19980603.0700.0282: 0.10643324812982115
VOM19980222.0700.0448: 0.10534725941366155
VOM19980522.0730.0037: 0.10263151148732975
VOM19980522.0900.0039: 0.10263151148732975
VOM19980304.0700.0871: 0.10144527993565534
VOM19980302.0900.0457: 0.09998077229090184
