VOM19980603.0900.0074: 0.35331643513020017
VOM19980604.0900.0213: 0.2479886592502141
VOM19980603.0730.0280: 0.24258674438092995
VOM19980605.0730.0276: 0.2330289440121755
VOM19980604.0730.0250: 0.2201414227804289
VOM19980605.0700.0440: 0.21226120528716697
VOM19980606.0700.0354: 0.18902092778684199
VOM19980606.0730.0134: 0.14460659294272513
VOM19980223.0900.1854: 0.10986639493509849
VOM19980223.0900.0265: 0.10936671159604588
VOM19980509.0730.0100: 0.10656310912035093
VOM19980224.0900.2258: 0.10253477471776527
VOM19980223.0900.3466: 0.09308571455452332
