VOM19980508.0700.0362: 0.20048557177093526
VOM19980508.0730.0003: 0.18913294692504462
VOM19980508.0900.0007: 0.18719944124011914
VOM19980506.0700.0042: 0.18622002838905108
VOM19980507.0700.0242: 0.18517888937561233
VOM19980510.0730.0001: 0.18347006006043864
VOM19980506.0900.0006: 0.1834439862846172
VOM19980509.0730.0027: 0.17882695406788593
VOM19980510.0700.0040: 0.17642129984904031
VOM19980507.0730.0066: 0.17622982913851878
VOM19980509.0700.0089: 0.17352439628664268
VOM19980507.0900.0040: 0.17113917476436297
VOM19980327.0900.0221: 0.16804515220448435
