VOM19980616.0730.0180: 0.11993242237442192
VOM19980616.0900.0100: 0.11949218333568892
VOM19980526.0900.0124: 0.11902640188328065
VOM19980526.0730.0065: 0.11399566673263421
VOM19980319.0900.0364: 0.11344526336383509
VOM19980225.0900.1919: 0.11327550577237622
VOM19980225.0900.0216: 0.1119855754514283
VOM19980222.0700.0448: 0.11071022600258885
VOM19980302.0700.0484: 0.1081659959592915
VOM19980316.0900.2774: 0.10747136757264146
VOM19980404.0700.1061: 0.10617022054696963
VOM19980225.0900.0714: 0.10439781674012363
VOM19980326.0700.0480: 0.09895780864204089
