VOM19980314.0700.1261: 0.20668347587702662
VOM19980223.0700.1993: 0.20292905391762095
VOM19980224.0700.2219: 0.1974189519834952
VOM19980314.0700.0818: 0.1957820632864145
VOM19980303.0700.2491: 0.18737068727532713
VOM19980403.0900.2349: 0.18315406111036003
VOM19980317.0900.0757: 0.18297587859012795
VOM19980317.0700.0924: 0.18067648215565368
VOM19980302.0900.2091: 0.17985680479571406
VOM19980403.0700.0727: 0.1793546410993191
VOM19980225.0700.2209: 0.1789322091635895
VOM19980319.0700.1102: 0.17625456979551365
VOM19980306.0700.1916: 0.17466548247350533
