VOM19980602.0900.0127: 0.1963965625341898
VOM19980531.0700.0040: 0.18556002915540676
VOM19980220.0900.3537: 0.16821711751518711
VOM19980602.0700.0166: 0.16096425583360455
VOM19980605.0900.0045: 0.1571733565039823
VOM19980628.0700.0527: 0.15458737796266658
VOM19980605.0730.0042: 0.15227162771631858
VOM19980531.0730.0006: 0.14409494686593874
VOM19980315.0700.1828: 0.14153939928494547
VOM19980606.0730.0234: 0.12607656230377579
VOM19980606.0700.0206: 0.12400568763812385
VOM19980605.0700.0040: 0.1232978803911091
VOM19980604.0900.0159: 0.11561906021023174
