VOM19980314.0700.1261: 0.17289936787765486
VOM19980223.0700.1993: 0.1452267780120538
VOM19980403.0900.2349: 0.144340851358793
VOM19980224.0700.2219: 0.13681210445046038
VOM19980314.0700.0818: 0.13518829279853298
VOM19980303.0700.2491: 0.13267356448335088
VOM19980317.0900.0757: 0.13067102895796867
VOM19980317.0700.0924: 0.13007908639721522
VOM19980220.0900.2138: 0.12997319113562403
VOM19980225.0900.1029: 0.1254557225611769
VOM19980316.0900.2774: 0.1251224447702318
VOM19980317.0700.0723: 0.12511891114775034
VOM19980225.0900.1275: 0.12487244800296411
