VOM19980515.0900.0007: 0.14440994395908546
VOM19980527.0700.0042: 0.14380577703493858
VOM19980226.0900.1367: 0.1334391189740877
VOM19980515.0730.0053: 0.13119515704754658
VOM19980527.0730.0003: 0.12910228023929884
VOM19980515.0700.0102: 0.12511754290148372
VOM19980524.0730.0061: 0.12507583905242403
VOM19980524.0700.0265: 0.12507583905242403
VOM19980527.0900.0008: 0.12136939392076466
VOM19980302.0700.1233: 0.11921606995855043
VOM19980403.0700.2289: 0.11634433367332793
VOM19980305.0900.2166: 0.11547342682238983
VOM19980223.0900.2288: 0.11489448746560224
