VOM19980325.0900.3341: 0.15144511050753717
VOM19980522.0700.0456: 0.10399799286806818
VOM19980224.0700.2219: 0.0952731074423491
VOM19980326.0700.1668: 0.09000156326848398
VOM19980306.0700.2852: 0.08812076856493568
VOM19980223.0900.1151: 0.08604699229479336
VOM19980222.0700.1501: 0.08590527055807921
VOM19980303.0700.2491: 0.08547990740117092
VOM19980326.0700.1793: 0.0846380316653465
VOM19980312.0900.0990: 0.0838342801878859
VOM19980225.0700.2209: 0.08187290876820304
VOM19980221.0700.2087: 0.07972965061200092
VOM19980222.0700.0448: 0.07811943022683622
