VOM19980603.0700.0103: 0.19401484664321564
VOM19980616.0730.0180: 0.17394803643784776
VOM19980616.0900.0100: 0.17323529906008947
VOM19980616.0730.0252: 0.15101596320167404
VOM19980616.0900.0077: 0.15101596320167404
VOM19980531.0700.0120: 0.13982388389352132
VOM19980317.0700.0723: 0.12464933068133983
VOM19980618.0900.0057: 0.1227364773257143
VOM19980529.0730.0042: 0.11562901030310792
VOM19980529.0900.0046: 0.11562901030310792
VOM19980224.0900.2345: 0.1130481061465664
VOM19980319.0900.2169: 0.1081609073088742
VOM19980604.0700.0039: 0.10537371839298272
