VOM19980602.0900.0127: 0.20108639125799757
VOM19980531.0700.0040: 0.19393048427845125
VOM19980220.0900.3537: 0.1728895462302346
VOM19980605.0900.0045: 0.16774045700331702
VOM19980602.0700.0166: 0.165434405028048
VOM19980605.0730.0042: 0.16250917451856464
VOM19980628.0700.0527: 0.16217261272145297
VOM19980531.0730.0006: 0.15253718421294948
VOM19980315.0700.1828: 0.149547156771596
VOM19980606.0730.0234: 0.13283965836092002
VOM19980605.0700.0040: 0.13233573445142335
VOM19980606.0700.0206: 0.13065769624150037
VOM19980604.0900.0159: 0.11985845253218166
