VOM19980314.0700.1911: 0.22243316432328994
VOM19980314.0700.0239: 0.21859467946947278
VOM19980316.0900.1667: 0.2114677603967531
VOM19980327.0900.2123: 0.20052913856032356
VOM19980319.0900.1922: 0.17319382161655408
VOM19980319.0900.0162: 0.1720831838406616
VOM19980305.0700.0354: 0.16736672605202585
VOM19980302.0700.1749: 0.16663620848234728
VOM19980311.0700.1883: 0.16426571142489776
VOM19980623.0700.0507: 0.16248315425808352
VOM19980623.0730.0101: 0.16248315425808352
VOM19980316.0900.1861: 0.16088664701081404
VOM19980303.0900.0203: 0.15787336929554716
