VOM19980220.0700.2814: 0.09714005181026114
VOM19980224.0900.3022: 0.08360085471726601
VOM19980223.0700.1511: 0.08280799006201923
VOM19980326.0900.2164: 0.07482577135310725
VOM19980326.0700.2359: 0.07482577135310725
VOM19980301.0700.0393: 0.0709916974880124
VOM19980613.0700.0555: 0.07020692013043262
VOM19980410.0900.0241: 0.0693376157461715
VOM19980227.0900.3069: 0.06895166927805135
VOM19980315.0700.2508: 0.06784347327498795
VOM19980224.0700.2219: 0.06475271407718657
VOM19980314.0700.0818: 0.061502197336950434
VOM19980317.0900.2819: 0.06021391103902079
