VOM19980603.0900.0074: 0.2974489473442082
VOM19980605.0730.0276: 0.2543953440055182
VOM19980604.0900.0213: 0.2543332889163264
VOM19980603.0730.0280: 0.24920297708004593
VOM19980604.0730.0250: 0.22658944825451266
VOM19980606.0700.0354: 0.22013223201474974
VOM19980605.0700.0440: 0.21623271849543055
VOM19980606.0730.0134: 0.18291980862409793
VOM19980509.0730.0100: 0.14779794587156947
VOM19980502.0700.0438: 0.1274813869145199
VOM19980224.0900.2258: 0.12567219123091267
VOM19980628.0700.0527: 0.11524965884256949
VOM19980605.0900.0045: 0.1130642348898829
