VOM19980314.0700.2522: 0.08666610984836796
VOM19980223.0700.1993: 0.08361589555820442
VOM19980226.0900.0622: 0.08258598933000673
VOM19980224.0700.2219: 0.082017483538741
VOM19980220.0900.2583: 0.0783599614689889
VOM19980222.0700.0448: 0.07522445099449825
VOM19980223.0900.2288: 0.0736552793205617
VOM19980223.0900.2973: 0.07270046071153437
VOM19980226.0900.2027: 0.0723401068179044
VOM19980225.0900.1428: 0.07055969220569065
VOM19980316.0900.2108: 0.07051869859909499
VOM19980304.0900.1406: 0.06915812365304004
VOM19980220.0700.2208: 0.06914887353684546
