VOM19980603.0900.0074: 0.3533226617863779
VOM19980604.0900.0213: 0.24797176931577852
VOM19980603.0730.0280: 0.2425698032285925
VOM19980605.0730.0276: 0.23300521719067555
VOM19980604.0730.0250: 0.2201258538982506
VOM19980605.0700.0440: 0.2122463769870553
VOM19980606.0700.0354: 0.188995281611897
VOM19980606.0730.0134: 0.1445797831492035
VOM19980223.0900.1854: 0.10985973387739441
VOM19980223.0900.0265: 0.10936008083349766
VOM19980509.0730.0100: 0.1065379525639667
VOM19980224.0900.2258: 0.10251704031919182
VOM19980223.0900.3466: 0.09307901587246535
