VOM19980602.0900.0127: 0.2001411451803589
VOM19980531.0700.0040: 0.1914633827112119
VOM19980220.0900.3537: 0.17084476025834502
VOM19980602.0700.0166: 0.16420204687800885
VOM19980605.0900.0045: 0.1640653931514223
VOM19980628.0700.0527: 0.15916624850720093
VOM19980605.0730.0042: 0.1588585630722463
VOM19980531.0730.0006: 0.14904665517202936
VOM19980315.0700.1828: 0.14690041612321994
VOM19980606.0730.0234: 0.13003455192399507
VOM19980605.0700.0040: 0.129033898269833
VOM19980606.0700.0206: 0.12785829547105884
VOM19980604.0900.0159: 0.1179922587710205
