VOM19980311.0700.1487: 0.20962077821606068
VOM19980630.0900.0230: 0.20478955515848982
VOM19980303.0900.2128: 0.1923792651534415
VOM19980316.0700.0776: 0.17088135702251733
VOM19980303.0900.0396: 0.16515697945044247
VOM19980304.0700.1058: 0.16225865359791355
VOM19980319.0700.2737: 0.15699637941436054
VOM19980621.0700.0565: 0.1350049051951102
VOM19980304.0700.1276: 0.12513771564687196
VOM19980305.0900.2093: 0.12196796538245751
VOM19980316.0700.0702: 0.1213226469645698
VOM19980225.0700.0585: 0.12066310851763484
VOM19980306.0700.0971: 0.1171281218171882
