VOM19980603.0700.0103: 0.1957491476354023
VOM19980616.0730.0180: 0.17497527782702807
VOM19980616.0900.0100: 0.17430513774692713
VOM19980616.0730.0252: 0.15221099263547316
VOM19980616.0900.0077: 0.15221099263547316
VOM19980531.0700.0120: 0.1412540963472596
VOM19980317.0700.0723: 0.12529303920649112
VOM19980618.0900.0057: 0.12414288499303004
VOM19980529.0730.0042: 0.11693688819058669
VOM19980529.0900.0046: 0.11693688819058669
VOM19980224.0900.2345: 0.11327709811297172
VOM19980319.0900.2169: 0.10876471441526789
VOM19980604.0700.0039: 0.10605704551078539
