VOM19980303.0700.0783: 0.15728608098263785
VOM19980303.0700.2491: 0.1542237951189247
VOM19980224.0700.2219: 0.15415922845717842
VOM19980302.0900.2091: 0.15116072109285078
VOM19980305.0900.2166: 0.1505883432853041
VOM19980305.0900.1046: 0.14706442010372148
VOM19980302.0700.2334: 0.14452490674004662
VOM19980316.0900.2108: 0.14303669536398797
VOM19980303.0900.2868: 0.14068649414852144
VOM19980325.0900.1209: 0.1404162016925581
VOM19980315.0700.2670: 0.14017813663104378
VOM19980319.0700.2278: 0.13847324631963984
VOM19980225.0900.0714: 0.13659898581281602
