VOM19980301.0700.0393: 0.11434827103427302
VOM19980220.0700.2814: 0.10285289164155023
VOM19980620.0700.0552: 0.09578795438424091
VOM19980410.0900.0241: 0.09558584377572538
VOM19980224.0900.3022: 0.09326241372255169
VOM19980627.0700.0572: 0.08480166755766784
VOM19980223.0700.1511: 0.08290737804610408
VOM19980613.0700.0555: 0.07928662807861658
VOM19980220.0700.0707: 0.07849576776214025
VOM19980607.0700.0385: 0.07753051943447961
VOM19980607.0730.0163: 0.07753051943447961
VOM19980515.0900.0007: 0.07655450333304115
VOM19980315.0700.2508: 0.0747987459833838
