VOM19980314.0700.1911: 0.20946059638190517
VOM19980314.0700.0239: 0.2075981183293028
VOM19980327.0900.2123: 0.16672446904192922
VOM19980316.0900.1667: 0.16433524413887293
VOM19980316.0900.1861: 0.15432387221370308
VOM19980303.0900.1926: 0.1386412543849986
VOM19980228.0700.0448: 0.1379421032539664
VOM19980311.0700.1883: 0.13768478176330093
VOM19980302.0700.3423: 0.13728018565066072
VOM19980303.0900.3358: 0.13574755532026977
VOM19980302.0700.2096: 0.1309622038138579
VOM19980623.0700.0507: 0.13009113776255213
VOM19980623.0730.0101: 0.13009113776255213
