VOM19980314.0700.1261: 0.1821075834307322
VOM19980223.0700.1993: 0.15457765174187513
VOM19980403.0900.2349: 0.15343380565986342
VOM19980314.0700.0818: 0.1455351366408795
VOM19980224.0700.2219: 0.143660997831317
VOM19980317.0700.0924: 0.1399703430663064
VOM19980303.0700.2491: 0.13980944775492204
VOM19980317.0900.0757: 0.1378665593261599
VOM19980220.0900.2138: 0.1375536648249331
VOM19980317.0700.0723: 0.1366408125406717
VOM19980225.0900.1275: 0.1352793716328116
VOM19980223.0900.2779: 0.1344539761320845
VOM19980225.0900.1029: 0.13369400067510256
