VOM19980315.0700.1310: 0.17901465235793101
VOM19980226.0900.2900: 0.16181472506364267
VOM19980326.0900.0149: 0.15899130383765203
VOM19980325.0900.2040: 0.14110926309808322
VOM19980325.0900.0124: 0.1381366929631815
VOM19980624.0730.0254: 0.13695391894322378
VOM19980628.0700.0316: 0.132081932193968
VOM19980220.0900.1332: 0.1237549507149569
VOM19980624.0700.0382: 0.12215058806555283
VOM19980606.0730.0134: 0.11971834728709105
VOM19980319.0700.0496: 0.11722368519143996
VOM19980226.0900.3196: 0.11706647109721202
VOM19980506.0900.0257: 0.11636285888038286
