VOM19980603.0700.0103: 0.15868542592445303
VOM19980616.0730.0180: 0.12383298711144411
VOM19980616.0900.0100: 0.12342728318215417
VOM19980616.0730.0252: 0.09801477150315233
VOM19980616.0900.0077: 0.09801477150315233
VOM19980317.0700.0723: 0.09359121125478462
VOM19980224.0900.2345: 0.08764745511121251
VOM19980319.0900.2169: 0.0856122784492942
VOM19980531.0700.0120: 0.08471715428404156
VOM19980225.0900.1275: 0.07835471034496033
VOM19980529.0730.0042: 0.0744617510821569
VOM19980529.0900.0046: 0.0744617510821569
VOM19980604.0700.0039: 0.0711855033589236
