VOM19980301.0700.0393: 0.11325858752817718
VOM19980220.0700.2814: 0.10235716295583948
VOM19980620.0700.0552: 0.09582265858811279
VOM19980410.0900.0241: 0.09296185488539702
VOM19980224.0900.3022: 0.09248906874735686
VOM19980627.0700.0572: 0.0844859120397462
VOM19980223.0700.1511: 0.08207306161255763
VOM19980613.0700.0555: 0.07924579058813808
VOM19980220.0700.0707: 0.07776173687567055
VOM19980607.0700.0385: 0.0758208139149055
VOM19980607.0730.0163: 0.0758208139149055
VOM19980515.0900.0007: 0.07504709986327682
VOM19980315.0700.2508: 0.07356964232396114
