VOM19980508.0700.0362: 0.21246610506987734
VOM19980510.0730.0001: 0.20182910325497097
VOM19980508.0730.0003: 0.20059043785364675
VOM19980506.0700.0042: 0.19988021754416932
VOM19980508.0900.0007: 0.19940630176252938
VOM19980507.0700.0242: 0.19926063928471685
VOM19980506.0900.0006: 0.1979901121589343
VOM19980507.0730.0066: 0.1967683849802728
VOM19980509.0730.0027: 0.19627236880797694
VOM19980507.0900.0040: 0.19119342713331855
VOM19980509.0700.0089: 0.19026579530743826
VOM19980510.0700.0040: 0.18906162960574033
VOM19980327.0900.0221: 0.18007244657002883
