VOM19980507.0700.0521: 0.20305055813241768
VOM19980511.0900.0004: 0.1800366481299083
VOM19980511.0730.0003: 0.1728000204553366
VOM19980511.0700.0039: 0.1728000204553366
VOM19980529.0900.0148: 0.1486678981894726
VOM19980511.0730.0099: 0.1445158006981616
VOM19980424.0900.0178: 0.14447663532004026
VOM19980302.0900.1291: 0.14404183564931894
VOM19980529.0730.0148: 0.13716717027213984
VOM19980529.0700.0334: 0.13035323760335746
VOM19980225.0900.2118: 0.13033975381344834
VOM19980225.0900.0421: 0.13033975381344834
VOM19980327.0900.2123: 0.12956013845282885
