VOM19980508.0700.0362: 0.17247126514044042
VOM19980508.0730.0003: 0.16035350301110302
VOM19980508.0900.0007: 0.15389385466136074
VOM19980507.0700.0242: 0.14433484925788928
VOM19980510.0700.0040: 0.1425590683583049
VOM19980506.0700.0042: 0.14062205375169032
VOM19980327.0900.0221: 0.1359332215132398
VOM19980506.0900.0006: 0.1349756587925212
VOM19980504.0700.0025: 0.129333958191833
VOM19980510.0730.0001: 0.1236528367006844
VOM19980509.0730.0027: 0.12100514498640291
VOM19980427.0900.0219: 0.12018453242549303
VOM19980509.0700.0089: 0.11987984265076553
