VOM19980301.0700.0393: 0.10394288481336929
VOM19980220.0700.2814: 0.09900556065550187
VOM19980224.0900.3022: 0.08907607714012308
VOM19980620.0700.0552: 0.08707144973086017
VOM19980410.0900.0241: 0.08185441210934834
VOM19980223.0700.1511: 0.07849507287196203
VOM19980613.0700.0555: 0.07713724273353173
VOM19980627.0700.0572: 0.0734513739286127
VOM19980220.0700.0707: 0.07140191125989127
VOM19980315.0700.2508: 0.06928854736248617
VOM19980515.0900.0007: 0.06770285423547429
VOM19980607.0700.0385: 0.06539520544434012
VOM19980607.0730.0163: 0.06539520544434012
