VOM19980314.0700.1261: 0.23532433523640298
VOM19980223.0700.1993: 0.2156239731639532
VOM19980314.0700.0818: 0.2144824090167657
VOM19980317.0700.0156: 0.20652200704174503
VOM19980317.0700.0723: 0.20444345202513473
VOM19980317.0700.0924: 0.20273785861032395
VOM19980403.0900.2349: 0.20264602428786116
VOM19980225.0900.1275: 0.19427389034643971
VOM19980302.0900.0871: 0.19269459780100892
VOM19980223.0900.2779: 0.19266398033300966
VOM19980326.0900.0433: 0.18984352335385327
VOM19980613.0700.0112: 0.1896536200133187
VOM19980319.0700.2536: 0.1895999565150169
