VOM19980508.0700.0362: 0.21962850464623399
VOM19980510.0730.0001: 0.21055854155878947
VOM19980507.0700.0242: 0.207570963194096
VOM19980508.0730.0003: 0.20599447669460338
VOM19980508.0900.0007: 0.20499694744393088
VOM19980507.0730.0066: 0.20382814602043056
VOM19980506.0700.0042: 0.2027782213789237
VOM19980509.0730.0027: 0.20244404303669908
VOM19980506.0900.0006: 0.20180854626560307
VOM19980507.0900.0040: 0.1979388207358883
VOM19980510.0700.0040: 0.19774810163879447
VOM19980509.0700.0089: 0.1967259349869199
VOM19980527.0700.0388: 0.18686403546260458
