VOM19980314.0700.1261: 0.175506306770084
VOM19980223.0700.1993: 0.14742472255209774
VOM19980403.0900.2349: 0.1468367711351587
VOM19980224.0700.2219: 0.13835817891896351
VOM19980314.0700.0818: 0.13767340114019086
VOM19980303.0700.2491: 0.1343475126271363
VOM19980317.0700.0924: 0.13254045418315347
VOM19980317.0900.0757: 0.13241102075091135
VOM19980220.0900.2138: 0.13219447741038354
VOM19980317.0700.0723: 0.12861358833689412
VOM19980225.0900.1275: 0.12828868915765074
VOM19980225.0900.1029: 0.1277115076999329
VOM19980316.0900.2774: 0.1274178133787286
