VOM19980325.0900.3341: 0.19259600825189832
VOM19980522.0700.0456: 0.11886709307131917
VOM19980607.0730.0033: 0.09941217146452173
VOM19980326.0700.1668: 0.0967862188653769
VOM19980522.0730.0286: 0.08279822332258684
VOM19980630.0900.0127: 0.08036200680355084
VOM19980224.0700.2219: 0.07905984648889447
VOM19980306.0700.2852: 0.07858873681534707
VOM19980312.0900.3445: 0.07496409550972342
VOM19980312.0900.1896: 0.07496409550972342
VOM19980312.0900.0990: 0.07461325445281364
VOM19980326.0900.3442: 0.07325798914369169
VOM19980326.0700.1793: 0.07251141343313902
