VOM19980526.0900.0124: 0.12609933612973961
VOM19980616.0730.0180: 0.1253095592915074
VOM19980616.0900.0100: 0.12479578697646365
VOM19980225.0900.1919: 0.12307564174175274
VOM19980225.0900.0216: 0.12176995741421127
VOM19980526.0730.0065: 0.12108470782807265
VOM19980319.0900.0364: 0.11952760493792489
VOM19980222.0700.0448: 0.11844076997413457
VOM19980302.0700.0484: 0.11546452796615513
VOM19980316.0900.2774: 0.11441246433489621
VOM19980404.0700.1061: 0.11285287745021004
VOM19980225.0900.0714: 0.11142991100109756
VOM19980623.0700.0472: 0.10641207998416623
