VOM19980603.0900.0074: 0.2441214902794716
VOM19980605.0730.0276: 0.17169986686798805
VOM19980603.0730.0280: 0.16970751870578998
VOM19980604.0900.0213: 0.1520800066618496
VOM19980606.0700.0354: 0.15121897959225647
VOM19980605.0700.0440: 0.144193068497743
VOM19980604.0730.0250: 0.13438509196828136
VOM19980606.0730.0134: 0.10656888006307745
VOM19980509.0730.0100: 0.07848403606582863
VOM19980319.0700.1874: 0.07497871554579379
VOM19980224.0900.2258: 0.06946840461605636
VOM19980403.0700.2482: 0.06098953661043389
VOM19980314.0700.2522: 0.059002700342635564
