VOM19980527.0700.0042: 0.11087920326464366
VOM19980515.0900.0007: 0.10743749319725059
VOM19980527.0730.0003: 0.09735891272370974
VOM19980515.0730.0053: 0.09537413014906519
VOM19980226.0900.1367: 0.09322814961134913
VOM19980527.0900.0008: 0.0884699094429987
VOM19980515.0700.0102: 0.0828503020568327
VOM19980223.0700.1993: 0.08204361256381094
VOM19980223.0900.2288: 0.08181974129107494
VOM19980302.0700.1233: 0.07843343611342249
VOM19980524.0730.0061: 0.07831517153481139
VOM19980524.0700.0265: 0.07831517153481139
VOM19980305.0900.2166: 0.07689079210622446
