VOM19980624.0730.0117: 0.14956857071824575
VOM19980603.0700.0457: 0.14583730508514264
VOM19980326.0900.3298: 0.1436929760126935
VOM19980603.0730.0240: 0.1336444203323796
VOM19980613.0700.0546: 0.13293990944025944
VOM19980225.0900.2065: 0.12273493213604188
VOM19980526.0730.0229: 0.12022437294039384
VOM19980524.0700.0492: 0.11827886102319202
VOM19980304.0700.0408: 0.11819726517619354
VOM19980220.0700.0672: 0.11778883386251916
VOM19980222.0700.2119: 0.1139931229683281
VOM19980304.0900.0353: 0.11275668648403842
VOM19980403.0700.3400: 0.1123439751146996
