VOM19980602.0900.0127: 0.20292203387403113
VOM19980531.0700.0040: 0.19131606594514897
VOM19980220.0900.3537: 0.17561442489724094
VOM19980602.0700.0166: 0.1670230491853867
VOM19980605.0900.0045: 0.1644474844182994
VOM19980628.0700.0527: 0.1641878000653135
VOM19980605.0730.0042: 0.1592285281724581
VOM19980531.0730.0006: 0.1538383348719002
VOM19980315.0700.1828: 0.14955392843474724
VOM19980606.0730.0234: 0.1332083048216158
VOM19980606.0700.0206: 0.1309789324843144
VOM19980605.0700.0040: 0.12908479448163834
VOM19980604.0900.0159: 0.12369631655600821
