VOM19980603.0700.0103: 0.3204275219007318
VOM19980616.0730.0180: 0.26556245212371693
VOM19980616.0900.0100: 0.26318067798390765
VOM19980319.0900.2169: 0.2552798603558276
VOM19980616.0730.0252: 0.24123762618319183
VOM19980616.0900.0077: 0.24123762618319183
VOM19980627.0730.0153: 0.23693523616867554
VOM19980627.0700.0205: 0.23395480008935177
VOM19980531.0700.0120: 0.23108408032649067
VOM19980530.0700.0037: 0.2285265222535616
VOM19980529.0700.0168: 0.22496485198760063
VOM19980529.0730.0003: 0.21885688981825271
VOM19980529.0900.0008: 0.21885688981825271
