VOM19980603.0900.0074: 0.3520828946094389
VOM19980604.0900.0213: 0.2452581799618901
VOM19980603.0730.0280: 0.23973529105214283
VOM19980605.0730.0276: 0.2295695476137861
VOM19980604.0730.0250: 0.21718372958372506
VOM19980605.0700.0440: 0.20884822208157858
VOM19980606.0700.0354: 0.18351542409355498
VOM19980606.0730.0134: 0.13813692116729548
VOM19980223.0900.1854: 0.10543224879083736
VOM19980223.0900.0265: 0.10497043173416633
VOM19980509.0730.0100: 0.09961516256877805
VOM19980224.0900.2258: 0.09714460452536051
VOM19980223.0900.3466: 0.08870246650080423
