VOM19980606.0700.0354: 0.34020690871988607
VOM19980603.0900.0074: 0.33806170189140644
VOM19980605.0730.0276: 0.33170173600188874
VOM19980603.0730.0280: 0.3174906374651837
VOM19980604.0900.0213: 0.31336088317377514
VOM19980606.0730.0134: 0.3103522082258877
VOM19980605.0700.0440: 0.2916666666666668
VOM19980604.0730.0250: 0.28966206101082853
VOM19980509.0730.0100: 0.2786852008565768
VOM19980628.0700.0527: 0.258092700604382
VOM19980502.0700.0438: 0.25687341766462074
VOM19980224.0900.2258: 0.23756381703487398
VOM19980326.0900.3077: 0.22916666666666696
