VOM19980616.0730.0180: 0.10999300693958647
VOM19980616.0900.0100: 0.10963264581004636
VOM19980222.0700.0448: 0.10666571425591778
VOM19980319.0900.0364: 0.10549106260274065
VOM19980526.0900.0124: 0.10482458781082009
VOM19980316.0900.2774: 0.10307250025815758
VOM19980302.0700.0484: 0.10277757164209476
VOM19980225.0900.1919: 0.10121451329046494
VOM19980404.0700.1061: 0.10105775810070113
VOM19980526.0730.0065: 0.10070992228509702
VOM19980225.0900.0216: 0.10012249151385766
VOM19980225.0900.0714: 0.09919136310905419
VOM19980221.0700.2690: 0.095428376280564
