VOM19980303.0700.0783: 0.13276034002597834
VOM19980326.0900.0118: 0.12002108886876389
VOM19980530.0700.0107: 0.11822389145658631
VOM19980305.0900.2166: 0.11736799069399681
VOM19980315.0700.2670: 0.11716049384956193
VOM19980530.0730.0037: 0.11630781575783347
VOM19980305.0900.1046: 0.11491135320154593
VOM19980612.0700.0080: 0.11226339460483367
VOM19980224.0700.1530: 0.11225840856768694
VOM19980623.0900.0051: 0.10956682487839826
VOM19980303.0700.2491: 0.10944049887209603
VOM19980224.0700.2219: 0.10819852586512299
VOM19980302.0900.2091: 0.10559065675841273
