VOM19980315.0700.1310: 0.2093952134635494
VOM19980326.0900.0149: 0.1882511755615205
VOM19980226.0900.2900: 0.1819649818837548
VOM19980628.0700.0316: 0.16393673654534047
VOM19980624.0730.0254: 0.16207459608793506
VOM19980325.0900.2040: 0.16127587680661873
VOM19980606.0730.0134: 0.1590658773424319
VOM19980325.0900.0124: 0.15831358954896185
VOM19980624.0700.0382: 0.14979298626460996
VOM19980508.0700.0452: 0.1476703827289056
VOM19980508.0730.0240: 0.14636445195435346
VOM19980508.0900.0211: 0.14486948190109059
VOM19980226.0900.3196: 0.14279642837987577
