VOM19980314.0700.1261: 0.1730479211484755
VOM19980223.0700.1993: 0.14476374876642284
VOM19980403.0900.2349: 0.14460686769138775
VOM19980224.0700.2219: 0.1365065887719945
VOM19980314.0700.0818: 0.13478686300340503
VOM19980303.0700.2491: 0.1325083090336476
VOM19980220.0900.2138: 0.13072516614841337
VOM19980317.0900.0757: 0.1306616101529872
VOM19980317.0700.0924: 0.12992332923177852
VOM19980225.0900.1275: 0.12617778286471243
VOM19980317.0700.0723: 0.12597486146680786
VOM19980225.0900.1029: 0.12591529065811985
VOM19980316.0900.2774: 0.12578299590583777
