VOM19980314.0700.1261: 0.17764313861246633
VOM19980223.0700.1993: 0.1496476314644551
VOM19980403.0900.2349: 0.1488405838021877
VOM19980314.0700.0818: 0.1401858202151923
VOM19980224.0700.2219: 0.1398249460812514
VOM19980303.0700.2491: 0.13587886672839755
VOM19980317.0700.0924: 0.1348909760022242
VOM19980317.0900.0757: 0.13387375730396517
VOM19980220.0900.2138: 0.1336597391123109
VOM19980317.0700.0723: 0.1312309224359526
VOM19980225.0900.1275: 0.13052022142541683
VOM19980223.0900.2779: 0.1295187959079007
VOM19980225.0900.1029: 0.12938376093113765
