VOM19980315.0700.1310: 0.1791420987301257
VOM19980226.0900.2900: 0.16181722865120104
VOM19980326.0900.0149: 0.15892952722278214
VOM19980325.0900.2040: 0.14063001399500505
VOM19980325.0900.0124: 0.1376972626198936
VOM19980624.0730.0254: 0.13650035350854786
VOM19980628.0700.0316: 0.13164435723155296
VOM19980220.0900.1332: 0.12354670202756556
VOM19980624.0700.0382: 0.1218403248430515
VOM19980606.0730.0134: 0.11944362585803822
VOM19980226.0900.3196: 0.11702317282358242
VOM19980319.0700.0496: 0.11653870755375371
VOM19980506.0900.0257: 0.1155060056067521
