VOM19980507.0700.0521: 0.2028769734019175
VOM19980511.0900.0004: 0.18151683911246733
VOM19980511.0730.0003: 0.17495596119005966
VOM19980511.0700.0039: 0.17495596119005966
VOM19980529.0900.0148: 0.16164177319681716
VOM19980529.0730.0148: 0.1524178191799445
VOM19980302.0900.1291: 0.15205371154969688
VOM19980529.0700.0334: 0.14488596398549172
VOM19980302.0700.3469: 0.13627797624816182
VOM19980327.0900.2123: 0.13154736729242336
VOM19980511.0730.0099: 0.1314955147993837
VOM19980301.0700.0168: 0.12579936890996657
VOM19980424.0900.0178: 0.12389310109949934
