VOM19980508.0700.0362: 0.2196454889104762
VOM19980510.0730.0001: 0.2105850804346821
VOM19980507.0700.0242: 0.20759047255912724
VOM19980508.0730.0003: 0.2060104939090645
VOM19980508.0900.0007: 0.20501663892815608
VOM19980507.0730.0066: 0.2038617199123824
VOM19980506.0700.0042: 0.20280085963293001
VOM19980509.0730.0027: 0.20246432689252133
VOM19980506.0900.0006: 0.20182574855608418
VOM19980507.0900.0040: 0.19797287827150906
VOM19980510.0700.0040: 0.19776514684426472
VOM19980509.0700.0089: 0.19674672672180415
VOM19980527.0700.0388: 0.1868894223253922
