VOM19980603.0900.0074: 0.2897190428920556
VOM19980605.0730.0276: 0.2439999566056058
VOM19980604.0900.0213: 0.24242100048636328
VOM19980603.0730.0280: 0.2394660044736249
VOM19980604.0730.0250: 0.21491616115583276
VOM19980606.0700.0354: 0.20854291005509779
VOM19980605.0700.0440: 0.20534140788574484
VOM19980606.0730.0134: 0.1693356589872819
VOM19980509.0730.0100: 0.13526481633369186
VOM19980224.0900.2258: 0.11420091902180227
VOM19980502.0700.0438: 0.11271554057898217
VOM19980305.0700.0276: 0.10072409188593495
VOM19980605.0900.0045: 0.09912792104060879
