VOM19980311.0700.1487: 0.213308139016613
VOM19980630.0900.0230: 0.20736401886201322
VOM19980303.0900.2128: 0.1955798355153848
VOM19980316.0700.0776: 0.17425389888120496
VOM19980303.0900.0396: 0.16851744722875936
VOM19980304.0700.1058: 0.16714242808279242
VOM19980319.0700.2737: 0.1606504403857063
VOM19980621.0700.0565: 0.13771269800521316
VOM19980304.0700.1276: 0.12835967898935968
VOM19980305.0900.2093: 0.12612889306703123
VOM19980316.0700.0702: 0.12472071649546863
VOM19980225.0700.0585: 0.12454196230701693
VOM19980306.0700.0971: 0.12167898549228572
