VOM19980515.0900.0007: 0.10541827255101882
VOM19980226.0900.1367: 0.10084631375053314
VOM19980527.0700.0042: 0.0945202136988533
VOM19980515.0730.0053: 0.09392403603442308
VOM19980224.0700.2219: 0.09325843849933689
VOM19980223.0700.1993: 0.08997937307344178
VOM19980223.0900.2288: 0.08659543278660241
VOM19980302.0700.1233: 0.08636041237353674
VOM19980515.0700.0102: 0.08542715451962438
VOM19980403.0700.2289: 0.08059783654072002
VOM19980305.0900.2166: 0.07984577577478892
VOM19980225.0700.2209: 0.07861941684005055
VOM19980403.0700.1724: 0.07790902578060398
