VOM19980605.0900.0045: 0.19424649160949298
VOM19980602.0900.0127: 0.191397353602153
VOM19980531.0700.0040: 0.19042444347801546
VOM19980605.0730.0042: 0.18818857160954183
VOM19980602.0700.0166: 0.16401506986653996
VOM19980531.0730.0006: 0.15922215377661145
VOM19980605.0700.0040: 0.15620137817800406
VOM19980628.0700.0527: 0.15539709027164275
VOM19980220.0900.3537: 0.1547161240893046
VOM19980315.0700.1828: 0.14667975269125402
VOM19980526.0730.0229: 0.1440290412916044
VOM19980606.0730.0234: 0.1367206322004468
VOM19980606.0700.0206: 0.13447492301927774
