VOM19980315.0700.1310: 0.1726966893541679
VOM19980226.0900.2900: 0.1583798631079084
VOM19980326.0900.0149: 0.15067960169767736
VOM19980325.0900.2040: 0.13226123414335195
VOM19980325.0900.0124: 0.12933174899362404
VOM19980624.0730.0254: 0.12736814613082048
VOM19980628.0700.0316: 0.12382060642648736
VOM19980220.0900.1332: 0.12103445244883887
VOM19980624.0700.0382: 0.11446010941896893
VOM19980226.0900.3196: 0.11250190935504106
VOM19980606.0730.0134: 0.11151865229678161
VOM19980319.0700.0496: 0.11009889166716354
VOM19980506.0900.0257: 0.10677783908264687
