VOM19980311.0700.1487: 0.21083258161899798
VOM19980630.0900.0230: 0.20482009701308618
VOM19980303.0900.2128: 0.19299592368758936
VOM19980316.0700.0776: 0.17156293274868836
VOM19980303.0900.0396: 0.1658694566539029
VOM19980304.0700.1058: 0.16402621860380184
VOM19980319.0700.2737: 0.15789223629269103
VOM19980621.0700.0565: 0.13655539273809414
VOM19980304.0700.1276: 0.125830446557174
VOM19980305.0900.2093: 0.1228998446970328
VOM19980316.0700.0702: 0.1218712751932743
VOM19980225.0700.0585: 0.12147036811741659
VOM19980306.0700.0971: 0.11884329695234962
