VOM19980226.0900.2900: 0.145794280329729
VOM19980315.0700.1310: 0.14211041455527454
VOM19980220.0900.1332: 0.11813050604023498
VOM19980326.0900.0149: 0.1084979723571766
VOM19980628.0700.0316: 0.09876816547659564
VOM19980226.0900.3196: 0.09614764709140729
VOM19980325.0900.2040: 0.09575712617566079
VOM19980325.0900.0124: 0.09171240819318302
VOM19980606.0730.0134: 0.0883789913166905
VOM19980302.0900.2091: 0.08828792360203484
VOM19980624.0730.0254: 0.08714468905778915
VOM19980319.0700.0496: 0.0862718736507757
VOM19980624.0700.0382: 0.08337959427198166
