VOM19980303.0700.0783: 0.12512899598365806
VOM19980530.0700.0107: 0.11349204467670367
VOM19980530.0730.0037: 0.11327839137413315
VOM19980326.0900.0118: 0.11251668878514681
VOM19980305.0900.2166: 0.11082632609969113
VOM19980315.0700.2670: 0.11047721304495443
VOM19980305.0900.1046: 0.10864173072091585
VOM19980224.0700.1530: 0.10525069884354583
VOM19980303.0700.2491: 0.10401881089165146
VOM19980612.0700.0080: 0.10393393068226166
VOM19980224.0700.2219: 0.10322704031971813
VOM19980623.0900.0051: 0.10207117370491786
VOM19980302.0900.2091: 0.1006601377343617
