VOM19980507.0700.0521: 0.19328904903982683
VOM19980511.0900.0004: 0.16888610936070036
VOM19980511.0730.0003: 0.16173969299496507
VOM19980511.0700.0039: 0.16173969299496507
VOM19980529.0900.0148: 0.14405645418911092
VOM19980302.0900.1291: 0.1339503639094324
VOM19980529.0730.0148: 0.13355401675691975
VOM19980511.0730.0099: 0.1307176710189538
VOM19980424.0900.0178: 0.1263378664934903
VOM19980529.0700.0334: 0.12093531373987347
VOM19980327.0900.2123: 0.11833677718068669
VOM19980302.0700.3469: 0.11681796017849048
VOM19980301.0700.0168: 0.11623415664860852
