VOM19980603.0900.0074: 0.2590882104848951
VOM19980605.0730.0276: 0.20333609121221013
VOM19980603.0730.0280: 0.1995229990340924
VOM19980604.0900.0213: 0.19774189965968791
VOM19980606.0700.0354: 0.17616359585098837
VOM19980604.0730.0250: 0.17466905136791866
VOM19980605.0700.0440: 0.16887909313237234
VOM19980606.0730.0134: 0.129572372565283
VOM19980509.0730.0100: 0.09746744605858576
VOM19980224.0900.2258: 0.07922828717088093
VOM19980319.0700.1874: 0.07843322722724715
VOM19980227.0900.3575: 0.07140000762828796
VOM19980502.0700.0438: 0.07096392252704774
