VOM19980314.0700.1911: 0.2063001886187637
VOM19980314.0700.0239: 0.2048243882359576
VOM19980327.0900.2123: 0.16156577067766
VOM19980316.0900.1667: 0.15792671653193277
VOM19980316.0900.1861: 0.15243041076138802
VOM19980303.0900.1926: 0.13565211386403092
VOM19980228.0700.0448: 0.13519468999299988
VOM19980302.0700.3423: 0.13442000964696585
VOM19980311.0700.1883: 0.1340505665017645
VOM19980303.0900.3358: 0.1328683843182543
VOM19980302.0700.2096: 0.12809396403531276
VOM19980623.0700.0507: 0.125661970960981
VOM19980623.0730.0101: 0.125661970960981
