VOM19980603.0900.0074: 0.34635609328401146
VOM19980604.0900.0213: 0.23600013828430907
VOM19980603.0730.0280: 0.23025421354629913
VOM19980605.0730.0276: 0.22097974483116964
VOM19980604.0730.0250: 0.21011912510595668
VOM19980605.0700.0440: 0.20343099497689038
VOM19980606.0700.0354: 0.17792994549009541
VOM19980606.0730.0134: 0.13164293230299395
VOM19980223.0900.1854: 0.10138697134284022
VOM19980223.0900.0265: 0.1009700484417172
VOM19980509.0730.0100: 0.0929088482591193
VOM19980224.0900.2258: 0.0927634636569885
VOM19980223.0900.3466: 0.08490942383700417
