VOM19980303.0700.0783: 0.1634604782033051
VOM19980326.0900.0118: 0.1504814046228992
VOM19980612.0700.0080: 0.1503378488211864
VOM19980224.0700.1530: 0.1466799177419155
VOM19980305.0900.2166: 0.1451215399270213
VOM19980530.0700.0107: 0.14136843644856795
VOM19980326.0700.0452: 0.13964317039906415
VOM19980315.0700.2670: 0.13839393627082466
VOM19980623.0900.0051: 0.13807710415155497
VOM19980305.0900.1046: 0.136970427759402
VOM19980223.0700.0240: 0.13363300961668054
VOM19980303.0700.2491: 0.13309887634175707
VOM19980602.0700.0199: 0.13255217101460942
