VOM19980526.0900.0124: 0.12282895183422227
VOM19980616.0730.0180: 0.12273835438649809
VOM19980616.0900.0100: 0.1222682771752401
VOM19980225.0900.1919: 0.11854450363127834
VOM19980526.0730.0065: 0.11773069551123533
VOM19980225.0900.0216: 0.11722407078597526
VOM19980319.0900.0364: 0.1166971737870705
VOM19980222.0700.0448: 0.11489180888996084
VOM19980302.0700.0484: 0.11197695346669852
VOM19980316.0900.2774: 0.11104589167771085
VOM19980404.0700.1061: 0.10970052490126345
VOM19980225.0900.0714: 0.10800880264678167
VOM19980326.0700.0480: 0.1024188516871249
