VOM19980603.0900.0074: 0.34381608748489495
VOM19980604.0900.0213: 0.23282219753910635
VOM19980603.0730.0280: 0.229777339058869
VOM19980605.0730.0276: 0.2196343093373031
VOM19980604.0730.0250: 0.20576572386648703
VOM19980605.0700.0440: 0.19970390902439636
VOM19980606.0700.0354: 0.1747872362733865
VOM19980606.0730.0134: 0.12850843198853096
VOM19980223.0900.1854: 0.09810748715501162
VOM19980223.0900.0265: 0.09766115649854049
VOM19980509.0730.0100: 0.09060483364388627
VOM19980224.0900.2258: 0.08950128586865778
VOM19980223.0900.3466: 0.08146954603675913
