VOM19980527.0700.0042: 0.15899918593945758
VOM19980515.0900.0007: 0.15620311936181447
VOM19980226.0900.1367: 0.14559420751795416
VOM19980527.0730.0003: 0.14436555582085808
VOM19980515.0730.0053: 0.14206349453355924
VOM19980524.0730.0061: 0.14060574921836458
VOM19980524.0700.0265: 0.14060574921836458
VOM19980515.0700.0102: 0.13722858168875768
VOM19980527.0900.0008: 0.13647172313743272
VOM19980302.0700.1233: 0.1313158032309492
VOM19980403.0700.2289: 0.12868171497305286
VOM19980305.0900.2166: 0.1275121341623089
VOM19980223.0900.2288: 0.12518766769411965
