VOM19980306.0700.1305: 0.09484482083599442
VOM19980314.0700.2522: 0.09134606900845309
VOM19980505.0700.0193: 0.09084531643468055
VOM19980226.0900.0622: 0.08472790422571373
VOM19980319.0900.2169: 0.08461365980965617
VOM19980507.0700.0127: 0.08429095017764424
VOM19980223.0900.2288: 0.0798654575096364
VOM19980521.0700.0039: 0.07972014164407795
VOM19980515.0900.0007: 0.0790127105782275
VOM19980415.0900.0022: 0.07885087404871546
VOM19980223.0700.1993: 0.07852321752658842
VOM19980623.0700.0314: 0.07809323401413727
VOM19980222.0700.0448: 0.0769695638759908
