VOM19980314.0700.1261: 0.20614221321634307
VOM19980223.0700.1993: 0.19078347416960847
VOM19980314.0700.0818: 0.18656065657062235
VOM19980317.0700.0924: 0.17462439115174275
VOM19980403.0900.2349: 0.17354204286341562
VOM19980224.0700.2219: 0.16848574979826778
VOM19980317.0700.0723: 0.16585795252509578
VOM19980303.0700.2491: 0.16336112992140917
VOM19980223.0900.2288: 0.16149245125275258
VOM19980302.0900.0871: 0.1610369714850474
VOM19980223.0900.2779: 0.16095557828078905
VOM19980326.0700.2676: 0.15813415555864635
VOM19980403.0700.0727: 0.15808859142989512
