VOM19980225.0900.1919: 0.16128293220238465
VOM19980225.0900.0216: 0.15948644839636
VOM19980526.0900.0124: 0.1543197855555588
VOM19980526.0730.0065: 0.14791444047427482
VOM19980222.0700.0448: 0.14516072978226557
VOM19980623.0700.0472: 0.14335215580250893
VOM19980319.0900.0364: 0.13864520986516005
VOM19980326.0700.0480: 0.13638004345680102
VOM19980404.0700.1061: 0.1351184336954132
VOM19980616.0730.0180: 0.13433601602289053
VOM19980302.0700.0484: 0.13409353213682818
VOM19980616.0900.0100: 0.1338215207772993
VOM19980225.0900.0714: 0.1336972470527757
