VOM19980508.0700.0362: 0.25151977691682825
VOM19980510.0730.0001: 0.2392253015857035
VOM19980507.0730.0066: 0.23916705888056988
VOM19980507.0700.0242: 0.23531727572490363
VOM19980508.0730.0003: 0.23259636307628997
VOM19980508.0900.0007: 0.2323732166722721
VOM19980507.0900.0040: 0.23230882915913542
VOM19980510.0700.0040: 0.22489250136044056
VOM19980509.0730.0027: 0.22411488734231524
VOM19980506.0700.0042: 0.22324190575081881
VOM19980527.0700.0388: 0.2216055214535775
VOM19980509.0700.0089: 0.22048984119213547
VOM19980506.0900.0006: 0.21950827647870969
