VOM19980311.0700.1487: 0.23852784303689709
VOM19980303.0900.2128: 0.22207076740574405
VOM19980304.0700.1058: 0.22111664352051014
VOM19980630.0900.0230: 0.22070547334687626
VOM19980316.0700.0776: 0.20542981600054996
VOM19980319.0700.2737: 0.20378598356847868
VOM19980303.0900.0396: 0.19951035640124012
VOM19980326.0700.1793: 0.17297096346354024
VOM19980306.0700.0971: 0.17106738738035554
VOM19980523.0700.0189: 0.16790359973658087
VOM19980316.0700.0944: 0.1643445436859655
VOM19980305.0900.2093: 0.16350926787242043
VOM19980225.0700.0585: 0.15962921706137367
