VOM19980326.0900.3298: 0.1421003193862315
VOM19980624.0730.0117: 0.13747839596206002
VOM19980603.0700.0457: 0.10655984245180938
VOM19980603.0730.0240: 0.09915663944288204
VOM19980526.0730.0229: 0.09876069298923154
VOM19980403.0700.3400: 0.09727084626978734
VOM19980327.0900.2035: 0.09404038733498277
VOM19980223.0700.0800: 0.08771286009941344
VOM19980613.0700.0546: 0.0868812211569327
VOM19980220.0700.0672: 0.08564171853149706
VOM19980527.0700.0466: 0.08428411616216404
VOM19980529.0900.0173: 0.08410856193733501
VOM19980311.0700.0357: 0.0838198083388873
