VOM19980303.0700.0783: 0.27325770742977173
VOM19980305.0900.2166: 0.25498508714361307
VOM19980302.0700.2334: 0.25182262437346936
VOM19980225.0900.0714: 0.25129547554422366
VOM19980404.0700.0676: 0.2500200312487793
VOM19980623.0900.0051: 0.24571461259108532
VOM19980305.0900.1046: 0.24511866530960089
VOM19980315.0700.2670: 0.24431487420142095
VOM19980311.0700.1006: 0.24419543455275813
VOM19980612.0700.0080: 0.24359938288234512
VOM19980303.0900.2868: 0.24336184076550516
VOM19980303.0700.2491: 0.24269371723350208
VOM19980319.0700.2278: 0.24218556140663303
