VOM19980220.0700.2814: 0.12156809232844064
VOM19980410.0900.0241: 0.1173348986344807
VOM19980301.0700.0393: 0.1161073126965273
VOM19980223.0700.1511: 0.11151559990939869
VOM19980224.0900.3022: 0.10940683340784871
VOM19980326.0900.2164: 0.10423196853750481
VOM19980326.0700.2359: 0.10423196853750481
VOM19980227.0900.3069: 0.09889658412834294
VOM19980620.0700.0552: 0.09790461098372386
VOM19980315.0700.2508: 0.09776275708852016
VOM19980220.0700.0707: 0.09486234446785012
VOM19980317.0900.2819: 0.09312935635482149
VOM19980515.0900.0007: 0.09079930211722591
