VOM19980508.0700.0362: 0.2141163569464073
VOM19980510.0730.0001: 0.20329954036738768
VOM19980508.0730.0003: 0.20155251722455278
VOM19980507.0700.0242: 0.20061652380534742
VOM19980508.0900.0007: 0.2003508973127895
VOM19980506.0700.0042: 0.19981992078618177
VOM19980506.0900.0006: 0.19777292019340312
VOM19980507.0730.0066: 0.1976414561017534
VOM19980509.0730.0027: 0.196295860752604
VOM19980507.0900.0040: 0.19204176188924876
VOM19980510.0700.0040: 0.19060720997472996
VOM19980509.0700.0089: 0.1905503104344629
VOM19980527.0700.0388: 0.18039981595571802
