VOM19980526.0900.0124: 0.12609103290273077
VOM19980616.0730.0180: 0.12530361350468108
VOM19980616.0900.0100: 0.12479019253861653
VOM19980225.0900.1919: 0.12305851699772034
VOM19980225.0900.0216: 0.12175215396107875
VOM19980526.0730.0065: 0.12107411674771108
VOM19980319.0900.0364: 0.11952040284621607
VOM19980222.0700.0448: 0.11842226864698105
VOM19980302.0700.0484: 0.11544832062298105
VOM19980316.0900.2774: 0.11439459358059578
VOM19980404.0700.1061: 0.11283816200883098
VOM19980225.0900.0714: 0.11140955236676554
VOM19980623.0700.0472: 0.10639673281842914
