VOM19980605.0900.0045: 0.2124640555115585
VOM19980605.0730.0042: 0.2060905843179715
VOM19980531.0700.0040: 0.2040969010440791
VOM19980602.0900.0127: 0.19825883424434967
VOM19980531.0730.0006: 0.1778854854077363
VOM19980605.0700.0040: 0.1721628632044871
VOM19980602.0700.0166: 0.17126150304556648
VOM19980628.0700.0527: 0.17119264737717674
VOM19980220.0900.3537: 0.1656715525149405
VOM19980526.0730.0229: 0.16205842365911896
VOM19980315.0700.1828: 0.1613758098782301
VOM19980606.0730.0234: 0.15138515514023265
VOM19980606.0700.0206: 0.14899768248834364
