VOM19980508.0700.0362: 0.205590839114813
VOM19980508.0730.0003: 0.19475401178090196
VOM19980506.0700.0042: 0.1942420000425032
VOM19980510.0730.0001: 0.19355103307944446
VOM19980508.0900.0007: 0.1934401489224603
VOM19980506.0900.0006: 0.1924523447301634
VOM19980507.0700.0242: 0.19207578972972444
VOM19980509.0730.0027: 0.18947137211910273
VOM19980507.0730.0066: 0.188341683918275
VOM19980509.0700.0089: 0.18347902758245055
VOM19980507.0900.0040: 0.18294089611547673
VOM19980510.0700.0040: 0.1822378408280275
VOM19980327.0900.0221: 0.1751982413744208
