VOM19980508.0700.0362: 0.21961361476500454
VOM19980510.0730.0001: 0.21055531592042556
VOM19980507.0700.0242: 0.20756092758390113
VOM19980508.0730.0003: 0.20598207903681356
VOM19980508.0900.0007: 0.20498778417831062
VOM19980507.0730.0066: 0.20382817499551867
VOM19980506.0700.0042: 0.20277563852527686
VOM19980509.0730.0027: 0.2024373962418391
VOM19980506.0900.0006: 0.2018016528839954
VOM19980507.0900.0040: 0.19794030234825205
VOM19980510.0700.0040: 0.19773675232911445
VOM19980509.0700.0089: 0.19671924900496687
VOM19980527.0700.0388: 0.18685735965243494
