VOM19980527.0700.0042: 0.18667483621373485
VOM19980527.0730.0003: 0.18207692042861418
VOM19980527.0900.0008: 0.1728528576755229
VOM19980524.0730.0061: 0.1654426697928149
VOM19980524.0700.0265: 0.1654426697928149
VOM19980515.0900.0007: 0.1596972222546514
VOM19980421.0900.0146: 0.14827246027841587
VOM19980501.0700.0297: 0.1468299793526797
VOM19980515.0730.0053: 0.144721359561231
VOM19980620.0700.0143: 0.13821834358265586
VOM19980624.0900.0112: 0.13780898716146311
VOM19980316.0900.1960: 0.13662230652758542
VOM19980317.0700.0156: 0.13519727004178117
