VOM19980306.0700.1305: 0.09551671651435578
VOM19980505.0700.0193: 0.09137769560278826
VOM19980314.0700.2522: 0.0913082121135559
VOM19980319.0900.2169: 0.08511328826928649
VOM19980507.0700.0127: 0.08468913363673974
VOM19980226.0900.0622: 0.08462296320055775
VOM19980521.0700.0039: 0.08046312714800213
VOM19980223.0900.2288: 0.07979745381090164
VOM19980515.0900.0007: 0.07931416890612224
VOM19980415.0900.0022: 0.0789408297143603
VOM19980623.0700.0314: 0.07873132954034542
VOM19980223.0700.1993: 0.07835185250671803
VOM19980222.0700.0448: 0.07714159058473635
