VOM19980311.0700.1487: 0.19711254037992834
VOM19980304.0700.1058: 0.17318294636475065
VOM19980303.0900.2128: 0.17155415772132981
VOM19980630.0900.0230: 0.16230612125414437
VOM19980316.0700.0776: 0.1518523679782958
VOM19980303.0900.0396: 0.14992053889886098
VOM19980319.0700.2737: 0.14981598548224354
VOM19980621.0700.0565: 0.12750731599945017
VOM19980306.0700.0971: 0.12548649941672185
VOM19980326.0700.1793: 0.12094106699552937
VOM19980316.0700.0944: 0.12041805436367899
VOM19980523.0700.0189: 0.11839117011874503
VOM19980305.0900.2093: 0.10830552320156525
