VOM19980605.0730.0042: 0.3077175978175048
VOM19980605.0900.0045: 0.3077175978175048
VOM19980531.0700.0040: 0.27048137303735553
VOM19980605.0700.0040: 0.26949286210118845
VOM19980526.0730.0229: 0.25532276092925166
VOM19980531.0730.0006: 0.250459024806617
VOM19980317.0700.0383: 0.2460411306176119
VOM19980520.0730.0150: 0.24408061227723715
VOM19980304.0900.0276: 0.24174688920761422
VOM19980628.0700.0527: 0.24032900666012408
VOM19980403.0700.2289: 0.22970342065218322
VOM19980220.0900.3537: 0.2285984832473323
VOM19980225.0700.0701: 0.22792115291927587
