VOM19980311.0700.1487: 0.3538369264388297
VOM19980304.0700.1058: 0.3476350106125987
VOM19980303.0900.2128: 0.34348920226018614
VOM19980303.0900.0396: 0.32021786224388366
VOM19980523.0700.0189: 0.3185633056217525
VOM19980630.0900.0230: 0.3154736316426559
VOM19980316.0700.0776: 0.3002346500163202
VOM19980319.0700.2737: 0.2946789452118599
VOM19980306.0700.0971: 0.2915648476105668
VOM19980305.0900.2093: 0.29144538373591555
VOM19980225.0700.0585: 0.2854626658629981
VOM19980316.0700.0944: 0.2805120283003658
VOM19980326.0700.1793: 0.27771156066416763
