VOM19980314.0700.1261: 0.21972755950849807
VOM19980223.0700.1993: 0.20136731365078478
VOM19980314.0700.0818: 0.19877619559706927
VOM19980317.0700.0924: 0.18726754464854237
VOM19980403.0900.2349: 0.1870101887519564
VOM19980317.0700.0723: 0.1848248715532107
VOM19980317.0700.0156: 0.18320231892827774
VOM19980223.0900.2779: 0.17599535469664446
VOM19980302.0900.0871: 0.17586868263883979
VOM19980225.0900.1275: 0.17558906956094272
VOM19980224.0700.2219: 0.17558263011413364
VOM19980223.0900.2288: 0.17376102472115765
VOM19980319.0700.2536: 0.17249839785622245
