VOM19980507.0700.0521: 0.21291244583862395
VOM19980511.0900.0004: 0.19428565634278086
VOM19980511.0730.0003: 0.18757837580722722
VOM19980511.0700.0039: 0.18757837580722722
VOM19980529.0900.0148: 0.1669081954528868
VOM19980302.0900.1291: 0.16498044015803462
VOM19980529.0700.0334: 0.15654108366096117
VOM19980529.0730.0148: 0.15593935707921194
VOM19980302.0700.3469: 0.14981983163727602
VOM19980511.0730.0099: 0.14692071568470474
VOM19980327.0900.2123: 0.14618586147956836
VOM19980424.0900.0178: 0.14364411475092537
VOM19980301.0700.0168: 0.13964780706296187
