VOM19980314.0700.1911: 0.19883771907052006
VOM19980314.0700.0239: 0.19733864418799654
VOM19980316.0900.1667: 0.18996227209358835
VOM19980327.0900.2123: 0.1840186850072406
VOM19980311.0700.1883: 0.1804223002688635
VOM19980228.0700.0448: 0.16804169181976916
VOM19980302.0700.1749: 0.15679809564999145
VOM19980316.0900.1861: 0.15361553862835953
VOM19980319.0900.1922: 0.15238561537058432
VOM19980319.0900.0162: 0.150402203940585
VOM19980305.0900.2891: 0.1472311959398752
VOM19980302.0700.1577: 0.1469232860281897
VOM19980404.0700.0676: 0.14384647958848565
