VOM19980603.0900.0074: 0.36961348684928536
VOM19980604.0900.0213: 0.26848581954126444
VOM19980603.0730.0280: 0.2612205207746191
VOM19980605.0730.0276: 0.2518443703866799
VOM19980604.0730.0250: 0.2394009132968036
VOM19980605.0700.0440: 0.2306820360203858
VOM19980606.0700.0354: 0.19858960342462217
VOM19980606.0730.0134: 0.15910078142317602
VOM19980223.0900.1854: 0.12891160444858374
VOM19980223.0900.0265: 0.1283814949147524
VOM19980509.0730.0100: 0.12066665511942523
VOM19980224.0900.2258: 0.12030918039211005
VOM19980223.0900.3466: 0.11535866625679643
