VOM19980531.0700.0040: 0.17573279924810342
VOM19980602.0900.0127: 0.17334084219135745
VOM19980605.0730.0042: 0.17124161624082868
VOM19980605.0900.0045: 0.17124161624082868
VOM19980220.0900.3537: 0.16335089543999032
VOM19980602.0700.0166: 0.15359711952409164
VOM19980605.0700.0040: 0.1455284694026042
VOM19980628.0700.0527: 0.13838856209077452
VOM19980531.0730.0006: 0.13438191533999594
VOM19980606.0730.0234: 0.12690770320003011
VOM19980606.0700.0206: 0.12690770320003011
VOM19980315.0700.1828: 0.12474614678410731
VOM19980603.0900.0074: 0.12253643606020424
