VOM19980603.0700.0103: 0.20208206417847402
VOM19980616.0730.0180: 0.17596675306318313
VOM19980616.0900.0100: 0.17438854402587223
VOM19980616.0730.0252: 0.15426757063339122
VOM19980616.0900.0077: 0.15426757063339122
VOM19980319.0900.2169: 0.1424451163238058
VOM19980531.0700.0120: 0.13876894941874182
VOM19980317.0700.0723: 0.1341946336721345
VOM19980224.0900.2345: 0.13231540117689436
VOM19980530.0700.0037: 0.1301616824777268
VOM19980618.0900.0057: 0.1262462198764932
VOM19980529.0700.0168: 0.12453631940312906
VOM19980225.0900.1275: 0.11891246254885135
