VOM19980510.0730.0001: 0.23872378702353228
VOM19980507.0730.0066: 0.2377523402609896
VOM19980508.0700.0362: 0.23551672049207162
VOM19980509.0730.0027: 0.23539711348219156
VOM19980506.0900.0006: 0.23527731498294976
VOM19980506.0700.0042: 0.23237294079588022
VOM19980507.0900.0040: 0.2318673911241184
VOM19980508.0900.0007: 0.22920574123299117
VOM19980605.0900.0236: 0.22832431865859157
VOM19980508.0730.0003: 0.22803339350708948
VOM19980509.0700.0089: 0.22800244128052882
VOM19980507.0700.0242: 0.22696029414993368
VOM19980527.0700.0388: 0.2182571813916941
