VOM19980314.0700.1911: 0.18917717024417913
VOM19980314.0700.0239: 0.18810007946052082
VOM19980316.0900.1667: 0.17775974596914149
VOM19980327.0900.2123: 0.17321077276366245
VOM19980311.0700.1883: 0.1710898501319559
VOM19980228.0700.0448: 0.15912811673515234
VOM19980302.0700.1749: 0.14523967285981598
VOM19980316.0900.1861: 0.1452361363880739
VOM19980319.0900.1922: 0.13942797229129225
VOM19980319.0900.0162: 0.13761321416447267
VOM19980305.0900.2891: 0.1360416224931304
VOM19980302.0700.1577: 0.13551353128428148
VOM19980227.0900.2836: 0.13528225023064844
