VOM19980315.0700.1310: 0.16880454196086228
VOM19980226.0900.2900: 0.16557503234908308
VOM19980326.0900.0149: 0.14031226986399725
VOM19980220.0900.1332: 0.13451214567190486
VOM19980628.0700.0316: 0.12968768854119583
VOM19980325.0900.2040: 0.12701342479483294
VOM19980325.0900.0124: 0.12322172966069263
VOM19980606.0730.0134: 0.1209787189363556
VOM19980624.0730.0254: 0.12076936340812311
VOM19980226.0900.3196: 0.12072026680720242
VOM19980319.0700.0496: 0.1167401498524852
VOM19980508.0700.0452: 0.1147419292217943
VOM19980624.0700.0382: 0.11376494994604679
