VOM19980314.0700.1261: 0.18208917934362456
VOM19980223.0700.1993: 0.15455089153596166
VOM19980403.0900.2349: 0.15341372737127265
VOM19980314.0700.0818: 0.1455060363732692
VOM19980224.0700.2219: 0.14363511626615927
VOM19980317.0700.0924: 0.13994628821091418
VOM19980303.0700.2491: 0.13978526913253564
VOM19980317.0900.0757: 0.13784349938127777
VOM19980220.0900.2138: 0.13753554330226803
VOM19980317.0700.0723: 0.1366218995213378
VOM19980225.0900.1275: 0.13526496490232182
VOM19980223.0900.2779: 0.13443268601746028
VOM19980225.0900.1029: 0.13367527700993662
