VOM19980508.0700.0362: 0.2123185849385113
VOM19980508.0730.0003: 0.19868457953134336
VOM19980508.0900.0007: 0.194252134963124
VOM19980507.0700.0242: 0.19232501746317082
VOM19980510.0700.0040: 0.18813336579980477
VOM19980327.0900.0221: 0.18577895090117302
VOM19980506.0900.0006: 0.1817537192742961
VOM19980506.0700.0042: 0.1804697616888172
VOM19980510.0730.0001: 0.17975810846253018
VOM19980509.0730.0027: 0.1766976728195976
VOM19980427.0900.0219: 0.17622870248706454
VOM19980509.0700.0089: 0.17344447728794246
VOM19980504.0700.0025: 0.17244507281239935
