VOM19980603.0900.0074: 0.2780308227019412
VOM19980605.0730.0276: 0.21073912644211892
VOM19980603.0730.0280: 0.20729990049034602
VOM19980604.0900.0213: 0.19236025213914937
VOM19980606.0700.0354: 0.18866893705331142
VOM19980605.0700.0440: 0.1829048397431595
VOM19980604.0730.0250: 0.17257072442165688
VOM19980606.0730.0134: 0.14902905908570382
VOM19980509.0730.0100: 0.11774406140834111
VOM19980224.0900.2258: 0.10906462522090835
VOM19980319.0700.1874: 0.09659786377845675
VOM19980502.0700.0438: 0.09559420188263763
VOM19980305.0700.0276: 0.09338312751695944
