VOM19980531.0700.0040: 0.18898011401702422
VOM19980605.0730.0042: 0.18837502724430422
VOM19980605.0900.0045: 0.18837502724430422
VOM19980602.0900.0127: 0.1801477150090491
VOM19980220.0900.3537: 0.17471721026537593
VOM19980605.0700.0040: 0.16088313838937277
VOM19980602.0700.0166: 0.16067305682226782
VOM19980628.0700.0527: 0.15341778044389526
VOM19980531.0730.0006: 0.15141083049805154
VOM19980606.0730.0234: 0.140908411854234
VOM19980606.0700.0206: 0.140908411854234
VOM19980315.0700.1828: 0.138378490279714
VOM19980526.0730.0229: 0.13650567844662445
