VOM19980527.0700.0042: 0.15899918593945753
VOM19980515.0900.0007: 0.15620311936181439
VOM19980226.0900.1367: 0.14559420751795385
VOM19980527.0730.0003: 0.14436555582085817
VOM19980515.0730.0053: 0.14206349453355932
VOM19980524.0730.0061: 0.1406057492183646
VOM19980524.0700.0265: 0.1406057492183646
VOM19980515.0700.0102: 0.1372285816887578
VOM19980527.0900.0008: 0.1364717231374328
VOM19980302.0700.1233: 0.1313158032309494
VOM19980403.0700.2289: 0.12868171497305264
VOM19980305.0900.2166: 0.12751213416230903
VOM19980223.0900.2288: 0.12518766769411938
