VOM19980303.0700.0783: 0.15733531833914619
VOM19980303.0700.2491: 0.15426508291514437
VOM19980224.0700.2219: 0.15419824153001488
VOM19980302.0900.2091: 0.15119942860960411
VOM19980305.0900.2166: 0.15063347174079963
VOM19980305.0900.1046: 0.14710703599368327
VOM19980302.0700.2334: 0.14457159624936056
VOM19980316.0900.2108: 0.14307895734047887
VOM19980303.0900.2868: 0.1407305699489668
VOM19980325.0900.1209: 0.14045749026786752
VOM19980315.0700.2670: 0.1402218910465603
VOM19980319.0700.2278: 0.13851750797483695
VOM19980225.0900.0714: 0.13664701457249964
