VOM19980311.0700.1487: 0.21727942516838447
VOM19980630.0900.0230: 0.2104386825017731
VOM19980303.0900.2128: 0.19993256152863778
VOM19980316.0700.0776: 0.17720795598655706
VOM19980303.0900.0396: 0.17296249046126355
VOM19980304.0700.1058: 0.17133015418098838
VOM19980319.0700.2737: 0.16326133566905968
VOM19980621.0700.0565: 0.14231639354359832
VOM19980305.0900.2093: 0.1312259258045772
VOM19980304.0700.1276: 0.13081082355025883
VOM19980225.0700.0585: 0.1295851731532056
VOM19980316.0700.0702: 0.12888258788388618
VOM19980306.0700.0971: 0.12598832366664706
