VOM19980224.0700.2219: 0.14772985224477977
VOM19980303.0700.2491: 0.14713213058658153
VOM19980303.0700.0783: 0.1462350879201404
VOM19980302.0900.2091: 0.1446240261147319
VOM19980305.0900.2166: 0.14082855593324586
VOM19980305.0900.1046: 0.13795433333910018
VOM19980302.0700.2334: 0.1350887777581797
VOM19980316.0900.2108: 0.13460929601385396
VOM19980325.0900.1209: 0.13152321720545979
VOM19980303.0900.2868: 0.13117520618802772
VOM19980315.0700.2670: 0.12999961589814021
VOM19980319.0700.2278: 0.12879318373957077
VOM19980223.0900.1151: 0.12651873439946418
