VOM19980424.0900.0178: 0.2662283443595085
VOM19980225.0900.2118: 0.2640726137846249
VOM19980225.0900.0421: 0.2640726137846249
VOM19980507.0700.0521: 0.25368079688239686
VOM19980511.0900.0004: 0.25031948894825307
VOM19980327.0900.2123: 0.2501021033328254
VOM19980511.0730.0099: 0.2491816671988007
VOM19980511.0700.0193: 0.24715576637149037
VOM19980302.0900.1291: 0.24518373516542188
VOM19980305.0700.0436: 0.24139748818321966
VOM19980511.0730.0003: 0.2401460532140371
VOM19980511.0700.0039: 0.2401460532140371
VOM19980302.0700.3469: 0.23816525581123346
