VOM19980526.0900.0124: 0.15915202798265213
VOM19980526.0730.0065: 0.15290485471381018
VOM19980616.0730.0180: 0.15061018065530862
VOM19980616.0900.0100: 0.15011674878785372
VOM19980225.0900.1919: 0.14766344164937684
VOM19980225.0900.0216: 0.14607027394399907
VOM19980319.0900.0364: 0.13910671766437152
VOM19980623.0700.0472: 0.1368578827871294
VOM19980625.0700.0277: 0.12870551005080275
VOM19980625.0730.0167: 0.12870551005080275
VOM19980326.0700.0480: 0.1280383116392738
VOM19980302.0700.0484: 0.12442624151473411
VOM19980301.0700.0136: 0.12352930033741115
