VOM19980606.0700.0354: 0.3402069087198858
VOM19980603.0900.0074: 0.3380617018914066
VOM19980605.0730.0276: 0.3317017360018887
VOM19980603.0730.0280: 0.3174906374651838
VOM19980604.0900.0213: 0.313360883173775
VOM19980606.0730.0134: 0.310352208225888
VOM19980605.0700.0440: 0.2916666666666667
VOM19980604.0730.0250: 0.28966206101082875
VOM19980509.0730.0100: 0.27868520085657683
VOM19980628.0700.0527: 0.25809270060438194
VOM19980502.0700.0438: 0.25687341766462074
VOM19980224.0900.2258: 0.237563817034874
VOM19980304.0900.0276: 0.22916666666666666
