VOM19980326.0900.3298: 0.17909452220545727
VOM19980624.0730.0117: 0.17210741628691373
VOM19980613.0700.0546: 0.1534270298014599
VOM19980526.0730.0229: 0.14825896256168766
VOM19980327.0900.2035: 0.1396372857165962
VOM19980317.0900.3492: 0.1365852048251294
VOM19980603.0700.0457: 0.13464928556942307
VOM19980603.0730.0240: 0.13312756645694432
VOM19980302.0700.0373: 0.13147649299984476
VOM19980529.0900.0173: 0.13033883779516925
VOM19980220.0700.0672: 0.129510360340211
VOM19980327.0900.3505: 0.1278323038958504
VOM19980311.0700.0357: 0.12677787315754796
