VOM19980511.0730.0133: 0.23873003074657967
VOM19980410.0900.0241: 0.23804761428476168
VOM19980511.0700.0080: 0.22649412708342612
VOM19980511.0730.0040: 0.22649412708342612
VOM19980220.0900.2583: 0.2189387441031573
VOM19980314.0700.2522: 0.2172305890432639
VOM19980222.0700.1016: 0.20757351132077653
VOM19980222.0700.0448: 0.2041044601800287
VOM19980618.0730.0234: 0.20405350181565016
VOM19980225.0900.0253: 0.2021130208636108
VOM19980225.0900.1953: 0.20026720118795727
VOM19980304.0700.0512: 0.20004001200400143
VOM19980317.0900.0330: 0.19959498361736527
