VOM19980314.0700.1261: 0.177405389286577
VOM19980403.0900.2349: 0.14912093271219146
VOM19980223.0700.1993: 0.1475282469098457
VOM19980224.0700.2219: 0.1382579008394943
VOM19980314.0700.0818: 0.1381919800775094
VOM19980220.0900.2138: 0.1358023316168634
VOM19980303.0700.2491: 0.13497783750339382
VOM19980317.0700.0924: 0.13385250490971398
VOM19980317.0900.0757: 0.13343951933498702
VOM19980225.0900.1275: 0.13334186122772407
VOM19980317.0700.0723: 0.13255359482510592
VOM19980316.0900.2774: 0.13083209669102908
VOM19980225.0900.1029: 0.13056661315690118
