VOM19980311.0700.1487: 0.21723502031154435
VOM19980630.0900.0230: 0.21040989453828185
VOM19980303.0900.2128: 0.19988187286598677
VOM19980316.0700.0776: 0.17717218575663812
VOM19980303.0900.0396: 0.1729103234096614
VOM19980304.0700.1058: 0.17126949728732452
VOM19980319.0700.2737: 0.1632217111019664
VOM19980621.0700.0565: 0.14226933461218716
VOM19980305.0900.2093: 0.1311743020398983
VOM19980304.0700.1276: 0.13078701980989327
VOM19980225.0700.0585: 0.1295348143485167
VOM19980316.0700.0702: 0.12885087639555223
VOM19980306.0700.0971: 0.12593179147264724
