VOM19980306.0700.1305: 0.09392713739793276
VOM19980505.0700.0193: 0.09062024036645547
VOM19980314.0700.2522: 0.08908703219751544
VOM19980319.0900.2169: 0.08334364517781809
VOM19980507.0700.0127: 0.08330680127829551
VOM19980226.0900.0622: 0.0829123199184296
VOM19980223.0900.2288: 0.07809596052436497
VOM19980521.0700.0039: 0.07806948861356554
VOM19980415.0900.0022: 0.07776514161577112
VOM19980623.0700.0314: 0.0777624470924605
VOM19980515.0900.0007: 0.07750882377378072
VOM19980223.0700.1993: 0.07659021237197747
VOM19980306.0700.1383: 0.07478509370303348
