VOM19980605.0730.0042: 0.30771759781750485
VOM19980605.0900.0045: 0.30771759781750485
VOM19980531.0700.0040: 0.2704813730373557
VOM19980605.0700.0040: 0.26949286210118834
VOM19980526.0730.0229: 0.2553227609292516
VOM19980531.0730.0006: 0.250459024806617
VOM19980317.0700.0383: 0.24604113061761196
VOM19980520.0730.0150: 0.24408061227723718
VOM19980304.0900.0276: 0.24174688920761409
VOM19980628.0700.0527: 0.24032900666012408
VOM19980403.0700.2289: 0.22970342065218277
VOM19980220.0900.3537: 0.2285984832473322
VOM19980225.0700.0701: 0.2279211529192759
