VOM19980603.0700.0103: 0.19933579115114536
VOM19980616.0730.0180: 0.17769870534943843
VOM19980616.0900.0100: 0.1769701362303398
VOM19980616.0730.0252: 0.15482370973052756
VOM19980616.0900.0077: 0.15482370973052756
VOM19980531.0700.0120: 0.14417253118070564
VOM19980317.0700.0723: 0.12824066098816114
VOM19980618.0900.0057: 0.1270548269344931
VOM19980529.0730.0042: 0.11909749924485098
VOM19980529.0900.0046: 0.11909749924485098
VOM19980224.0900.2345: 0.11624309621004399
VOM19980319.0900.2169: 0.11301093986776492
VOM19980604.0700.0039: 0.10912718667841133
