VOM19980314.0700.1911: 0.2126120388437043
VOM19980314.0700.0239: 0.21062587928828508
VOM19980327.0900.2123: 0.1717391471775987
VOM19980316.0900.1667: 0.17041944299960496
VOM19980316.0900.1861: 0.15739746754081713
VOM19980303.0900.1926: 0.14278067628277974
VOM19980311.0700.1883: 0.14248842411535373
VOM19980228.0700.0448: 0.14208964758960813
VOM19980302.0700.3423: 0.14080111642318274
VOM19980303.0900.3358: 0.13996033655033419
VOM19980302.0700.2096: 0.13505226477615878
VOM19980623.0700.0507: 0.1341008120462886
VOM19980623.0730.0101: 0.1341008120462886
