VOM19980602.0900.0127: 0.20134991709943748
VOM19980531.0700.0040: 0.19266460263760551
VOM19980220.0900.3537: 0.17296342610448145
VOM19980602.0700.0166: 0.16539485270871976
VOM19980605.0900.0045: 0.16530832981617727
VOM19980628.0700.0527: 0.16091813883427195
VOM19980605.0730.0042: 0.16015289751439252
VOM19980531.0730.0006: 0.15100581279982422
VOM19980315.0700.1828: 0.14796754102207105
VOM19980606.0730.0234: 0.13167338840455248
VOM19980605.0700.0040: 0.13011785262018422
VOM19980606.0700.0206: 0.12951058289014986
VOM19980604.0900.0159: 0.11944290309253627
