VOM19980303.0700.0783: 0.1266260182999231
VOM19980530.0700.0107: 0.11437536839941014
VOM19980530.0730.0037: 0.11388176159989546
VOM19980326.0900.0118: 0.11384320409373004
VOM19980305.0900.2166: 0.11215097550877083
VOM19980315.0700.2670: 0.11179463536594747
VOM19980305.0900.1046: 0.10994485539867706
VOM19980224.0700.1530: 0.10645997541206711
VOM19980612.0700.0080: 0.10548838215366202
VOM19980303.0700.2491: 0.10520455131161817
VOM19980224.0700.2219: 0.10433874782654513
VOM19980623.0900.0051: 0.10352944280280119
VOM19980302.0900.2091: 0.10176134495836062
