VOM19980616.0730.0180: 0.12095063090050544
VOM19980616.0900.0100: 0.12048740051455317
VOM19980526.0900.0124: 0.12025392139877143
VOM19980526.0730.0065: 0.11526254675964959
VOM19980225.0900.1919: 0.11516246925134932
VOM19980319.0900.0364: 0.11449551731832813
VOM19980225.0900.0216: 0.11387970790613612
VOM19980222.0700.0448: 0.11229795014531352
VOM19980302.0700.0484: 0.1096593648887973
VOM19980316.0900.2774: 0.10894504287496744
VOM19980404.0700.1061: 0.10749078289561151
VOM19980225.0900.0714: 0.1058568550334058
VOM19980221.0700.2690: 0.10028979159521746
