VOM19980603.0700.0103: 0.2294747722254006
VOM19980616.0730.0180: 0.2129767565929964
VOM19980616.0900.0100: 0.21227899819264834
VOM19980616.0730.0252: 0.20248855650323003
VOM19980616.0900.0077: 0.20248855650323003
VOM19980531.0700.0120: 0.1811289272991769
VOM19980618.0900.0057: 0.1716475874858841
VOM19980529.0730.0042: 0.16351080138458743
VOM19980529.0900.0046: 0.16351080138458743
VOM19980528.0900.0006: 0.15142482947522604
VOM19980317.0700.0723: 0.14775862866978465
VOM19980605.0900.0007: 0.1455570400203022
VOM19980319.0900.2169: 0.14118517725769023
