VOM19980527.0700.0042: 0.13895208648598667
VOM19980527.0730.0003: 0.1339415121719567
VOM19980515.0900.0007: 0.13335227264660626
VOM19980524.0730.0061: 0.13055990171981757
VOM19980524.0700.0265: 0.13055990171981757
VOM19980527.0900.0008: 0.12754372825879612
VOM19980515.0730.0053: 0.12205581688585286
VOM19980630.0900.0127: 0.1108039700505031
VOM19980403.0900.2121: 0.10914374564374957
VOM19980421.0900.0146: 0.10764336721139009
VOM19980515.0700.0102: 0.10752856404878526
VOM19980403.0700.0489: 0.10555304711551002
VOM19980410.0900.0241: 0.10501047904536392
