VOM19980508.0700.0362: 0.2196603909410037
VOM19980510.0730.0001: 0.2105883213688844
VOM19980507.0700.0242: 0.20760052112213787
VOM19980508.0730.0003: 0.2060229012915161
VOM19980508.0900.0007: 0.20502581167704173
VOM19980507.0730.0066: 0.2038617018262961
VOM19980506.0700.0042: 0.20280344969023975
VOM19980509.0730.0027: 0.20247098430519178
VOM19980506.0900.0006: 0.20183265041136655
VOM19980507.0900.0040: 0.19797140699431995
VOM19980510.0700.0040: 0.197776509771172
VOM19980509.0700.0089: 0.19675342333794082
VOM19980527.0700.0388: 0.18689610920550406
