VOM19980603.0900.0074: 0.35332266178637795
VOM19980604.0900.0213: 0.24797176931577858
VOM19980603.0730.0280: 0.2425698032285925
VOM19980605.0730.0276: 0.2330052171906755
VOM19980604.0730.0250: 0.22012585389825062
VOM19980605.0700.0440: 0.2122463769870554
VOM19980606.0700.0354: 0.18899528161189685
VOM19980606.0730.0134: 0.14457978314920358
VOM19980223.0900.1854: 0.10985973387739444
VOM19980223.0900.0265: 0.10936008083349769
VOM19980509.0730.0100: 0.1065379525639667
VOM19980224.0900.2258: 0.1025170403191918
VOM19980223.0900.3466: 0.09307901587246535
