VOM19980311.0700.1487: 0.3538369264388295
VOM19980304.0700.1058: 0.3476350106125989
VOM19980303.0900.2128: 0.34348920226018625
VOM19980303.0900.0396: 0.3202178622438834
VOM19980523.0700.0189: 0.31856330562175283
VOM19980630.0900.0230: 0.3154736316426559
VOM19980316.0700.0776: 0.30023465001632066
VOM19980319.0700.2737: 0.2946789452118589
VOM19980306.0700.0971: 0.2915648476105668
VOM19980305.0900.2093: 0.2914453837359156
VOM19980225.0700.0585: 0.285462665862998
VOM19980316.0700.0944: 0.28051202830036537
VOM19980326.0700.1793: 0.27771156066416797
