VOM19980603.0900.0074: 0.3533036114109919
VOM19980604.0900.0213: 0.2479779361352191
VOM19980603.0730.0280: 0.2425888929279979
VOM19980605.0730.0276: 0.23303531932887234
VOM19980604.0730.0250: 0.2201342758064961
VOM19980605.0700.0440: 0.2122628889938487
VOM19980606.0700.0354: 0.18903472104422833
VOM19980606.0730.0134: 0.14462216291702512
VOM19980223.0900.1854: 0.10986624514101548
VOM19980223.0900.0265: 0.10936641913649929
VOM19980509.0730.0100: 0.10657923194414518
VOM19980224.0900.2258: 0.102547764389142
VOM19980223.0900.3466: 0.09308660428516245
