VOM19980325.0900.3341: 0.20591104231455798
VOM19980522.0700.0456: 0.12767160962675783
VOM19980607.0730.0033: 0.11262336000120621
VOM19980326.0700.1668: 0.10515817772392765
VOM19980522.0730.0286: 0.09716373985884347
VOM19980630.0900.0127: 0.09070599655060822
VOM19980312.0900.3445: 0.08586945453155569
VOM19980312.0900.1896: 0.08586945453155569
VOM19980306.0700.2852: 0.08331344452958105
VOM19980224.0700.2219: 0.08216057002639975
VOM19980326.0900.3442: 0.08058852940282202
VOM19980312.0900.0990: 0.08023702119642426
VOM19980325.0900.2179: 0.08016300481661306
