VOM19980303.0700.0783: 0.2732577074297717
VOM19980305.0900.2166: 0.2549850871436129
VOM19980302.0700.2334: 0.2518226243734694
VOM19980225.0900.0714: 0.251295475544223
VOM19980404.0700.0676: 0.2500200312487802
VOM19980623.0900.0051: 0.2457146125910853
VOM19980305.0900.1046: 0.24511866530960078
VOM19980315.0700.2670: 0.24431487420142087
VOM19980311.0700.1006: 0.24419543455275788
VOM19980612.0700.0080: 0.2435993828823451
VOM19980303.0900.2868: 0.24336184076550504
VOM19980303.0700.2491: 0.24269371723350275
VOM19980319.0700.2278: 0.24218556140663333
