VOM19980325.0900.3341: 0.21233465724886427
VOM19980522.0700.0456: 0.13300612342541857
VOM19980607.0730.0033: 0.12031801866251542
VOM19980326.0700.1668: 0.11202498733991319
VOM19980522.0730.0286: 0.10453376287836448
VOM19980630.0900.0127: 0.0979158823993399
VOM19980312.0900.3445: 0.09207805692103399
VOM19980312.0900.1896: 0.09207805692103399
VOM19980306.0700.2852: 0.08863304979444211
VOM19980326.0900.3442: 0.08690251208548648
VOM19980312.0900.0990: 0.08614469653234111
VOM19980224.0700.2219: 0.0859348578855341
VOM19980607.0700.0121: 0.08564866928091432
