VOM19980326.0900.3298: 0.14579120053916558
VOM19980624.0730.0117: 0.14311714635431733
VOM19980603.0700.0457: 0.11396897063758098
VOM19980526.0730.0229: 0.10657050833371041
VOM19980603.0730.0240: 0.10635512614843648
VOM19980403.0700.3400: 0.10331329134187123
VOM19980327.0900.2035: 0.10056174141484846
VOM19980220.0700.0672: 0.0959391141205542
VOM19980613.0700.0546: 0.09431904601637381
VOM19980223.0700.0800: 0.09411034630855189
VOM19980302.0700.0373: 0.09324287603541767
VOM19980527.0700.0466: 0.09262741721835814
VOM19980225.0900.2065: 0.09255472343734535
