VOM19980314.0700.1261: 0.18213532453055264
VOM19980223.0700.1993: 0.15460866530547931
VOM19980403.0900.2349: 0.1534586723992758
VOM19980314.0700.0818: 0.14556905278602805
VOM19980224.0700.2219: 0.14368396653936677
VOM19980317.0700.0924: 0.1400011381897879
VOM19980303.0700.2491: 0.13983236810464256
VOM19980317.0900.0757: 0.1378858324338016
VOM19980220.0900.2138: 0.13757527628059515
VOM19980317.0700.0723: 0.13667261552271023
VOM19980225.0900.1275: 0.13530734614977605
VOM19980223.0900.2779: 0.13448232358510115
VOM19980225.0900.1029: 0.13371677061874565
