VOM19980315.0700.1310: 0.18202904107165158
VOM19980226.0900.2900: 0.1648337182100999
VOM19980326.0900.0149: 0.16224227637345334
VOM19980325.0900.2040: 0.14350996768313676
VOM19980325.0900.0124: 0.1407066370070558
VOM19980624.0730.0254: 0.13997062301965885
VOM19980628.0700.0316: 0.1346790267276102
VOM19980220.0900.1332: 0.12617963319702807
VOM19980624.0700.0382: 0.12544710073432336
VOM19980606.0730.0134: 0.12353060548126503
VOM19980226.0900.3196: 0.12077315314381441
VOM19980319.0700.0496: 0.11962145249926194
VOM19980506.0900.0257: 0.11896197184244735
