VOM19980603.0700.0103: 0.3204275219007316
VOM19980616.0730.0180: 0.2655624521237169
VOM19980616.0900.0100: 0.2631806779839076
VOM19980319.0900.2169: 0.25527986035582784
VOM19980616.0730.0252: 0.24123762618319178
VOM19980616.0900.0077: 0.24123762618319178
VOM19980627.0730.0153: 0.23693523616867568
VOM19980627.0700.0205: 0.2339548000893516
VOM19980531.0700.0120: 0.2310840803264906
VOM19980530.0700.0037: 0.22852652225356146
VOM19980529.0700.0168: 0.22496485198760094
VOM19980529.0730.0003: 0.21885688981825285
VOM19980529.0900.0008: 0.21885688981825285
