VOM19980316.0900.1667: 0.3154452182590806
VOM19980327.0900.2123: 0.2909118951044216
VOM19980319.0900.1922: 0.2859570899255069
VOM19980302.0700.1749: 0.2822861093102119
VOM19980319.0900.0162: 0.28223514701594626
VOM19980314.0700.1911: 0.27867916304480145
VOM19980311.0700.1883: 0.2770152941084835
VOM19980314.0700.0239: 0.27258767268772455
VOM19980302.0700.1577: 0.2677727260975689
VOM19980619.0700.0464: 0.26444888629006646
VOM19980619.0730.0212: 0.2601645431638421
VOM19980305.0900.2891: 0.2540383524512599
VOM19980222.0700.0448: 0.253517032035818
