VOM19980526.0900.0124: 0.1261232228597918
VOM19980616.0730.0180: 0.12532265991369085
VOM19980616.0900.0100: 0.12480883388576981
VOM19980225.0900.1919: 0.12310460899877862
VOM19980225.0900.0216: 0.12179861736352805
VOM19980526.0730.0065: 0.12110764464771108
VOM19980319.0900.0364: 0.11954577803610122
VOM19980222.0700.0448: 0.11846232452767001
VOM19980302.0700.0484: 0.11548209484970864
VOM19980316.0900.2774: 0.11442912218914024
VOM19980404.0700.1061: 0.11287206886504177
VOM19980225.0900.0714: 0.11144935733040577
VOM19980623.0700.0472: 0.10643960989977987
