VOM19980325.0900.3341: 0.22799733328844268
VOM19980522.0700.0456: 0.1505633954116647
VOM19980607.0730.0033: 0.14499302977514728
VOM19980522.0730.0286: 0.14338646761512755
VOM19980522.0900.0257: 0.12437766163797567
VOM19980326.0700.1668: 0.12006186852792561
VOM19980312.0900.3445: 0.11832362948616612
VOM19980312.0900.1896: 0.11832362948616612
VOM19980630.0900.0127: 0.1181038430004268
VOM19980316.0900.2076: 0.11665939972057442
VOM19980312.0900.0360: 0.10924692057518756
VOM19980523.0700.0491: 0.10908431088778345
VOM19980325.0900.2179: 0.10825018614571952
