VOM19980508.0700.0362: 0.2196136147650045
VOM19980510.0730.0001: 0.21055531592042562
VOM19980507.0700.0242: 0.2075609275839011
VOM19980508.0730.0003: 0.20598207903681354
VOM19980508.0900.0007: 0.2049877841783106
VOM19980507.0730.0066: 0.2038281749955186
VOM19980506.0700.0042: 0.20277563852527683
VOM19980509.0730.0027: 0.2024373962418391
VOM19980506.0900.0006: 0.20180165288399535
VOM19980507.0900.0040: 0.19794030234825213
VOM19980510.0700.0040: 0.19773675232911433
VOM19980509.0700.0089: 0.19671924900496685
VOM19980527.0700.0388: 0.18685735965243497
