VOM19980225.0900.0216: 0.272213177505359
VOM19980225.0900.1919: 0.272213177505359
VOM19980222.0700.0448: 0.2498610913369607
VOM19980623.0700.0472: 0.2464625765768356
VOM19980225.0900.0714: 0.24338418541654183
VOM19980316.0900.2774: 0.24100149936461576
VOM19980619.0700.0421: 0.24077170617153842
VOM19980302.0700.0484: 0.23904322742901776
VOM19980221.0700.2087: 0.2374280704869298
VOM19980403.0900.3074: 0.23715872488634132
VOM19980325.0900.0905: 0.23628235808762327
VOM19980225.0700.0221: 0.23618874648666507
VOM19980526.0900.0124: 0.2350520460246484
