VOM19980507.0700.0521: 0.26667567266621256
VOM19980511.0900.0004: 0.2328867228188012
VOM19980511.0730.0003: 0.22899513191820192
VOM19980511.0700.0039: 0.22899513191820192
VOM19980529.0900.0148: 0.20704231062086662
VOM19980529.0730.0148: 0.20406594085807359
VOM19980529.0700.0334: 0.16873560850119307
VOM19980225.0900.2118: 0.1551200574398864
VOM19980225.0900.0421: 0.1551200574398864
VOM19980424.0900.0178: 0.15201784848111902
VOM19980511.0730.0099: 0.15120473716997446
VOM19980301.0700.0168: 0.14995023422317602
VOM19980302.0900.1291: 0.14898943467522446
