VOM19980527.0700.0042: 0.26703560975577234
VOM19980527.0730.0003: 0.24910094751181108
VOM19980226.0900.1367: 0.24689014993892597
VOM19980501.0700.0297: 0.2446750914644598
VOM19980515.0900.0007: 0.2408409972677249
VOM19980524.0730.0061: 0.2394603721730797
VOM19980524.0700.0265: 0.2394603721730797
VOM19980527.0900.0008: 0.23777817717036512
VOM19980312.0900.3403: 0.2337622911060922
VOM19980623.0900.0051: 0.2330840307156992
VOM19980312.0900.1827: 0.23186944788008415
VOM19980317.0900.0330: 0.23002185311411805
VOM19980317.0700.0156: 0.2284160962880643
