VOM19980314.0700.1261: 0.1767938730812772
VOM19980223.0700.1993: 0.14891806120127202
VOM19980403.0900.2349: 0.1481599314426291
VOM19980224.0700.2219: 0.13953495143191771
VOM19980314.0700.0818: 0.13928380027928616
VOM19980303.0700.2491: 0.13553337039630606
VOM19980317.0700.0924: 0.13404925475182747
VOM19980317.0900.0757: 0.13359934248831534
VOM19980220.0900.2138: 0.13328268020023368
VOM19980317.0700.0723: 0.13013955328986765
VOM19980225.0900.1275: 0.12958262636441645
VOM19980225.0900.1029: 0.12893728895495618
VOM19980223.0900.2779: 0.1288177771416209
