VOM19980315.0700.1310: 0.19304788340861617
VOM19980326.0900.0149: 0.1771915043466351
VOM19980226.0900.2900: 0.16839129743681072
VOM19980325.0900.2040: 0.1624029414074895
VOM19980325.0900.0124: 0.15936261167938526
VOM19980624.0730.0254: 0.15888323538066138
VOM19980628.0700.0316: 0.1528174756185758
VOM19980624.0700.0382: 0.14133324361803568
VOM19980506.0900.0257: 0.14034383476845688
VOM19980606.0730.0134: 0.1396122277178829
VOM19980319.0700.0496: 0.13614363248117095
VOM19980508.0700.0452: 0.1329520308201788
VOM19980508.0900.0211: 0.13240388069777267
