VOM19980508.0700.0362: 0.3316880732385365
VOM19980507.0700.0242: 0.32491821664432946
VOM19980510.0730.0001: 0.3246172270321178
VOM19980510.0700.0040: 0.31960997736993224
VOM19980427.0900.0219: 0.3130237546381136
VOM19980507.0730.0066: 0.30658330991377586
VOM19980515.0900.0229: 0.3007159914718233
VOM19980509.0730.0027: 0.3000096004608246
VOM19980508.0730.0003: 0.29841318942364126
VOM19980507.0900.0040: 0.2965286501750038
VOM19980509.0700.0089: 0.2965286501750038
VOM19980527.0700.0388: 0.2965286501750038
VOM19980508.0900.0007: 0.2965286501750038
