VOM19980527.0700.0042: 0.13899854859780278
VOM19980527.0730.0003: 0.13398192160882916
VOM19980515.0900.0007: 0.13338783662707393
VOM19980524.0730.0061: 0.13059042671706808
VOM19980524.0700.0265: 0.13059042671706808
VOM19980527.0900.0008: 0.12758118376214417
VOM19980515.0730.0053: 0.12208682231371916
VOM19980630.0900.0127: 0.1108097887956101
VOM19980403.0900.2121: 0.1091481712735065
VOM19980421.0900.0146: 0.10767659011050455
VOM19980515.0700.0102: 0.10756294628908573
VOM19980403.0700.0489: 0.10556253059783331
VOM19980410.0900.0241: 0.10501565103930639
