VOM19980314.0700.0818: 0.32886214329750296
VOM19980223.0700.1993: 0.3261984008596883
VOM19980314.0700.1261: 0.32497318549430404
VOM19980317.0700.0924: 0.30445110754567295
VOM19980403.0700.0727: 0.3033088418848003
VOM19980403.0900.2349: 0.2976361848195963
VOM19980223.0900.2288: 0.2975989820723182
VOM19980224.0700.2219: 0.29438515211475963
VOM19980319.0700.1102: 0.29169072201498925
VOM19980317.0700.0723: 0.29049173054699434
VOM19980327.0900.0757: 0.290318237125481
VOM19980223.0900.2779: 0.2860833646687978
VOM19980303.0700.2491: 0.285778955326351
