VOM19980301.0700.0393: 0.14357463278713423
VOM19980620.0700.0552: 0.13210864966951177
VOM19980410.0900.0241: 0.13068965491571213
VOM19980627.0700.0572: 0.12766241778370946
VOM19980607.0700.0385: 0.11417127148056884
VOM19980607.0730.0163: 0.11417127148056884
VOM19980220.0700.2814: 0.11364905198849098
VOM19980508.0900.0252: 0.11024557555349265
VOM19980403.0900.0398: 0.10789908414876366
VOM19980610.0700.0539: 0.1061397323134191
VOM19980327.0900.3495: 0.1053655466794473
VOM19980515.0900.0007: 0.10470547498092383
VOM19980224.0900.3022: 0.10331430922341515
