VOM19980410.0900.0241: 0.2173221471977732
VOM19980225.0900.0332: 0.20421871282803172
VOM19980305.0900.1736: 0.19281410879594502
VOM19980326.0900.2164: 0.19251885172722594
VOM19980326.0700.2359: 0.19251885172722594
VOM19980301.0700.0393: 0.1849968970806185
VOM19980526.0730.0229: 0.18444084864196308
VOM19980317.0900.2819: 0.17938785371234064
VOM19980302.0900.0402: 0.1774427901468538
VOM19980227.0900.3069: 0.17706273265936032
VOM19980223.0700.0664: 0.17601439465465724
VOM19980222.0700.2148: 0.17462871037597769
VOM19980404.0700.0406: 0.1728427043371709
